Artibeus_jamaicensis.asc
ncols  804
nrows  378
xllcorner  -74.6418056
yllcorner  17.2248604
cellsize 0.00833333370646766
NODATA_value  -9999
[rows 161 to 183 of 378, columns 676 to 727 of 804]
-9999 -9999 -9999 0.8282750248909 0.832051992416382 0.829497992992401 0.828031003475189 0.828947007656097 0.827835977077484 0.828460991382599 0.831151008605957 0.83043497800827 -9999 -9999 -9999 -9999 -9999 -9999 -9999 -9999 -9999 -9999 -9999 -9999 -9999 -9999 -9999 -9999 -9999 -9999 -9999 -9999 -9999 -9999 -9999 -9999 -9999 -9999 -9999 -9999 -9999 -9999 -9999 -9999 -9999 -9999 -9999 -9999 -9999 -9999 -9999 -9999
0.825766026973724 -9999 -9999 0.822717010974884 0.823262989521027 0.825417995452881 0.829985022544861 0.827123999595642 0.826573014259338 0.826936006546021 0.830605983734131 0.830676019191742 0.826313018798828 -9999 -9999 -9999 -9999 -9999 -9999 -9999 -9999 -9999 -9999 -9999 -9999 -9999 -9999 -9999 -9999 -9999 -9999 -9999 -9999 -9999 -9999 -9999 -9999 -9999 -9999 -9999 -9999 -9999 -9999 -9999 -9999 -9999 -9999 -9999 -9999 -9999 -9999 -9999
0.818597972393036 0.819788992404938 0.815737009048462 0.817811012268066 0.818495988845825 0.827437996864319 0.823491990566254 0.828031003475189 0.823481976985931 0.822277009487152 0.826916992664337 0.828357994556427 0.826313018798828 0.824787974357605 0.823445022106171 -9999 -9999 -9999 -9999 -9999 -9999 -9999 -9999 -9999 -9999 -9999 -9999 -9999 -9999 -9999 -9999 -9999 -9999 -9999 -9999 -9999 -9999 -9999 -9999 -9999 -9999 -9999 -9999 -9999 -9999 -9999 -9999 -9999 -9999 -9999 -9999 -9999
0.811882972717285 0.811141014099121 0.80852597951889 0.80934202671051 0.805791974067688 0.812039017677307 0.80654102563858 0.819064974784851 0.81767201423645 0.818701982498169 0.826797008514404 0.82856297492981 0.825228989124298 0.823750019073486 0.824073016643524 0.822295010089874 -9999 -9999 -9999 -9999 -9999 -9999 -9999 -9999 -9999 -9999 -9999 -9999 -9999 -9999 -9999 -9999 -9999 -9999 -9999 -9999 -9999 -9999 -9999 -9999 -9999 -9999 -9999 -9999 -9999 -9999 -9999 -9999 -9999 -9999 -9999 -9999
0.811927974224091 0.804084002971649 0.804042994976044 0.799576997756958 0.794005990028381 0.795996010303497 0.805975019931793 0.789599001407623 0.818216979503632 0.806729972362518 0.810920000076294 0.832526981830597 0.826597988605499 0.827201008796692 0.824252009391785 0.82327002286911 0.821084022521973 -9999 0.819998025894165 0.82218599319458 0.822118997573853 -9999 -9999 -9999 -9999 -9999 -9999 -9999 -9999 -9999 -9999 -9999 -9999 -9999 -9999 -9999 -9999 -9999 -9999 -9999 -9999 -9999 -9999 -9999 -9999 -9999 -9999 -9999 -9999 -9999 -9999 -9999
0.803966999053955 0.802730977535248 0.799655973911285 0.794849991798401 0.787891983985901 0.785562992095947 0.792366027832031 0.801400005817413 0.8089320063591 0.793380975723267 0.764392018318176 0.781647980213165 0.824829995632172 0.819015026092529 0.82581102848053 0.821936011314392 0.82074499130249 0.81910502910614 0.819859981536865 0.819860994815826 0.819918990135193 0.819932997226715 0.819730997085571 -9999 -9999 -9999 -9999 -9999 -9999 -9999 -9999 -9999 -9999 -9999 -9999 -9999 -9999 -9999 -9999 -9999 -9999 -9999 -9999 -9999 -9999 -9999 -9999 -9999 -9999 -9999 -9999 -9999
0.799286007881165 0.795570015907288 0.78967297077179 0.778710007667542 0.785592019557953 0.785939991474152 0.796827018260956 0.793681979179382 0.800953984260559 0.755316019058228 0.769110023975372 0.759878993034363 0.792650997638702 0.822613000869751 0.820582985877991 0.822815001010895 0.816999018192291 0.816861987113953 0.816863000392914 0.815190017223358 0.816434979438782 0.818004012107849 0.817400991916656 0.817000985145569 0.818029999732971 0.821258008480072 0.819244980812073 -9999 -9999 -9999 -9999 -9999 -9999 -9999 -9999 -9999 -9999 -9999 -9999 -9999 -9999 -9999 -9999 -9999 -9999 -9999 -9999 -9999 -9999 -9999 -9999 -9999
0.794106006622314 0.785820007324219 0.777962982654572 0.77632600069046 0.781018018722534 0.789608001708984 0.796498000621796 0.801504015922546 0.799251019954681 0.808058023452759 0.775722026824951 0.799775004386902 0.829578995704651 0.819254994392395 0.816394984722137 0.818271994590759 0.813360989093781 0.815331995487213 0.813835978507996 0.810921013355255 0.814090013504028 0.811949014663696 0.814831018447876 0.817496001720428 0.817983984947205 0.819355010986328 0.819242000579834 0.819073975086212 0.815495014190674 -9999 -9999 -9999 -9999 -9999 -9999 -9999 -9999 -9999 -9999 -9999 -9999 -9999 -9999 -9999 -9999 -9999 -9999 -9999 -9999 -9999 -9999 -9999
0.79067200422287 0.786350011825562 0.780273020267487 0.778991997241974 0.775978028774261 0.787344992160797 0.793641984462738 0.795700013637543 0.792451977729797 0.788527011871338 0.808781981468201 0.805714011192322 0.821263015270233 0.809823989868164 0.800251007080078 0.807897984981537 0.801068007946014 0.811434984207153 0.806734979152679 0.807085990905762 0.806451976299286 0.807318985462189 0.812860012054443 0.81256502866745 0.815030992031097 0.814409971237183 0.814692974090576 0.816348016262054 0.816766977310181 0.816796004772186 0.81514698266983 0.815680980682373 -9999 -9999 -9999 -9999 -9999 -9999 -9999 -9999 -9999 -9999 -9999 -9999 -9999 -9999 -9999 -9999 -9999 -9999 -9999 -9999
0.789254009723663 0.784411013126373 0.777903974056244 0.776257991790771 0.783192992210388 0.774354994297028 0.779917001724243 0.780062019824982 0.783592998981476 0.789889991283417 0.778035998344421 0.730544984340668 0.787304997444153 0.806451022624969 0.805348992347717 0.792164027690887 0.794216990470886 0.810759007930756 0.806487023830414 0.807381987571716 0.805504024028778 0.809201002120972 0.808483004570007 0.810743987560272 0.816901981830597 0.815675973892212 0.813540995121002 0.815155982971191 0.815694987773895 0.817282021045685 0.817704021930695 0.81554102897644 0.815954983234406 -9999 -9999 -9999 -9999 -9999 -9999 -9999 -9999 -9999 -9999 -9999 -9999 -9999 -9999 -9999 -9999 -9999 -9999 -9999
0.762623012065887 0.771474003791809 0.770022988319397 0.765336990356445 0.763836979866028 0.748256981372833 0.767808973789215 0.769890010356903 0.762890994548798 0.747474014759064 0.666504979133606 0.72316300868988 0.705676972866058 0.766010999679565 0.788888990879059 0.760295987129211 0.746191024780273 0.787374973297119 0.811712026596069 0.813250005245209 0.804444015026093 0.806351006031036 0.804880023002625 0.807501971721649 0.808999001979828 0.803452014923096 0.8038449883461 0.808197021484375 0.809180021286011 0.811103999614716 0.81054699420929 0.814607977867126 0.816861987113953 0.815488994121552 0.814078986644745 -9999 -9999 -9999 -9999 -9999 -9999 -9999 -9999 -9999 -9999 -9999 -9999 -9999 -9999 -9999 -9999 -9999
0.764467000961304 0.755340993404388 0.738220989704132 0.763571977615356 0.73717600107193 0.758710026741028 0.746169984340668 0.762916028499603 0.738013982772827 0.702565014362335 0.709704995155334 0.688201010227203 0.735472977161407 0.771211981773376 0.736621975898743 0.695595026016235 0.739252984523773 0.72597998380661 0.796800017356873 0.798955023288727 0.801171004772186 0.798999011516571 0.796199977397919 0.78908097743988 0.792756974697113 0.793678998947144 0.789188981056213 0.800728023052216 0.795521020889282 0.806684017181396 0.802078008651733 0.807416975498199 0.815670013427734 0.817734003067017 0.815123975276947 0.812461018562317 -9999 -9999 -9999 -9999 -9999 -9999 -9999 -9999 -9999 -9999 -9999 -9999 -9999 -9999 -9999 -9999
0.769397974014282 0.719792008399963 0.72699898481369 0.746407985687256 0.751124978065491 0.743331015110016 0.746399998664856 0.741702973842621 0.712348997592926 0.693790018558502 0.698252975940704 0.694262027740479 0.763294994831085 0.745670020580292 0.701034009456635 0.70737099647522 0.755136013031006 0.682389974594116 0.772107005119324 0.785839021205902 0.7967249751091 0.788532972335815 0.786099016666412 0.767606973648071 0.780669987201691 0.780722975730896 0.782136023044586 0.782907009124756 0.787045001983643 0.778967976570129 0.816326022148132 0.794682025909424 0.813099026679993 0.814898014068604 0.8177769780159 0.813598990440369 0.810334980487823 0.813520014286041 -9999 -9999 -9999 -9999 -9999 -9999 -9999 -9999 -9999 -9999 -9999 -9999 -9999 -9999
0.752417981624603 0.688501000404358 0.731567978858948 0.72700297832489 0.738515019416809 0.728290021419525 0.725288987159729 0.734251022338867 0.701912999153137 0.691865980625153 0.720382988452911 0.686161994934082 0.752573013305664 0.736903011798859 0.677245020866394 0.637039005756378 0.692873001098633 0.594725012779236 0.732796013355255 0.774402022361755 0.80432802438736 0.774168014526367 0.771443009376526 0.763231992721558 0.772247016429901 0.779928028583527 0.783017992973328 0.775180995464325 0.783824980258942 0.780601024627686 0.798475980758667 0.799564003944397 0.81308501958847 0.817717015743256 0.818180024623871 0.814776003360748 0.813751995563507 0.812569975852966 0.811151027679443 -9999 -9999 -9999 -9999 -9999 -9999 -9999 -9999 -9999 -9999 -9999 -9999 -9999
0.680344998836517 0.697102010250092 0.65614902973175 0.718455970287323 0.724745988845825 0.736195027828217 0.700685024261475 0.660449028015137 0.591916978359222 0.635205984115601 0.700762987136841 0.674986004829407 0.598994016647339 0.704864978790283 0.657294988632202 0.656781017780304 0.647029995918274 0.460153013467789 0.491914987564087 0.657168984413147 0.775870978832245 0.779564023017883 0.771951973438263 0.769584000110626 0.75280499458313 0.758462011814117 0.755842983722687 0.77282702922821 0.779581010341644 0.794117987155914 0.797237992286682 0.78882497549057 0.794845998287201 0.812596023082733 0.817241013050079 0.812431991100311 0.812003016471863 0.816096007823944 0.810868978500366 0.810447990894318 -9999 -9999 -9999 -9999 -9999 -9999 -9999 -9999 -9999 -9999 -9999 -9999
0.708817005157471 0.684165000915527 0.600028991699219 0.65767502784729 0.672823011875153 0.689644992351532 0.622846007347107 0.589712977409363 0.649850010871887 0.60393899679184 0.56927901506424 0.490689992904663 0.441960006952286 0.370876997709274 0.590452015399933 0.633023023605347 0.55936598777771 0.595368981361389 0.453877985477448 0.603951990604401 0.706636011600494 0.77972000837326 0.779547989368439 0.758396029472351 0.749787986278534 0.766475975513458 0.776144027709961 0.762278020381927 0.785292029380798 0.793115973472595 0.798542022705078 0.788091003894806 0.789399981498718 0.776567995548248 0.818521022796631 0.818910002708435 0.812554001808167 0.808574020862579 0.811819970607758 0.807237029075623 0.810747027397156 -9999 -9999 -9999 -9999 -9999 -9999 -9999 -9999 -9999 -9999 -9999
0.698131024837494 0.600839972496033 0.66866797208786 0.656786024570465 0.623238980770111 0.625398993492126 0.657710015773773 0.697242975234985 0.668133974075317 0.662423014640808 0.533297002315521 0.614959001541138 0.618453979492188 0.518635988235474 0.238516002893448 0.546365022659302 0.556936025619507 0.49201300740242 0.564734995365143 0.524761974811554 0.678793013095856 0.718913018703461 0.786469995975494 0.734408974647522 0.784079015254974 0.796589970588684 0.784093022346497 0.789188981056213 0.778545022010803 0.789752006530762 0.7985720038414 0.798979997634888 0.787746012210846 0.788757026195526 0.785835027694702 0.817089974880219 0.81842702627182 0.809158027172089 0.808117985725403 0.808102011680603 0.808089017868042 0.806389987468719 -9999 -9999 -9999 -9999 -9999 -9999 -9999 -9999 -9999 -9999
0.581843972206116 0.607883989810944 0.584053993225098 0.474739998579025 0.549830973148346 0.605561017990112 0.589035987854004 0.697126984596252 0.7012619972229 0.622812986373901 0.640136003494263 0.61750602722168 0.572017014026642 0.509339988231659 0.658297002315521 0.357861012220383 0.356763005256653 0.570150971412659 0.534398019313812 0.521872997283936 0.669009983539581 0.589578986167908 0.766584992408752 0.752165973186493 0.778737008571625 0.776772975921631 0.782339990139008 0.793587028980255 0.784493982791901 0.789781987667084 0.791110992431641 0.796074986457825 0.790526986122131 0.789128005504608 0.786612987518311 0.811277985572815 0.82160097360611 0.810612976551056 0.811577975749969 0.811842024326324 0.807148993015289 0.805258989334106 0.806392014026642 -9999 -9999 -9999 -9999 -9999 -9999 -9999 -9999 -9999
0.448801010847092 0.487794995307922 0.597177982330322 0.469049006700516 0.584859013557434 0.692891001701355 0.634186029434204 0.534987986087799 0.685503005981445 0.670167028903961 0.619857013225555 0.627824008464813 0.601270973682404 0.631610989570618 0.512063980102539 0.474514991044998 0.571707010269165 0.629468023777008 0.681864976882935 0.564094007015228 0.690891981124878 0.613255977630615 0.679928004741669 0.784718990325928 0.747929990291595 0.759001016616821 0.770642995834351 0.773526012897491 0.792563021183014 0.775228977203369 0.790952980518341 0.791500985622406 0.793596982955933 0.784559011459351 0.791814029216766 0.788718998432159 0.810209989547729 0.815694987773895 0.808556973934174 0.815195024013519 0.812205016613007 0.805894017219543 0.804898023605347 0.806155025959015 -9999 -9999 -9999 -9999 -9999 -9999 -9999 -9999
0.600445985794067 0.605381011962891 0.63681697845459 0.629974007606506 0.595399975776672 0.675384998321533 0.65829598903656 0.574021995067596 0.596687972545624 0.684319972991943 0.643956005573273 0.68128502368927 0.641587972640991 0.622783005237579 0.61727499961853 0.582822024822235 0.549332022666931 0.627857983112335 0.559340000152588 0.599618971347809 0.70532101392746 0.678501009941101 0.583855986595154 0.774689972400665 0.759793996810913 0.772544980049133 0.787506997585297 0.781497001647949 0.75925201177597 0.788787007331848 0.781688988208771 0.784228980541229 0.791190028190613 0.791248023509979 0.785243988037109 0.786239981651306 0.792675018310547 0.807927012443542 0.816307008266449 0.798775017261505 0.808064997196198 0.806886970996857 0.8038529753685 0.804059028625488 0.804476022720337 -9999 -9999 -9999 -9999 -9999 -9999 -9999
0.642176985740662 0.619810998439789 0.714953005313873 0.56893402338028 0.664288997650146 0.664075016975403 0.622725009918213 0.655281007289886 0.558161973953247 0.680078983306885 0.691002011299133 0.653391003608704 0.663793981075287 0.670144975185394 0.694586992263794 0.686846017837524 0.640236020088196 0.611196994781494 0.64555299282074 0.632784008979797 0.639367997646332 0.668937981128693 0.50093400478363 0.691314995288849 0.751914978027344 0.755438983440399 0.791608989238739 0.781022012233734 0.773230016231537 0.783456981182098 0.77707302570343 0.78431499004364 0.77880597114563 0.78999400138855 0.789467990398407 0.782486021518707 0.791275024414063 0.79374098777771 0.817809998989105 0.810169994831085 0.799890995025635 0.811511993408203 0.805984973907471 0.802532017230988 0.802784025669098 0.802915990352631 -9999 -9999 -9999 -9999 -9999 -9999
0.660672008991241 0.616994976997375 0.702095985412598 0.680873990058899 0.674022018909454 0.713855028152466 0.632808983325958 0.604808986186981 0.591741025447845 0.649222016334534 0.693701982498169 0.57347297668457 0.695418000221252 0.697200000286102 0.687758982181549 0.675302982330322 0.685935974121094 0.673313021659851 0.665248990058899 0.684177994728088 0.633953988552094 0.577548027038574 0.560059010982513 0.50297600030899 0.711881995201111 0.670090973377228 0.651769995689392 0.777520000934601 0.770335018634796 0.771354973316193 0.77319598197937 0.784970998764038 0.786287009716034 0.788339972496033 0.780503988265991 0.777857005596161 0.792684972286224 0.789448022842407 0.80186802148819 0.812110006809235 0.805945992469788 0.802860975265503 0.807223975658417 0.802790999412537 0.801756024360657 0.801338970661163 0.800311028957367 -9999 -9999 -9999 -9999 -9999
0.688171029090881 0.702720999717712 0.713301002979279 0.681926012039185 0.697251975536346 0.734510004520416 0.710771024227142 0.699257016181946 0.696121990680695 0.67960399389267 0.654573976993561 0.669983983039856 0.655449986457825 0.718200981616974 0.714550018310547 0.698280990123749 0.694289982318878 0.695689022541046 0.686276972293854 0.654579997062683 0.641125977039337 0.597342014312744 0.577894985675812 0.455413013696671 0.662258982658386 0.662437975406647 0.687565982341766 0.545211017131805 0.754697024822235 0.755472004413605 0.755560994148254 0.770273983478546 0.73530900478363 0.775855004787445 0.777408003807068 0.772534012794495 0.782364010810852 0.785920023918152 0.790494024753571 0.794902980327606 0.810904979705811 0.796974003314972 0.800615012645721 0.802137017250061 0.799130022525787 0.799603998661041 0.797957003116608 -9999 -9999 -9999 -9999 -9999
