Artibeus_jamaicensis.asc
ncols  804
nrows  378
xllcorner  -74.6418056
yllcorner  17.2248604
cellsize 0.00833333370646766
NODATA_value  -9999
[rows 207 to 229 of 378, columns 520 to 571 of 804]
0.436735987663269 0.483806014060974 0.419229000806808 0.399084985256195 0.155387997627258 0.0976615995168686 0.552061021327972 0.594291985034943 0.59130197763443 0.614691019058228 0.487394988536835 0.585030972957611 0.697862029075623 0.683701992034912 0.694764018058777 0.670913994312286 0.652499973773956 0.675495028495789 0.647731006145477 0.655771017074585 0.676792025566101 0.619104981422424 0.651206016540527 0.444283992052078 0.662319004535675 0.52861100435257 0.714212000370026 0.675323009490967 0.733036994934082 0.725417017936707 0.739284992218018 0.720160007476807 0.765847027301788 0.721714973449707 0.777581989765167 0.687350988388062 0.782607018947601 0.747196018695831 0.804633021354675 0.812961995601654 0.807982981204987 0.780736982822418 0.829361975193024 0.832506000995636 0.841494023799896 0.842737019062042 0.845188975334167 0.843300998210907 0.84161102771759 0.842622995376587 0.849074006080627 0.850340008735657
0.460563004016876 0.484279006719589 0.445690989494324 0.195535004138947 0.225541993975639 0.299775987863541 0.437932997941971 0.517931997776031 0.645790994167328 0.627065002918243 0.599345028400421 0.625780999660492 0.707126021385193 0.689408004283905 0.705578982830048 0.689931988716125 0.652221977710724 0.67672199010849 0.684903025627136 0.689706027507782 0.672043979167938 0.677363991737366 0.700910985469818 0.625140011310577 0.478442996740341 0.73063999414444 0.548887014389038 0.720350980758667 0.734359979629517 0.760514974594116 0.761144995689392 0.720611989498138 0.745462000370026 0.725171983242035 0.773383021354675 0.772094011306763 0.730273008346558 0.790647983551025 0.819782018661499 0.804459989070892 0.821559011936188 0.816904008388519 0.822135984897614 0.836068987846375 0.839522004127502 0.8386390209198 0.842846989631653 0.84399002790451 0.841117024421692 0.839356005191803 0.849295020103455 0.849144995212555
0.422574996948242 0.428705990314484 0.302120000123978 0.428838014602661 0.379525005817413 0.324692010879517 0.44769299030304 0.533492982387543 0.634799003601074 0.649074018001556 0.596671998500824 0.566267013549805 0.724663019180298 0.721324980258942 0.706120014190674 0.704594016075134 0.666849970817566 0.674133002758026 0.707077980041504 0.722681999206543 0.719070017337799 0.69896399974823 0.689101994037628 0.696223020553589 0.664417028427124 0.516193985939026 0.726435005664825 0.701148986816406 0.785277009010315 0.771944999694824 0.769819021224976 0.742730021476746 0.767701983451843 0.770348012447357 0.769388973712921 0.805463016033173 0.810940980911255 0.808870017528534 0.795051991939545 0.81868302822113 0.823607981204987 0.826274991035461 0.828603029251099 0.830071985721588 0.833908975124359 0.83952397108078 0.840454995632172 0.839623987674713 0.840196013450623 0.842094004154205 0.846866011619568 0.844699025154114
0.386326998472214 0.415405988693237 0.334194004535675 0.255383998155594 0.349424988031387 0.437521010637283 0.551253020763397 0.610540986061096 0.566477000713348 0.624423980712891 0.602816998958588 0.669354975223541 0.709465980529785 0.73970502614975 0.733711004257202 0.703863978385925 0.708370983600616 0.669218003749847 0.734090983867645 0.746626973152161 0.715551018714905 0.714613020420074 0.712402999401093 0.680088996887207 0.722904980182648 0.720782995223999 0.638303995132446 0.781831026077271 0.768617987632751 0.789849996566772 0.771395027637482 0.776033997535706 0.76979798078537 0.795171976089478 0.790691018104553 0.78982800245285 0.79510098695755 0.794650018215179 0.806786000728607 0.816864013671875 0.825546026229858 0.828171014785767 0.82548999786377 0.82853102684021 0.829823970794678 0.839851021766663 0.836018025875092 0.837180972099304 0.838216006755829 0.84723299741745 0.843143999576569 0.842703998088837
0.370438992977142 0.328177005052567 0.394692003726959 0.408055990934372 0.287420004606247 0.297026991844177 0.505062997341156 0.632884979248047 0.627623975276947 0.612093985080719 0.701726973056793 0.725336015224457 0.731519997119904 0.707427978515625 0.732100009918213 0.73063999414444 0.720628976821899 0.7170689702034 0.706376016139984 0.718433976173401 0.758494973182678 0.748700022697449 0.728980004787445 0.746361970901489 0.687785983085632 0.77531898021698 0.778550028800964 0.753956019878387 0.796808004379272 0.780466973781586 0.787850022315979 0.792932987213135 0.788429975509644 0.796599984169006 0.787434995174408 0.799876987934113 0.790669977664948 0.785025000572205 0.798250019550323 0.813449025154114 0.822551012039185 0.825999021530151 0.832098007202148 0.825640976428986 0.829751014709473 0.829514026641846 0.83499401807785 0.834010004997253 0.844972014427185 0.838891983032227 0.846655011177063 0.842903017997742
0.423027008771896 0.40361699461937 0.452154994010925 0.433744013309479 0.451025992631912 0.488833993673325 0.412564992904663 0.560675978660583 0.592581987380981 0.616724014282227 0.598546981811523 0.691049993038177 0.723419010639191 0.725495994091034 0.72824901342392 0.74864399433136 0.736618995666504 0.729896008968353 0.736226975917816 0.749960005283356 0.758086979389191 0.768137991428375 0.7622389793396 0.751689970493317 0.769737005233765 0.749978005886078 0.7968710064888 0.799719989299774 0.779003977775574 0.797855973243713 0.79542601108551 0.796389997005463 0.791904985904694 0.786674022674561 0.794059991836548 0.791503012180328 0.789466977119446 0.786586999893188 0.78899097442627 0.812195003032684 0.824082970619202 0.830946028232574 0.829721987247467 0.83126300573349 0.832660973072052 0.829259991645813 0.833262026309967 0.831462979316711 0.838509976863861 0.843729972839355 0.839676022529602 0.843118011951447
0.408639013767242 0.395801991224289 0.457635998725891 0.481243997812271 0.526314973831177 0.510250985622406 0.366118013858795 0.502954006195068 0.556970000267029 0.584765017032623 0.574617981910706 0.673193991184235 0.729830026626587 0.738431990146637 0.736733973026276 0.750468015670776 0.752725005149841 0.744961023330688 0.7447509765625 0.752286970615387 0.759940028190613 0.770206987857819 0.783115029335022 0.773434996604919 0.779986977577209 0.757484018802643 0.777101993560791 0.800170004367828 0.77743798494339 0.782815992832184 0.802084982395172 0.803474009037018 0.790190994739532 0.782724022865295 0.789214015007019 0.792048990726471 0.789089977741241 0.787240028381348 0.782570004463196 0.803731977939606 0.81878399848938 0.825491011142731 0.830738008022308 0.831562995910645 0.829023003578186 0.827759981155396 0.835021018981934 0.837446987628937 0.833269000053406 0.843899011611938 0.837710022926331 0.844731986522675
0.285946011543274 0.426690012216568 0.357540994882584 0.358393013477325 0.367460995912552 0.493851989507675 0.558161020278931 0.570625007152557 0.567270994186401 0.537690997123718 0.627195000648499 0.525902986526489 0.660296976566315 0.68452000617981 0.728402018547058 0.740123987197876 0.753513991832733 0.751806974411011 0.749181985855103 0.764409005641937 0.755945026874542 0.762861013412476 0.767557978630066 0.795220971107483 0.787091016769409 0.795424997806549 0.782566010951996 0.790895998477936 0.780856013298035 0.793283998966217 0.801845014095306 0.796168029308319 0.793403029441833 0.788299024105072 0.784529983997345 0.792724013328552 0.788991987705231 0.790241003036499 0.784880995750427 0.794425010681152 0.816685974597931 0.820994019508362 0.829559981822968 0.830729007720947 0.832594990730286 0.828917026519775 0.829222977161407 0.839924991130829 0.840574026107788 0.836929023265839 0.838069975376129 0.839798986911774
0.219621002674103 0.335152000188828 0.423642992973328 0.381808012723923 0.427951991558075 0.399924010038376 0.5485600233078 0.627254009246826 0.622492015361786 0.651997983455658 0.5382159948349 0.550046026706696 0.475735008716583 0.655434012413025 0.732353985309601 0.726282000541687 0.762005984783173 0.761852979660034 0.759060025215149 0.754046976566315 0.753840982913971 0.754486978054047 0.757945001125336 0.776512026786804 0.783652007579803 0.792755007743835 0.796931028366089 0.797043025493622 0.804405987262726 0.803421974182129 0.806643009185791 0.8038529753685 0.792609989643097 0.787688016891479 0.786951005458832 0.785405993461609 0.793968021869659 0.788715004920959 0.791454970836639 0.789856970310211 0.809035003185272 0.822808980941772 0.821919977664948 0.827614009380341 0.824009001255035 0.830034971237183 0.829086005687714 0.83162397146225 0.839357018470764 0.836814999580383 0.837010025978088 0.834353029727936
0.485155999660492 0.397069990634918 0.438946008682251 0.407590001821518 0.43172898888588 0.586928009986877 0.560360014438629 0.508495986461639 0.579129993915558 0.532804012298584 0.586739003658295 0.534296989440918 0.566959977149963 0.666579008102417 0.679314017295837 0.723204970359802 0.745998978614807 0.768423974514008 0.758063018321991 0.751938998699188 0.759966015815735 0.724969029426575 0.771817982196808 0.770335018634796 0.78847998380661 0.795162975788116 0.791143000125885 0.786176979541779 0.788783013820648 0.80078798532486 0.800153017044067 0.810566008090973 0.812045991420746 0.799103021621704 0.796837985515594 0.794095993041992 0.788037002086639 0.789196014404297 0.791970014572144 0.789544999599457 0.801096022129059 0.814621984958649 0.82660299539566 0.827067017555237 0.825164020061493 0.824891984462738 0.82267701625824 0.833171010017395 0.833119988441467 0.837476015090942 0.836130023002625 0.834873974323273
0.436515003442764 0.4444560110569 0.496717989444733 0.484488993883133 0.549829006195068 0.556080996990204 0.562651991844177 0.61173802614212 0.549673974514008 0.600022971630096 0.449744999408722 0.475755989551544 0.67290997505188 0.718999028205872 0.732742011547089 0.747425973415375 0.766196012496948 0.767844974994659 0.7639240026474 0.756718993186951 0.748263001441956 0.764725029468536 0.749107003211975 0.782970011234283 0.784739017486572 0.790251970291138 0.791754007339478 0.797260999679565 0.800502002239227 0.801401019096375 0.802228987216949 0.792663991451263 0.802031993865967 0.799817025661469 0.800145983695984 0.80062997341156 0.796012997627258 0.789965987205505 0.790036022663116 0.788218021392822 0.791467010974884 0.805877983570099 0.817991971969604 0.82609897851944 0.825500011444092 0.822416007518768 0.821232974529266 0.821699976921082 0.831510007381439 0.831528007984161 0.831849992275238 0.830887019634247
0.36811700463295 0.513194024562836 0.312036007642746 0.42441201210022 0.563124001026154 0.579216003417969 0.633051991462708 0.625856995582581 0.624987006187439 0.611271023750305 0.529702007770538 0.587406992912292 0.647171020507813 0.60147500038147 0.628265976905823 0.687256991863251 0.753270983695984 0.757533013820648 0.759967982769012 0.762094020843506 0.761565983295441 0.767364025115967 0.771957993507385 0.786197006702423 0.787550985813141 0.796908020973206 0.798573970794678 0.799539983272552 0.803456008434296 0.800565004348755 0.805390000343323 0.810733020305634 0.809807002544403 0.808516025543213 0.811187028884888 0.805464029312134 0.799131989479065 0.797339022159576 0.794430017471313 0.794305980205536 0.791921973228455 0.797776997089386 0.808861017227173 0.821839988231659 0.822112023830414 0.816233992576599 0.815062999725342 0.817448019981384 0.826686978340149 0.829397976398468 0.82949298620224 0.828122019767761
0.426807999610901 0.365543991327286 0.519577026367188 0.394849985837936 0.480414003133774 0.500177025794983 0.559809982776642 0.581261992454529 0.597878992557526 0.60496598482132 0.560512006282806 0.689372003078461 0.665642976760864 0.660615980625153 0.594335973262787 0.585803985595703 0.72468101978302 0.763650000095367 0.750101983547211 0.756304025650024 0.777276992797852 0.771660983562469 0.777563989162445 0.788591980934143 0.791934013366699 0.790470004081726 0.795781016349792 0.796938002109528 0.79110199213028 0.803272008895874 0.799135029315948 0.805326998233795 0.806891977787018 0.805221021175385 0.804235994815826 0.80401200056076 0.797843992710114 0.795060992240906 0.798412978649139 0.79720401763916 0.796284019947052 0.795253992080688 0.807246029376984 0.816608011722565 0.820213973522186 0.816003978252411 0.814203977584839 0.815128982067108 0.823853015899658 0.830815017223358 0.830956995487213 0.828518986701965
0.346655994653702 0.397899985313416 0.47597199678421 0.458308011293411 0.50434798002243 0.482300996780396 0.516591012477875 0.559153974056244 0.623681008815765 0.492329001426697 0.640267014503479 0.686789989471436 0.672644019126892 0.627512991428375 0.669637978076935 0.667883992195129 0.704698026180267 0.734570026397705 0.767664015293121 0.767893016338348 0.782415986061096 0.77367502450943 0.787126004695892 0.791485011577606 0.788900971412659 0.788213014602661 0.787410974502563 0.787850022315979 0.790241003036499 0.793994009494781 0.804090023040771 0.81011700630188 0.807124972343445 0.802184998989105 0.795386016368866 0.79848301410675 0.804958999156952 0.795617997646332 0.7987220287323 0.804867029190063 0.798511981964111 0.803780972957611 0.798296988010406 0.811334013938904 0.815001010894775 0.810320973396301 0.81148898601532 0.811296999454498 0.825519979000092 0.825923025608063 0.82581901550293 0.824764013290405
0.536291003227234 0.447914987802505 0.48005399107933 0.479391008615494 0.565720975399017 0.582424998283386 0.60614800453186 0.631184995174408 0.59627902507782 0.582013010978699 0.613963007926941 0.71771502494812 0.706009984016418 0.638707995414734 0.705016016960144 0.61378800868988 0.696680009365082 0.716028988361359 0.739282011985779 0.753089010715485 0.771911025047302 0.7865030169487 0.787280976772308 0.793377995491028 0.793896019458771 0.796014010906219 0.795329988002777 0.781691014766693 0.782685995101929 0.787054002285004 0.794596016407013 0.799116015434265 0.794571995735168 0.788551986217499 0.800592005252838 0.802679002285004 0.804058015346527 0.808519005775452 0.81275999546051 0.820649981498718 0.81189501285553 0.802242994308472 0.802233994007111 0.799605011940002 0.802856028079987 0.804364025592804 0.808466970920563 0.813512027263641 0.818611025810242 0.820863008499146 0.815861999988556 0.818310976028442
0.547832012176514 0.58195698261261 0.506456017494202 0.59689599275589 0.555146992206573 0.552016019821167 0.626419007778168 0.636479020118713 0.665678024291992 0.694118022918701 0.688144028186798 0.675651013851166 0.680361986160278 0.695699989795685 0.640842020511627 0.721437990665436 0.688669979572296 0.699521005153656 0.721939027309418 0.741603016853333 0.754803001880646 0.779352009296417 0.785417020320892 0.782750010490417 0.780448973178864 0.796157002449036 0.785113990306854 0.782208979129791 0.777216970920563 0.780530989170074 0.7933229804039 0.799461007118225 0.79746401309967 0.790443003177643 0.798753023147583 0.800736010074615 0.808364987373352 0.811905980110168 0.81342601776123 0.816707015037537 0.821069002151489 0.806448996067047 0.80339902639389 0.806756019592285 0.80417400598526 0.800274014472961 0.803282022476196 0.80950802564621 0.812664985656738 0.808039009571075 0.812685012817383 0.80079597234726
0.463687986135483 0.451674997806549 0.540728986263275 0.615881979465485 0.535255014896393 0.586238980293274 0.664776027202606 0.680464029312134 0.657967984676361 0.661229014396667 0.710651993751526 0.699000000953674 0.670702993869781 0.703728973865509 0.657761991024017 0.721167981624603 0.678035020828247 0.724084973335266 0.772100985050201 0.776950001716614 0.772657990455627 0.758625984191895 0.77359801530838 0.788264989852905 0.764073014259338 0.786365985870361 0.796113014221191 0.782387971878052 0.777261018753052 0.780282020568848 0.787975013256073 0.790288984775543 0.784758985042572 0.780335009098053 0.781215012073517 0.797450006008148 0.807429015636444 0.817398011684418 0.816155016422272 0.817209005355835 0.813019990921021 0.802712976932526 0.79985898733139 0.798106014728546 0.791682004928589 0.798202991485596 0.804123997688293 0.805409014225006 0.808031976222992 0.803997993469238 0.798341989517212 0.792685985565186
0.427605003118515 0.219459995627403 0.273582994937897 0.494305998086929 0.519724011421204 0.527279019355774 0.521229028701782 0.555881023406982 0.681631028652191 0.711151003837585 0.721598982810974 0.728640019893646 0.71798300743103 0.690213978290558 0.71338301897049 0.713065981864929 0.700977981090546 0.705196976661682 0.733488023281097 0.743826985359192 0.778550028800964 0.767521977424622 0.778935015201569 0.774374008178711 0.786359012126923 0.800118982791901 0.804141998291016 0.784044981002808 0.78584498167038 0.781340003013611 0.796540975570679 0.79697597026825 0.782670974731445 0.77836400270462 0.772809982299805 0.783935010433197 0.798779010772705 0.806666970252991 0.806600987911224 0.810289025306702 0.806491017341614 0.804821014404297 0.793017029762268 0.790953993797302 0.790629982948303 0.796202003955841 0.793111026287079 0.798723995685577 0.800819993019104 0.80604100227356 0.788326025009155 0.797706007957458
0.179223001003265 0.390792012214661 0.187821999192238 0.165259003639221 0.375544011592865 0.375245004892349 0.548717021942139 0.499186009168625 0.498338997364044 0.633394002914429 0.637540996074677 0.6997309923172 0.722298979759216 0.643932998180389 0.704378008842468 0.69641500711441 0.639141976833344 0.736675977706909 0.756398975849152 0.743893980979919 0.75493997335434 0.765591979026794 0.773073017597198 0.794582009315491 0.798403978347778 0.808233022689819 0.809907019138336 0.79440701007843 0.786249995231628 0.781521022319794 0.791356980800629 0.793160021305084 0.786868989467621 0.781512022018433 0.773406982421875 0.776455998420715 0.789273977279663 0.800359010696411 0.805612027645111 0.79986298084259 0.796875 0.791510999202728 0.79994398355484 0.801011025905609 0.80375200510025 0.801738977432251 0.808324992656708 0.811034023761749 0.821274995803833 0.820381999015808 0.799769997596741 0.806096971035004
0.164860993623734 0.133047997951508 0.342545002698898 0.321875989437103 0.16838900744915 0.328184992074966 0.522310018539429 0.48165100812912 0.428189992904663 0.487134009599686 0.57794201374054 0.570168972015381 0.615037977695465 0.718389987945557 0.746753990650177 0.697489976882935 0.729781985282898 0.730009973049164 0.7671759724617 0.771363973617554 0.748315989971161 0.762602984905243 0.774515986442566 0.781256973743439 0.803449988365173 0.80348801612854 0.796792984008789 0.798493981361389 0.795135021209717 0.787329018115997 0.784762978553772 0.793824970722198 0.791445016860962 0.782797992229462 0.776096999645233 0.771435976028442 0.776552975177765 0.791072010993958 0.793359994888306 0.796984970569611 0.796320021152496 0.794584989547729 0.801400005817413 0.802362978458405 0.810553014278412 0.813364028930664 0.818589985370636 0.819921970367432 0.821031987667084 0.82166600227356 0.804432988166809 0.810030996799469
0.564271986484528 0.0742020010948181 0.226290002465248 0.276845008134842 0.33560699224472 0.247994005680084 0.500494003295898 0.605817973613739 0.482876002788544 0.621581017971039 0.657527029514313 0.654435992240906 0.62406599521637 0.526255011558533 0.634298026561737 0.664083003997803 0.763544976711273 0.760820984840393 0.658190011978149 0.663257002830505 0.79032701253891 0.768320024013519 0.773580014705658 0.775690019130707 0.781112015247345 0.796796023845673 0.807141005992889 0.795517981052399 0.799875974655151 0.789089977741241 0.791198015213013 0.789306998252869 0.784554004669189 0.78089302778244 0.776965022087097 0.768909990787506 0.772472023963928 0.777638971805573 0.78361302614212 0.790147006511688 0.802227020263672 0.808750987052917 0.808116018772125 0.815066993236542 0.812806010246277 0.825233995914459 0.826721012592316 0.829537987709045 0.827230989933014 0.818975985050201 0.80671501159668 0.814584016799927
0.29865100979805 0.493936002254486 0.175325006246567 0.21442499756813 0.237535998225212 0.475522011518478 0.433611005544662 0.597517013549805 0.495644986629486 0.473944008350372 0.637924015522003 0.640266001224518 0.612978994846344 0.701085984706879 0.640586018562317 0.703603982925415 0.70304799079895 0.731634020805359 0.756030976772308 0.738671004772186 0.676899015903473 0.765200018882751 0.769024014472961 0.769711971282959 0.800034999847412 0.796398997306824 0.795957028865814 0.795234024524689 0.791239023208618 0.79579097032547 0.790368020534515 0.79808497428894 0.792761981487274 0.785776019096375 0.781695008277893 0.775092005729675 0.773315012454987 0.775960028171539 0.783891975879669 0.795207977294922 0.811909973621368 0.814921021461487 0.821259021759033 0.820783972740173 0.825492024421692 0.828646004199982 0.83281397819519 0.828352987766266 0.822553992271423 0.82063502073288 0.813205003738403 0.817198991775513
0.504366993904114 0.644183993339539 0.379128009080887 0.324853003025055 0.311809986829758 0.521103978157043 0.459354996681213 0.605727016925812 0.276502996683121 0.519183993339539 0.659516990184784 0.654603004455566 0.687624990940094 0.663021981716156 0.665140986442566 0.745433986186981 0.752260982990265 0.730660021305084 0.688959002494812 0.696106970310211 0.736163020133972 0.761704981327057 0.765676975250244 0.782773971557617 0.763188004493713 0.785102009773254 0.78743702173233 0.793231010437012 0.798000991344452 0.788963973522186 0.787829995155334 0.787810027599335 0.80009400844574 0.791723012924194 0.785826981067657 0.790799975395203 0.778656005859375 0.785328984260559 0.792198002338409 0.803813993930817 0.813723027706146 0.821619987487793 0.83110898733139 0.833683013916016 0.836277008056641 0.829150974750519 0.824250996112823 0.83001297712326 0.832038998603821 0.822367012500763 0.819956004619598 0.821847021579742
