Artibeus_jamaicensis.asc
ncols  804
nrows  378
xllcorner  -74.6418056
yllcorner  17.2248604
cellsize 0.00833333370646766
NODATA_value  -9999
[rows 184 to 206 of 378, columns 572 to 623 of 804]
0.817040979862213 0.819324970245361 0.820083975791931 0.809827029705048 0.839671015739441 0.823382019996643 0.833899021148682 0.818727016448975 0.819226980209351 0.825206995010376 0.829201996326447 0.835072994232178 0.812086999416351 0.809934020042419 0.793282985687256 0.779286980628967 0.789435982704163 0.781606018543243 0.808822989463806 0.783004999160767 0.788780987262726 0.789674997329712 0.816217005252838 0.79584801197052 0.809728980064392 0.788110017776489 0.770520985126495 0.784747004508972 0.777485013008118 0.813004016876221 0.80606597661972 0.793008983135223 0.772716999053955 0.762435972690582 0.750725984573364 0.73709100484848 0.744558990001678 0.7551109790802 0.746369004249573 0.751626014709473 0.750141024589539 0.760923981666565 0.769116997718811 0.753508985042572 0.733350992202759 0.721108019351959 0.725905001163483 0.716853022575378 0.716713011264801 0.73108297586441 0.723227024078369 0.702345013618469
0.827717006206512 0.830312013626099 0.827238023281097 0.831556975841522 0.814939022064209 0.836709022521973 0.824927985668182 0.821219980716705 0.821223020553589 0.824926018714905 0.824674010276794 0.827503979206085 0.822019994258881 0.81497997045517 0.80009001493454 0.806616008281708 0.7847980260849 0.79372102022171 0.805374026298523 0.815008997917175 0.820966005325317 0.813462972640991 0.792180001735687 0.799462974071503 0.80656099319458 0.792769014835358 0.777490019798279 0.753167986869812 0.760034024715424 0.808789014816284 0.765630006790161 0.796432971954346 0.783267021179199 0.767917990684509 0.762603998184204 0.757911026477814 0.745130002498627 0.742009997367859 0.754540979862213 0.752412021160126 0.769676983356476 0.773105025291443 0.772370994091034 0.765505015850067 0.74038302898407 0.730772018432617 0.730497002601624 0.742919027805328 0.730113983154297 0.736679971218109 0.719825029373169 0.720794022083282
0.839402973651886 0.840115010738373 0.836842000484467 0.833971977233887 0.831382989883423 0.830283999443054 0.828112006187439 0.824660003185272 0.832536995410919 0.834728002548218 0.833931028842926 0.83406001329422 0.827275991439819 0.827544987201691 0.815263986587524 0.80631297826767 0.806445002555847 0.799961984157562 0.817233026027679 0.84588497877121 0.841180980205536 0.81870698928833 0.809108972549438 0.812665998935699 0.803553998470306 0.798699021339417 0.787005007266998 0.786884009838104 0.778194010257721 0.769223988056183 0.788601994514465 0.768043994903564 0.786320984363556 0.771544992923737 0.765851974487305 0.766942977905273 0.759705007076263 0.746222972869873 0.734099984169006 0.75286602973938 0.747358977794647 0.773162007331848 0.77995902299881 0.751372992992401 0.741384029388428 0.719864010810852 0.719264984130859 0.735871970653534 0.756681025028229 0.703567028045654 0.686267971992493 0.705480992794037
0.839892983436584 0.845687985420227 0.843460023403168 0.83993399143219 0.830824017524719 0.828828990459442 0.830051004886627 0.837199985980988 0.83855801820755 0.839112997055054 0.835897982120514 0.835381984710693 0.83281397819519 0.830579996109009 0.817040979862213 0.808779001235962 0.805410027503967 0.813078999519348 0.819761991500854 0.852257013320923 0.839793980121613 0.823889970779419 0.814305007457733 0.82039600610733 0.814953029155731 0.816039025783539 0.794860005378723 0.795629024505615 0.801617026329041 0.823287010192871 0.791495025157928 0.808616995811462 0.787850975990295 0.779747009277344 0.776636004447937 0.767953991889954 0.75875598192215 0.764100015163422 0.736706018447876 0.723529994487762 0.716584980487823 0.751105010509491 0.735575973987579 0.762260973453522 0.732360005378723 0.742273986339569 0.714254975318909 0.727069020271301 0.722593009471893 0.706667006015778 0.700195014476776 0.724978029727936
0.840637028217316 0.844151020050049 0.850573003292084 0.845228016376495 0.835624992847443 0.830226004123688 0.840273022651672 0.843300998210907 0.843927025794983 0.844232022762299 0.840345025062561 0.837122976779938 0.835654973983765 0.829695999622345 0.828029990196228 0.815439999103546 0.808767020702362 0.825604975223541 0.832584023475647 0.84551602602005 0.846053004264832 0.825443029403687 0.822158992290497 0.82513302564621 0.824331998825073 0.825542986392975 0.807971000671387 0.80511999130249 0.817171990871429 0.815024018287659 0.81852400302887 0.813728988170624 0.800740003585815 0.785673022270203 0.793693006038666 0.795904994010925 0.786378979682922 0.772890985012054 0.76936399936676 0.766993999481201 0.788155972957611 0.747339010238647 0.79763400554657 0.77326101064682 0.755433022975922 0.75901997089386 0.736747026443481 0.770770013332367 0.774542987346649 0.766534984111786 0.718163013458252 0.672883987426758
0.838322997093201 0.845687985420227 0.848028004169464 0.843649983406067 0.844065010547638 0.841843008995056 0.840242981910706 0.845723986625671 0.846525013446808 0.846776008605957 0.843061983585358 0.838575005531311 0.835541009902954 0.833114981651306 0.829755008220673 0.827073991298676 0.823242008686066 0.822777986526489 0.83084100484848 0.851001977920532 0.856884002685547 0.838578999042511 0.829348027706146 0.830582976341248 0.831279993057251 0.823778986930847 0.819100975990295 0.809926986694336 0.81828498840332 0.819827973842621 0.817565977573395 0.80088198184967 0.804974019527435 0.790965974330902 0.806716978549957 0.809077024459839 0.806541979312897 0.78947502374649 0.786958992481232 0.791984975337982 0.805136978626251 0.824746012687683 0.810427010059357 0.784026026725769 0.773882985115051 0.762606978416443 0.76469898223877 0.762947022914886 0.771664023399353 0.740935981273651 0.749624013900757 0.703288018703461
0.836619019508362 0.84407901763916 0.849143028259277 0.847371995449066 0.848224997520447 0.844152987003326 0.842499971389771 0.844958007335663 0.84611701965332 0.844847977161407 0.839173972606659 0.835385024547577 0.834550023078918 0.826852023601532 0.827871978282928 0.825402975082397 0.825806021690369 0.832060992717743 0.838355004787445 0.848120987415314 0.849561989307404 0.836898982524872 0.835542023181915 0.835928976535797 0.844263970851898 0.829918026924133 0.827391982078552 0.823226988315582 0.819486975669861 0.820647001266479 0.819770991802216 0.815043985843658 0.803743004798889 0.814680993556976 0.799521028995514 0.821051001548767 0.814006984233856 0.803510010242462 0.794142007827759 0.802304983139038 0.806145012378693 0.805902004241943 0.799322009086609 0.784527003765106 0.772354006767273 0.774098992347717 0.77962201833725 0.776358008384705 0.754830002784729 0.754454016685486 0.778276026248932 0.77751499414444
0.836574971675873 0.842629015445709 0.848796010017395 0.849694013595581 0.851249992847443 0.845560014247894 0.845156013965607 0.842131972312927 0.842621982097626 0.839425027370453 0.830789029598236 0.828487992286682 0.825006008148193 0.823702991008759 0.831043004989624 0.8350870013237 0.837648987770081 0.845000028610229 0.848863005638123 0.851858019828796 0.850399017333984 0.846194982528687 0.845112025737762 0.843997001647949 0.845250010490417 0.832928001880646 0.830547988414764 0.827576994895935 0.828025996685028 0.820017993450165 0.821686983108521 0.815369009971619 0.812683999538422 0.816986978054047 0.819280028343201 0.816174983978271 0.820068001747131 0.811097979545593 0.807964980602264 0.808908998966217 0.810135006904602 0.798210978507996 0.799861013889313 0.79136198759079 0.78584897518158 0.793555974960327 0.794475018978119 0.802419006824493 0.801406025886536 0.790076017379761 0.781665027141571 0.783053994178772
0.837827026844025 0.842275977134705 0.848215997219086 0.848338007926941 0.846800029277802 0.847706019878387 0.845884025096893 0.835837006568909 0.832823991775513 0.829135000705719 0.825251996517181 0.821852028369904 0.823059976100922 0.835282981395721 0.840676009654999 0.845336973667145 0.850778996944427 0.856692016124725 0.855093002319336 0.853316009044647 0.852723002433777 0.847420990467072 0.84563797712326 0.846534013748169 0.84504497051239 0.832355976104736 0.829716980457306 0.829410016536713 0.831112027168274 0.824567973613739 0.822471976280212 0.819239020347595 0.815650999546051 0.816752970218658 0.815643012523651 0.81927502155304 0.816183984279633 0.815575003623962 0.810824990272522 0.806020021438599 0.808770000934601 0.808975994586945 0.805674016475677 0.806375026702881 0.800859987735748 0.803456008434296 0.801186978816986 0.817535996437073 0.802927017211914 0.796455025672913 0.785991013050079 0.78285801410675
0.838737010955811 0.842842996120453 0.848011016845703 0.846382021903992 0.84433501958847 0.841610014438629 0.840883016586304 0.836421012878418 0.830160021781921 0.825821995735168 0.822493970394135 0.829419016838074 0.83221298456192 0.839866995811462 0.8454470038414 0.858287990093231 0.856045007705688 0.859920024871826 0.857788026332855 0.855513989925385 0.850407004356384 0.847267985343933 0.844241976737976 0.844874978065491 0.836236000061035 0.832149982452393 0.830150008201599 0.829639971256256 0.832758009433746 0.828254997730255 0.824760973453522 0.819974005222321 0.81821197271347 0.816341996192932 0.815379977226257 0.816969990730286 0.820991992950439 0.818915009498596 0.812148988246918 0.811116993427277 0.805563986301422 0.806810021400452 0.806774973869324 0.818099975585938 0.818131983280182 0.819136023521423 0.814731001853943 0.819079995155334 0.805495977401733 0.800674974918365 0.796047985553741 0.793470978736877
0.836975991725922 0.841588973999023 0.844433009624481 0.84247899055481 0.838006973266602 0.840880990028381 0.847172975540161 0.835189998149872 0.827331006526947 0.824068009853363 0.827045023441315 0.831795990467072 0.848309993743896 0.854882001876831 0.854144990444183 0.856867015361786 0.855966985225677 0.859000980854034 0.858695983886719 0.854983985424042 0.850032985210419 0.841099977493286 0.850510001182556 0.847011983394623 0.837755024433136 0.833976984024048 0.833709001541138 0.829994022846222 0.82989901304245 0.828218996524811 0.826641976833344 0.820402026176453 0.817773997783661 0.807173013687134 0.813879013061523 0.818751990795135 0.818632006645203 0.819733023643494 0.815886974334717 0.811734020709991 0.809707999229431 0.810647010803223 0.811793982982635 0.823535978794098 0.824814975261688 0.821058988571167 0.822883009910583 0.824240028858185 0.818449020385742 0.81488299369812 0.799107015132904 0.792533993721008
0.830308973789215 0.835837006568909 0.842876017093658 0.845396995544434 0.83610999584198 0.832756996154785 0.845502018928528 0.842046022415161 0.834142029285431 0.831857979297638 0.826155006885529 0.842948973178864 0.851547002792358 0.856424987316132 0.857240974903107 0.854124009609222 0.854433000087738 0.852509021759033 0.852024972438812 0.848873019218445 0.84383499622345 0.843716025352478 0.841376006603241 0.850340008735657 0.839299023151398 0.835718989372253 0.832243978977203 0.830012023448944 0.829788029193878 0.830305993556976 0.826224029064178 0.820734024047852 0.810240983963013 0.809422016143799 0.813952028751373 0.820096015930176 0.823080003261566 0.819830000400543 0.812220990657806 0.809544026851654 0.808656990528107 0.810853004455566 0.817426979541779 0.827154994010925 0.825884997844696 0.827229022979736 0.824752986431122 0.828226983547211 0.821105003356934 0.819324016571045 0.813248991966248 0.800352990627289
0.826952993869781 0.836834013462067 0.843389987945557 0.841517984867096 0.838153004646301 0.836152970790863 0.839919984340668 0.84061199426651 0.83550500869751 0.831342995166779 0.830774009227753 0.844386994838715 0.855242013931274 0.862658023834229 0.858201026916504 0.852515995502472 0.852358996868134 0.851215004920959 0.847755014896393 0.839923024177551 0.840369999408722 0.84186202287674 0.850610971450806 0.844671010971069 0.840080976486206 0.837827026844025 0.832310974597931 0.828683972358704 0.828154981136322 0.827037990093231 0.825244009494781 0.819908976554871 0.8109530210495 0.806541979312897 0.814162015914917 0.821276009082794 0.822793006896973 0.816814005374908 0.81496798992157 0.808143019676208 0.813914000988007 0.815095007419586 0.820279002189636 0.829743981361389 0.827727019786835 0.831725001335144 0.830977976322174 0.830177009105682 0.823895990848541 0.821211993694305 0.813751995563507 0.809719026088715
0.831260979175568 0.831659972667694 0.836317002773285 0.838108003139496 0.834004998207092 0.836809992790222 0.83381199836731 0.836713016033173 0.831813991069794 0.831776022911072 0.83031302690506 0.846750020980835 0.857434988021851 0.863813996315002 0.85741001367569 0.853169977664948 0.847006022930145 0.847218990325928 0.845381021499634 0.838007986545563 0.845928013324738 0.84773200750351 0.853003025054932 0.849159002304077 0.840187013149261 0.838780999183655 0.833441972732544 0.827845990657806 0.826547026634216 0.825963973999023 0.822880983352661 0.817933976650238 0.815846025943756 0.815636992454529 0.818054020404816 0.817897021770477 0.816299021244049 0.813552021980286 0.810748994350433 0.811507999897003 0.817784011363983 0.82184898853302 0.830200016498566 0.830466985702515 0.8332160115242 0.832653999328613 0.832791984081268 0.833281993865967 0.827351987361908 0.821570992469788 0.817615985870361 0.811697006225586
0.834630012512207 0.832807004451752 0.831146001815796 0.833055019378662 0.831156015396118 0.832980990409851 0.83408397436142 0.832870006561279 0.832347989082336 0.829195022583008 0.838582992553711 0.848773002624512 0.857744991779327 0.861953020095825 0.859014987945557 0.852259993553162 0.845624983310699 0.836039006710052 0.845852971076965 0.844344019889832 0.848446011543274 0.851907014846802 0.847961008548737 0.846494972705841 0.838424980640411 0.836924016475677 0.833859026432037 0.827126979827881 0.826689004898071 0.825438976287842 0.821539998054504 0.816509008407593 0.816973984241486 0.814764976501465 0.813184022903442 0.816447019577026 0.81182998418808 0.813731014728546 0.808574020862579 0.813872992992401 0.821494996547699 0.824109017848969 0.83043897151947 0.831486999988556 0.831741988658905 0.833868980407715 0.836088001728058 0.837346971035004 0.83312201499939 0.824714004993439 0.818636000156403 0.813584983348846
0.836731016635895 0.835667014122009 0.833768010139465 0.831764996051788 0.831955015659332 0.832189977169037 0.834662973880768 0.833105981349945 0.82933098077774 0.835667014122009 0.843433976173401 0.847226023674011 0.855091989040375 0.85799902677536 0.859417021274567 0.850400984287262 0.845453977584839 0.843730986118317 0.844196975231171 0.84818297624588 0.847328007221222 0.847078025341034 0.845588028430939 0.842481970787048 0.84297102689743 0.83482700586319 0.82949298620224 0.826664984226227 0.825366973876953 0.823163986206055 0.819781005382538 0.814715027809143 0.815994024276733 0.81444901227951 0.81443202495575 0.815303981304169 0.81318199634552 0.810571014881134 0.809648990631104 0.825523018836975 0.827799022197723 0.830227017402649 0.830272018909454 0.826481997966766 0.829617977142334 0.833279013633728 0.836808025836945 0.836745023727417 0.834855020046234 0.828077018260956 0.819238007068634 0.813373029232025
0.83986097574234 0.837647974491119 0.835234999656677 0.832476019859314 0.831439971923828 0.832978010177612 0.834774017333984 0.832224011421204 0.83136397600174 0.838733017444611 0.842067003250122 0.848042011260986 0.85260397195816 0.854467988014221 0.856302976608276 0.849129021167755 0.846813023090363 0.842845022678375 0.84640097618103 0.847486972808838 0.845646977424622 0.843815982341766 0.843172013759613 0.841136991977692 0.841210007667542 0.832625985145569 0.82777202129364 0.823825001716614 0.822198987007141 0.818535983562469 0.81844699382782 0.812490999698639 0.812864005565643 0.813054978847504 0.811681985855103 0.810997009277344 0.809316992759705 0.810056984424591 0.825689971446991 0.825950980186462 0.827890992164612 0.827087998390198 0.826389014720917 0.824912011623383 0.826304972171783 0.832942008972168 0.829792022705078 0.838900029659271 0.837167978286743 0.832395970821381 0.820538997650146 0.816030979156494
0.843915998935699 0.840892016887665 0.836748003959656 0.834263026714325 0.831009984016418 0.832849979400635 0.833051025867462 0.839029014110565 0.83858597278595 0.840222001075745 0.846724987030029 0.851445972919464 0.848523020744324 0.852760970592499 0.852602005004883 0.848089993000031 0.845180988311768 0.843913972377777 0.846386015415192 0.8452969789505 0.844126999378204 0.841229975223541 0.841518998146057 0.840467989444733 0.839555025100708 0.82805597782135 0.824735999107361 0.822338998317719 0.819724977016449 0.820760011672974 0.816973984241486 0.812869012355804 0.808085978031158 0.809315025806427 0.808107972145081 0.807675004005432 0.817228019237518 0.820954978466034 0.823015987873077 0.822435021400452 0.827316999435425 0.825695991516113 0.824989020824432 0.822984993457794 0.825788974761963 0.831624984741211 0.831474006175995 0.831342995166779 0.836499989032745 0.832970976829529 0.820312023162842 0.817384004592896
0.844642996788025 0.844662010669708 0.839223027229309 0.836006999015808 0.833315014839172 0.832792997360229 0.839829981327057 0.839367985725403 0.838028013706207 0.842154026031494 0.84946197271347 0.851493000984192 0.84987998008728 0.850885987281799 0.850154995918274 0.848820984363556 0.846656978130341 0.844642996788025 0.844036996364594 0.842859029769897 0.841951012611389 0.840290009975433 0.840102970600128 0.837671995162964 0.838064014911652 0.825393974781036 0.822686970233917 0.820043981075287 0.819715976715088 0.817149996757507 0.81147700548172 0.810325980186462 0.809064984321594 0.806167006492615 0.816619992256165 0.820501029491425 0.821215987205505 0.821717023849487 0.821235001087189 0.823397994041443 0.823419988155365 0.82539302110672 0.822126984596252 0.82370799779892 0.821298003196716 0.830048978328705 0.829379975795746 0.838774025440216 0.836835026741028 0.832661986351013 0.825411975383759 0.81724601984024
0.843168973922729 0.847238004207611 0.843142986297607 0.838958978652954 0.835678994655609 0.832014977931976 0.83099102973938 0.837010979652405 0.839609980583191 0.848002970218658 0.850395023822784 0.851966023445129 0.84798800945282 0.8488609790802 0.849173009395599 0.850937008857727 0.846769988536835 0.842640995979309 0.841733992099762 0.840291023254395 0.839672029018402 0.838747024536133 0.838034987449646 0.836211979389191 0.825658023357391 0.821995973587036 0.819607019424438 0.81937700510025 0.814593017101288 0.812722027301788 0.812866985797882 0.810177028179169 0.815575003623962 0.819204986095428 0.819909989833832 0.822221994400024 0.821102976799011 0.82219398021698 0.819505989551544 0.822057008743286 0.821452021598816 0.821807026863098 0.821291983127594 0.820061981678009 0.819571018218994 0.823580026626587 0.832522988319397 0.838254988193512 0.831564009189606 0.83306497335434 0.824503004550934 0.817690014839172
0.852816998958588 0.851171970367432 0.844910025596619 0.838944017887115 0.843784987926483 0.83243602514267 0.838459014892578 0.836899995803833 0.83951199054718 0.848042011260986 0.850404977798462 0.848827004432678 0.845490992069244 0.847702026367188 0.848599016666412 0.851343989372253 0.846731007099152 0.84273898601532 0.838994026184082 0.836238980293274 0.83586597442627 0.83541601896286 0.834806025028229 0.832804977893829 0.829285025596619 0.827132999897003 0.8177649974823 0.822753012180328 0.823471009731293 0.822880029678345 0.819893002510071 0.820677995681763 0.822039008140564 0.823570013046265 0.823994994163513 0.823457002639771 0.819890022277832 0.817556977272034 0.815782010555267 0.817785978317261 0.820595026016235 0.822157979011536 0.819199025630951 0.819185972213745 0.818473994731903 0.822494983673096 0.827112972736359 0.830839991569519 0.831395983695984 0.829886019229889 0.828359007835388 0.824772000312805
0.852657973766327 0.850387990474701 0.844677984714508 0.840862989425659 0.836073994636536 0.840994000434875 0.83943498134613 0.838904023170471 0.840969979763031 0.844163000583649 0.84826797246933 0.847563982009888 0.844359993934631 0.845839977264404 0.84800797700882 0.848245978355408 0.844372987747192 0.839878976345062 0.837890982627869 0.83516800403595 0.836309015750885 0.834984004497528 0.832480013370514 0.830856025218964 0.828159987926483 0.825693011283875 0.823888003826141 0.823786973953247 0.821488976478577 0.818181991577148 0.817278981208801 0.822246015071869 0.823818981647491 0.823803007602692 0.827511012554169 0.826057016849518 0.815852999687195 0.81445300579071 0.815823972225189 0.815678000450134 0.826050996780396 0.819437026977539 0.826636016368866 0.817080020904541 0.817475974559784 0.819383978843689 0.824000000953674 0.827154994010925 0.828212022781372 0.832291007041931 0.827921986579895 0.819603979587555
0.850066006183624 0.848152995109558 0.844720005989075 0.842073976993561 0.845551013946533 0.842567026615143 0.841594994068146 0.840602993965149 0.841621994972229 0.844452977180481 0.844996988773346 0.843194007873535 0.842115998268127 0.845073997974396 0.84537798166275 0.84444797039032 0.842849016189575 0.83881002664566 0.836138010025024 0.833885014057159 0.833153009414673 0.832590997219086 0.831605017185211 0.827741980552673 0.825227975845337 0.824535012245178 0.823369979858398 0.823369026184082 0.819858014583588 0.816926002502441 0.81953102350235 0.829931974411011 0.8317049741745 0.82915997505188 0.828139007091522 0.826385021209717 0.823836982250214 0.81470000743866 0.813791990280151 0.822764992713928 0.825151026248932 0.824688971042633 0.826573014259338 0.825613021850586 0.824868023395538 0.827576994895935 0.829963982105255 0.832687020301819 0.832548975944519 0.82388699054718 0.824621021747589 0.830482006072998
