Artibeus_jamaicensis.asc
ncols  804
nrows  378
xllcorner  -74.6418056
yllcorner  17.2248604
cellsize 0.00833333370646766
NODATA_value  -9999
[rows 115 to 137 of 378, columns 208 to 259 of 804]
-9999 -9999 -9999 -9999 -9999 -9999 -9999 -9999 -9999 -9999 -9999 -9999 -9999 -9999 -9999 -9999 -9999 -9999 -9999 -9999 -9999 0.317102998495102 0.313012003898621 0.302154988050461 0.291027009487152 0.285272002220154 0.2795589864254 0.269894987344742 0.262032985687256 0.217903003096581 0.220355004072189 0.237773001194 0.18512099981308 0.221546992659569 0.231094002723694 0.221367999911308 0.212917998433113 0.20456400513649 0.193963006138802 0.168292000889778 0.173065006732941 0.225250005722046 0.191456004977226 0.199378997087479 0.180519998073578 0.178275004029274 0.178554996848106 0.156651005148888 0.159951999783516 0.109246000647545 0.0776143968105316 0.148619994521141
-9999 -9999 -9999 -9999 -9999 -9999 -9999 -9999 -9999 -9999 -9999 -9999 -9999 -9999 -9999 -9999 -9999 -9999 -9999 -9999 0.326135993003845 0.314747989177704 0.313068985939026 0.306100010871887 0.286810994148254 0.280041009187698 0.273315995931625 0.269039988517761 0.26104000210762 0.215334996581078 0.188280001282692 0.285802006721497 0.223572000861168 0.175226002931595 0.227443993091583 0.225619003176689 0.213926002383232 0.202520996332169 0.188317999243736 0.17901499569416 0.17263300716877 0.210150003433228 0.183350995182991 0.185536995530128 0.166589006781578 0.174743995070457 0.177852004766464 0.151958003640175 0.164917007088661 0.180597007274628 0.153338000178337 0.0906613022089005
-9999 -9999 -9999 -9999 -9999 -9999 -9999 -9999 -9999 -9999 -9999 -9999 -9999 -9999 -9999 -9999 -9999 -9999 -9999 -9999 0.323513001203537 0.315571993589401 0.303470999002457 0.303820013999939 0.294149994850159 0.283488988876343 0.27403199672699 0.270660012960434 0.261326998472214 0.250676989555359 0.185386002063751 0.163935005664825 0.256471008062363 0.176588997244835 0.161602005362511 0.222727999091148 0.216633006930351 0.205220997333527 0.193711996078491 0.187737002968788 0.180703997612 0.179725006222725 0.178407996892929 0.189271003007889 0.173510998487473 0.158693999052048 0.138541996479034 0.144642993807793 0.180071994662285 0.176274999976158 0.154409006237984 0.154345005750656
-9999 -9999 -9999 -9999 -9999 -9999 -9999 -9999 -9999 -9999 -9999 -9999 -9999 -9999 -9999 -9999 -9999 -9999 -9999 -9999 -9999 -9999 0.301625996828079 0.295626997947693 0.2950179874897 0.28185299038887 0.275036990642548 0.271164000034332 0.26137301325798 0.254851996898651 0.24931700527668 0.200861006975174 0.128593996167183 0.238027006387711 0.164757996797562 0.175446003675461 0.220089003443718 0.205996006727219 0.199534997344017 0.178600996732712 0.185443997383118 0.180513992905617 0.184634998440742 0.141119003295898 0.180604994297028 0.171046003699303 0.153591006994247 0.143242001533508 0.127388998866081 0.167992994189262 0.171323001384735 0.152877002954483
-9999 -9999 -9999 -9999 -9999 -9999 -9999 -9999 -9999 -9999 -9999 -9999 -9999 -9999 -9999 -9999 -9999 0.35105898976326 0.342637002468109 -9999 -9999 -9999 0.306805998086929 0.298945993185043 0.299104005098343 0.286718994379044 0.276448994874954 0.267682999372482 0.264894992113113 0.255910009145737 0.248591005802155 0.242559000849724 0.201367005705833 0.127290993928909 0.281437009572983 0.180178999900818 0.196651995182037 0.20601299405098 0.20388899743557 0.198078006505966 0.180861994624138 0.172306999564171 0.119722001254559 0.164357006549835 0.127231001853943 0.175822004675865 0.163196995854378 0.157574996352196 0.154311999678612 0.144333004951477 0.182383000850677 0.169044002890587
-9999 -9999 -9999 -9999 -9999 -9999 -9999 -9999 -9999 -9999 -9999 -9999 -9999 -9999 -9999 -9999 0.366970986127853 0.354835003614426 0.344227999448776 0.334419012069702 -9999 0.315546989440918 0.310746014118195 0.307357996702194 0.299032986164093 0.28693100810051 0.279316991567612 0.270527005195618 0.268449991941452 0.262762993574142 0.250196993350983 0.244694992899895 0.230380997061729 0.160859003663063 0.192515999078751 0.201153993606567 0.216534003615379 0.214462995529175 0.201024994254112 0.201179996132851 0.19208300113678 0.186458006501198 0.12262000143528 0.147593006491661 0.164424002170563 0.156443998217583 0.170572996139526 0.173967003822327 0.16236600279808 0.143812999129295 0.142197996377945 0.175423994660378
-9999 -9999 -9999 -9999 -9999 -9999 -9999 -9999 -9999 -9999 -9999 -9999 -9999 -9999 -9999 -9999 0.363476991653442 0.357369989156723 0.346251994371414 0.334270000457764 0.325937986373901 0.321375012397766 0.314446002244949 0.310240000486374 0.301014006137848 0.289840012788773 0.284696996212006 0.276775985956192 0.26315900683403 0.25730100274086 0.253764003515244 0.247042000293732 0.235099002718925 0.217138007283211 0.161468997597694 0.264890998601913 0.174751996994019 0.21772600710392 0.20270200073719 0.202214002609253 0.190461993217468 0.179118007421494 0.158313006162643 0.123268999159336 0.203926995396614 0.137462005019188 0.157149001955986 0.158744007349014 0.168822005391121 0.15930899977684 0.167100995779037 0.176663994789124
-9999 -9999 -9999 -9999 -9999 -9999 -9999 -9999 -9999 -9999 -9999 -9999 -9999 -9999 -9999 0.371695011854172 0.369643002748489 0.362978011369705 0.347840994596481 0.334832012653351 0.328662991523743 0.321024000644684 0.311724990606308 0.307045012712479 0.302614986896515 0.289409011602402 0.282974988222122 0.279682993888855 0.268880993127823 0.267289996147156 0.25713700056076 0.251931011676788 0.236775994300842 0.217352002859116 0.192102000117302 0.1683090031147 0.206278994679451 0.204447001218796 0.202543005347252 0.188740998506546 0.192313998937607 0.175552994012833 0.179465994238853 0.138812005519867 0.101666003465652 0.192172005772591 0.119286999106407 0.183649003505707 0.129953995347023 0.160851001739502 0.196459993720055 0.201123997569084
-9999 -9999 -9999 -9999 -9999 -9999 -9999 -9999 -9999 -9999 -9999 -9999 -9999 -9999 -9999 0.374033004045486 0.368229001760483 0.361856013536453 0.356162011623383 0.337785005569458 0.331294000148773 0.32234001159668 0.318134009838104 0.310162991285324 0.306389003992081 0.296638011932373 0.284265995025635 0.278194010257721 0.271355003118515 0.263045996427536 0.260428011417389 0.251778990030289 0.240415006875992 0.223057001829147 0.214646995067596 0.182466998696327 0.172845005989075 0.217537000775337 0.181415006518364 0.194812998175621 0.190844997763634 0.18036200106144 0.164882004261017 0.149116992950439 0.131724998354912 0.103072002530098 0.194007992744446 0.167477995157242 0.127425000071526 0.201073005795479 0.193332999944687 0.189392998814583
-9999 -9999 -9999 -9999 -9999 -9999 -9999 -9999 -9999 -9999 -9999 -9999 -9999 -9999 -9999 0.374374002218246 0.367486000061035 0.359564989805222 0.351318001747131 0.341612011194229 0.335779011249542 0.325614005327225 0.315364003181458 0.313196003437042 0.30501601099968 0.297145992517471 0.286785006523132 0.285001993179321 0.27760899066925 0.269026011228561 0.258870989084244 0.251552999019623 0.23573100566864 0.229337006807327 0.223444998264313 0.21330900490284 0.213384002447128 0.183783993124962 0.198443993926048 0.189151003956795 0.161654993891716 0.163561001420021 0.1475850045681 0.14767299592495 0.182811006903648 0.114927001297474 0.145621001720428 0.147279992699623 0.231309995055199 0.192491993308067 0.233851999044418 0.224037006497383
-9999 -9999 -9999 -9999 -9999 -9999 -9999 -9999 -9999 -9999 -9999 -9999 -9999 -9999 -9999 -9999 0.368151009082794 0.362471014261246 0.35437399148941 0.344330012798309 0.334167987108231 0.324773997068405 0.322627007961273 0.311650991439819 0.305045008659363 0.296382009983063 0.28787100315094 0.284514009952545 0.275846004486084 0.271800994873047 0.258915990591049 0.253448992967606 0.238141998648643 0.230528995394707 0.225576996803284 0.213890001177788 0.212246999144554 0.204091995954514 0.198687002062798 0.153760999441147 0.160129994153976 0.15888500213623 0.134139001369476 0.172671005129814 0.148913994431496 0.133433997631073 0.192295998334885 0.219332993030548 0.251130998134613 0.218132004141808 0.197356998920441 0.215119004249573
-9999 -9999 -9999 -9999 -9999 -9999 -9999 -9999 -9999 -9999 -9999 -9999 -9999 -9999 -9999 -9999 -9999 0.362004995346069 0.354717999696732 0.346881002187729 0.335364997386932 0.32607701420784 0.317229002714157 0.315131008625031 0.308544009923935 0.296146988868713 0.287086009979248 0.279044985771179 0.27419701218605 0.272884994745255 0.265170007944107 0.253582000732422 0.239735007286072 0.23344099521637 0.225273996591568 0.218264997005463 0.212844997644424 0.202922999858856 0.199257001280785 0.158044993877411 0.144463002681732 0.172424003481865 0.168620005249977 0.188274994492531 0.211358994245529 0.118073999881744 0.0940091013908386 0.174009993672371 0.24168199300766 0.198250994086266 0.241271004080772 0.227092996239662
-9999 -9999 -9999 -9999 -9999 -9999 -9999 -9999 -9999 -9999 -9999 -9999 -9999 -9999 -9999 -9999 -9999 -9999 -9999 0.347256004810333 0.335422992706299 0.332854986190796 0.320856004953384 0.32107201218605 0.307462006807327 0.300020009279251 0.293237000703812 0.285614997148514 0.277581989765167 0.270289987325668 0.262753009796143 0.259575992822647 0.244491994380951 0.236289992928505 0.230616003274918 0.216854006052017 0.209526002407074 0.209611997008324 0.199292004108429 0.153764992952347 0.139907002449036 0.131633996963501 0.121725000441074 0.180783003568649 0.150417998433113 0.218916997313499 0.106480002403259 0.0827718004584312 0.217861995100975 0.169865995645523 0.214273005723953 0.216578006744385
-9999 -9999 -9999 -9999 -9999 -9999 -9999 -9999 -9999 -9999 -9999 -9999 -9999 -9999 -9999 -9999 -9999 -9999 -9999 0.344861000776291 0.337134003639221 0.334681004285812 0.328860014677048 0.320167988538742 0.31165400147438 0.298298001289368 0.290959000587463 0.287059009075165 0.278622001409531 0.275016009807587 0.26138299703598 0.25772899389267 0.243768006563187 0.234779000282288 0.230902001261711 0.222357004880905 0.214681997895241 0.209538996219635 0.206673994660378 0.200196996331215 0.152125999331474 0.113784000277519 0.0606899000704288 0.159958004951477 0.170025005936623 0.147727996110916 0.219571992754936 0.0908553004264832 0.105457998812199 0.142265006899834 0.11531700193882 0.170158997178078
-9999 -9999 -9999 -9999 -9999 -9999 -9999 -9999 -9999 -9999 -9999 -9999 -9999 -9999 -9999 -9999 -9999 -9999 -9999 -9999 0.340786010026932 0.333476006984711 0.328972995281219 0.318412005901337 0.310093998908997 0.304753988981247 0.291765987873077 0.283351004123688 0.277016997337341 0.271445989608765 0.264584988355637 0.257815986871719 0.246253997087479 0.238719001412392 0.231162995100021 0.227393999695778 0.223210006952286 0.216945007443428 0.206983998417854 0.19726699590683 0.187620997428894 0.152366995811462 0.0947213023900986 0.114225000143051 0.230084002017975 0.180836006999016 0.164470002055168 0.193810999393463 0.107451997697353 0.140130996704102 0.117004998028278 0.0662920996546745
-9999 -9999 -9999 -9999 -9999 -9999 -9999 -9999 -9999 -9999 -9999 -9999 -9999 -9999 -9999 0.385149002075195 0.378574997186661 -9999 -9999 0.349572986364365 0.342839986085892 0.336739003658295 0.330913007259369 0.318296998739243 0.306621998548508 0.301681995391846 0.292425006628036 0.287584990262985 0.274533003568649 0.273588001728058 0.26485800743103 0.261171013116837 0.252072006464005 0.243026003241539 0.234689995646477 0.227142006158829 0.222196996212006 0.216674000024796 0.211674004793167 0.201872006058693 0.189100995659828 0.104487001895905 0.102541998028755 0.142039000988007 0.199096992611885 0.216020002961159 0.178371995687485 0.147734001278877 0.177050992846489 0.171510994434357 0.145696997642517 0.103620000183582
-9999 -9999 -9999 -9999 -9999 -9999 -9999 -9999 -9999 -9999 -9999 -9999 -9999 -9999 -9999 0.383313000202179 0.371105998754501 0.36539301276207 0.355515986680984 0.350463002920151 0.340571999549866 0.328099995851517 0.318078011274338 0.318051993846893 0.305849999189377 0.30019599199295 0.296092987060547 0.288237005472183 0.276248008012772 0.271836012601852 0.27046200633049 0.263969004154205 0.253549993038177 0.245988994836807 0.235468998551369 0.22893500328064 0.223196998238564 0.216038003563881 0.213778004050255 0.204465001821518 0.197697997093201 0.178719997406006 0.0906789004802704 0.0730289965867996 0.115891002118587 0.165500998497009 0.197788000106812 0.210218995809555 0.164342001080513 0.14376899600029 0.147437006235123 0.147761002182961
-9999 -9999 -9999 -9999 -9999 -9999 -9999 -9999 -9999 -9999 -9999 -9999 -9999 -9999 -9999 0.387897998094559 0.378152996301651 0.361972004175186 0.36081999540329 0.353637009859085 0.34051901102066 0.330024987459183 0.321566998958588 0.316529005765915 0.304311990737915 0.306789010763168 0.295709013938904 0.289077013731003 0.285613000392914 0.273075014352798 0.274558007717133 0.263009011745453 0.252938002347946 0.24421800673008 0.236313998699188 0.22970899939537 0.224170997738838 0.217957004904747 0.21993499994278 0.208104997873306 0.201109007000923 0.193329006433487 0.1754419952631 0.112634003162384 0.0884962975978851 0.0893229022622108 0.114566996693611 0.178608000278473 0.18715600669384 0.145114004611969 0.12737900018692 0.127237007021904
-9999 -9999 -9999 -9999 -9999 -9999 -9999 -9999 -9999 -9999 -9999 -9999 -9999 -9999 -9999 0.38468199968338 0.374871999025345 0.36760801076889 0.361348003149033 0.354496002197266 0.339139014482498 0.336582988500595 0.328936010599136 0.313244998455048 0.308037996292114 0.307352006435394 0.302430003881454 0.295994997024536 0.286251991987228 0.277393013238907 0.272471010684967 0.267286986112595 0.256431013345718 0.248914003372192 0.236682996153831 0.237279996275902 0.224841997027397 0.22562800347805 0.221904993057251 0.211659997701645 0.205253005027771 0.195769995450974 0.190360993146896 0.181964993476868 0.178099006414413 0.144638001918793 0.0959236025810242 0.09480120241642 0.0948394984006882 0.148383006453514 0.108012996613979 0.166703000664711
-9999 -9999 -9999 -9999 -9999 -9999 -9999 -9999 -9999 -9999 -9999 -9999 -9999 -9999 -9999 0.383354008197784 0.376093000173569 0.367417991161346 0.361741989850998 0.35512501001358 0.344617992639542 0.337181985378265 0.329183995723724 0.326243996620178 0.317649990320206 0.311493009328842 0.308533012866974 0.298465996980667 0.288917988538742 0.278207004070282 0.274964988231659 0.269170999526978 0.259712010622025 0.250889986753464 0.241639003157616 0.232275992631912 0.231159001588821 0.228709995746613 0.219357997179031 0.213605999946594 0.206553995609283 0.199440002441406 0.194554999470711 0.187508001923561 0.181869998574257 0.172415003180504 0.167171001434326 0.159626007080078 0.0961505025625229 0.0974562019109726 0.0871947035193443 0.0852193981409073
-9999 -9999 -9999 -9999 -9999 -9999 -9999 -9999 -9999 -9999 -9999 -9999 -9999 -9999 -9999 0.387122005224228 0.383047014474869 0.374332994222641 0.361115008592606 0.353475004434586 0.35020500421524 0.338508009910583 0.325904995203018 0.320757985115051 0.31616398692131 0.310333997011185 0.300485998392105 0.302062004804611 0.296429991722107 0.286051005125046 0.278479993343353 0.271609991788864 0.263713002204895 0.258148014545441 0.248912006616592 0.244524002075195 0.240103006362915 0.232889994978905 0.221738994121552 0.217433005571365 0.209773004055023 0.200886994600296 0.19540299475193 0.188087999820709 0.183020994067192 0.174611002206802 0.171325996518135 0.163755998015404 0.0964412018656731 0.0957595035433769 0.0844611003994942 0.079184502363205
-9999 -9999 -9999 -9999 -9999 -9999 -9999 -9999 -9999 -9999 -9999 -9999 -9999 -9999 0.390594989061356 0.389398992061615 0.37924000620842 0.374520987272263 0.36786100268364 0.357712000608444 0.348060995340347 0.349467992782593 0.333413004875183 0.3245530128479 0.316891014575958 0.312348991632462 0.298680990934372 0.296995013952255 0.295933991670609 0.287560999393463 0.280164003372192 0.276340007781982 0.268384009599686 0.259573996067047 0.250910997390747 0.246508002281189 0.239077001810074 0.234512999653816 0.224883005023003 0.215891003608704 0.210121005773544 0.202195003628731 0.196364000439644 0.190190002322197 0.180940002202988 0.171187996864319 0.171388998627663 0.167918995022774 0.14470499753952 0.155072003602982 0.132109001278877 0.106390997767448
-9999 -9999 -9999 -9999 -9999 -9999 -9999 -9999 -9999 -9999 -9999 -9999 -9999 -9999 0.3872210085392 0.385066002607346 0.377736002206802 0.378342002630234 0.365516990423203 0.361966997385025 0.352106004953384 0.34741398692131 0.338209003210068 0.333573997020721 0.321577996015549 0.313800007104874 0.304255992174149 0.295403987169266 0.301283001899719 0.291397988796234 0.283187985420227 0.279145002365112 0.263193994760513 0.256752997636795 0.251024007797241 0.248888000845909 0.242690995335579 0.233279004693031 0.224076002836227 0.216783002018929 0.208382993936539 0.205309003591537 0.200058996677399 0.18724299967289 0.183333992958069 0.181690007448196 0.169958993792534 0.147795006632805 0.17399799823761 0.165637001395226 0.16423000395298 0.129859000444412
