Brachyphylla_pumila.asc
ncols  804
nrows  378
xllcorner  -74.6418056
yllcorner  17.2248604
cellsize 0.00833333370646766
NODATA_value  -9999
[rows 161 to 183 of 378, columns 572 to 623 of 804]
0.5173220038414 0.530363976955414 0.548681974411011 0.546539008617401 0.54695999622345 0.537429988384247 0.532700002193451 0.53625899553299 0.546099007129669 0.543289005756378 0.56104302406311 0.584088027477264 0.62049001455307 0.632115006446838 0.631282985210419 0.615208029747009 0.617671012878418 0.626012027263641 0.627110004425049 0.621635973453522 0.614866971969604 0.592742025852203 0.590050995349884 0.589057981967926 0.584231972694397 0.574874997138977 0.565438985824585 0.576879024505615 0.598424971103668 0.615553021430969 0.619247019290924 0.642307996749878 0.656376004219055 0.661985993385315 0.6596360206604 0.643149971961975 0.660785019397736 0.673205018043518 0.687328994274139 0.697058975696564 0.693172991275787 0.683219015598297 0.681358993053436 0.703841984272003 0.727658987045288 0.740438997745514 0.745661973953247 0.741461992263794 0.737484991550446 0.739040970802307 0.7499960064888 0.760508000850677
0.518594026565552 0.532050013542175 0.527141988277435 0.534689009189606 0.536828994750977 0.537135004997253 0.530206024646759 0.533649981021881 0.539218008518219 0.551658987998962 0.572405993938446 0.595211029052734 0.614009976387024 0.627251029014587 0.626357018947601 0.620272994041443 0.623390972614288 0.629073977470398 0.613337993621826 0.610029995441437 0.606539011001587 0.586287021636963 0.586998999118805 0.5954509973526 0.609704971313477 0.579171001911163 0.564580023288727 0.583379983901978 0.625400006771088 0.640089988708496 0.645385980606079 0.645672023296356 0.648877024650574 0.65530800819397 0.657333016395569 0.662317991256714 0.666788995265961 0.678691029548645 0.693139016628265 0.716157972812653 0.711579978466034 0.683718025684357 0.678408980369568 0.69676399230957 0.719742000102997 0.748825013637543 0.739983022212982 0.73895800113678 0.733738005161285 0.732141017913818 0.739841997623444 0.749746024608612
0.521659970283508 0.534511029720306 0.526293992996216 0.531277000904083 0.536339998245239 0.530427992343903 0.539860010147095 0.544342994689941 0.55493301153183 0.557291984558105 0.575362026691437 0.595284998416901 0.625647008419037 0.634636998176575 0.622395992279053 0.622256994247437 0.61878502368927 0.614138007164001 0.593784987926483 0.591831982135773 0.592413008213043 0.591066002845764 0.598074018955231 0.608879029750824 0.614109992980957 0.591516971588135 0.583185017108917 0.602392017841339 0.633864998817444 0.668982982635498 0.670333981513977 0.654084026813507 0.652402997016907 0.654125988483429 0.65929901599884 0.662985980510712 0.666824996471405 0.692987024784088 0.707744002342224 0.719811022281647 0.718644022941589 0.707184970378876 0.703252971172333 0.714614987373352 0.727081000804901 0.73617297410965 0.745208024978638 0.746378004550934 0.726262986660004 0.726013004779816 0.741928994655609 0.769321024417877
0.514126002788544 0.524022996425629 0.530821025371552 0.536368012428284 0.535295009613037 0.541813015937805 0.547056019306183 0.555842995643616 0.553861021995544 0.570753991603851 0.587523996829987 0.603926002979279 0.616895973682404 0.626872003078461 0.631407022476196 0.635857999324799 0.635295987129211 0.603205978870392 0.584796011447906 0.580487012863159 0.572138011455536 0.578667998313904 0.590514004230499 0.606441020965576 0.606451988220215 0.593760013580322 0.586084008216858 0.60631799697876 0.653688013553619 0.674454987049103 0.678718984127045 0.672499001026154 0.669001996517181 0.673156023025513 0.673968970775604 0.675162017345428 0.680341005325317 0.694590985774994 0.709888994693756 0.720068991184235 0.723568022251129 0.721576988697052 0.71993499994278 0.720541000366211 0.72579699754715 0.727738976478577 0.733484029769897 0.736515998840332 0.732500016689301 0.738159000873566 0.751918017864227 0.766333997249603
0.520146012306213 0.527444005012512 0.524591982364655 0.539349973201752 0.549827992916107 0.556240022182465 0.559732973575592 0.553704023361206 0.564396023750305 0.584196984767914 0.596508026123047 0.60775899887085 0.619652986526489 0.631744027137756 0.643289983272552 0.648244976997375 0.630227982997894 0.611037015914917 0.585207998752594 0.559673011302948 0.567526996135712 0.579282999038696 0.597039997577667 0.614117026329041 0.610323011875153 0.601217985153198 0.596552014350891 0.622448980808258 0.669788002967834 0.687843978404999 0.691217005252838 0.672864973545074 0.668915987014771 0.673954010009766 0.67596697807312 0.676181972026825 0.681856989860535 0.696593999862671 0.721040010452271 0.731477975845337 0.736353993415833 0.735803008079529 0.725485026836395 0.737640023231506 0.724960029125214 0.721781015396118 0.72624397277832 0.732824981212616 0.734299004077911 0.74465399980545 0.776699006557465 0.76290100812912
0.525960981845856 0.525811016559601 0.534855008125305 0.549912989139557 0.563551008701324 0.56811797618866 0.568704009056091 0.562290012836456 0.574504971504211 0.589116990566254 0.58425098657608 0.593948006629944 0.607227981090546 0.624927997589111 0.634845972061157 0.645164012908936 0.642609000205994 0.623678028583527 0.579881012439728 0.564369976520538 0.56402999162674 0.579387009143829 0.606544971466064 0.625998020172119 0.623844027519226 0.592239022254944 0.590985000133514 0.629786014556885 0.665096998214722 0.684656977653503 0.687664985656738 0.681295990943909 0.68018501996994 0.685967028141022 0.690411984920502 0.691663026809692 0.698705017566681 0.707795023918152 0.715269982814789 0.724196016788483 0.73123300075531 0.732152998447418 0.73820298910141 0.739178001880646 0.739758014678955 0.736693024635315 0.736867010593414 0.748746991157532 0.758342027664185 0.767627000808716 0.776555001735687 0.779151022434235
0.538612008094788 0.54618102312088 0.543587028980255 0.555598974227905 0.573858976364136 0.575155973434448 0.564818024635315 0.570008993148804 0.579618990421295 0.594775021076202 0.591560006141663 0.60276198387146 0.613530993461609 0.628323972225189 0.637713015079498 0.64596301317215 0.648688018321991 0.626062989234924 0.599593997001648 0.577898025512695 0.573926985263824 0.583885014057159 0.611052989959717 0.634733974933624 0.617522001266479 0.602263987064362 0.596840023994446 0.618080019950867 0.655197024345398 0.689288020133972 0.681070029735565 0.679563999176025 0.680141985416412 0.686806976795197 0.691224992275238 0.693422973155975 0.698086023330688 0.70543897151947 0.707754015922546 0.714964985847473 0.722275972366333 0.728314995765686 0.73456197977066 0.737371027469635 0.736872971057892 0.735413014888763 0.739696979522705 0.753807008266449 0.769434988498688 0.775699973106384 0.777143001556396 0.768683016300201
0.546171009540558 0.545988023281097 0.551261007785797 0.557798981666565 0.568831026554108 0.573749005794525 0.574407994747162 0.583410978317261 0.591190993785858 0.602823972702026 0.619279026985168 0.619041979312897 0.621077001094818 0.626685976982117 0.633369028568268 0.632502973079681 0.638857007026672 0.637914001941681 0.619162976741791 0.60213702917099 0.592337012290955 0.596531987190247 0.599610984325409 0.620606005191803 0.625063002109528 0.611962020397186 0.603668987751007 0.619340002536774 0.652432024478912 0.678613007068634 0.687393009662628 0.690717995166779 0.697152972221375 0.697571992874146 0.697300016880035 0.690011978149414 0.709200024604797 0.713410973548889 0.700909972190857 0.704728007316589 0.714025974273682 0.72368597984314 0.728326976299286 0.733372986316681 0.73743200302124 0.734587013721466 0.73897397518158 0.754275023937225 0.780951976776123 0.788662016391754 0.781311988830566 0.765151023864746
0.565510988235474 0.564505994319916 0.56427800655365 0.568947970867157 0.57736599445343 0.589187979698181 0.599065005779266 0.605508029460907 0.611415982246399 0.622264981269836 0.644890010356903 0.655179977416992 0.646328985691071 0.622938990592957 0.628418982028961 0.643549025058746 0.638993978500366 0.638966023921967 0.630831003189087 0.623501002788544 0.614655017852783 0.610607981681824 0.615556001663208 0.617738008499146 0.624210000038147 0.616361975669861 0.596911013126373 0.612995982170105 0.641061007976532 0.665625989437103 0.676509976387024 0.683902025222778 0.693772971630096 0.69463700056076 0.694230973720551 0.695949018001556 0.701901972293854 0.70507800579071 0.706965982913971 0.695537984371185 0.7238649725914 0.734732985496521 0.741111993789673 0.74296498298645 0.729058980941772 0.731145977973938 0.733394026756287 0.767596006393433 0.780703008174896 0.782944977283478 0.789801001548767 0.751519978046417
0.569302022457123 0.568063020706177 0.566204011440277 0.570259988307953 0.592665016651154 0.591343998908997 0.618124008178711 0.628269970417023 0.63809198141098 0.655942976474762 0.683813989162445 0.686258971691132 0.660432994365692 0.622578024864197 0.622480988502502 0.640989005565643 0.655668020248413 0.65590101480484 0.638282001018524 0.632825970649719 0.626998007297516 0.624486982822418 0.62532901763916 0.619414985179901 0.621573984622955 0.622752010822296 0.606998980045319 0.620203971862793 0.642283976078033 0.663371980190277 0.67349100112915 0.68629401922226 0.700803995132446 0.70395702123642 0.685229003429413 0.686627984046936 0.694196999073029 0.697699010372162 0.702432990074158 0.708746016025543 0.720350980758667 0.728702008724213 0.734044015407562 0.733043015003204 0.720180988311768 0.71943199634552 0.72580099105835 0.75772500038147 0.772557020187378 0.773808002471924 0.784098982810974 0.768009006977081
0.581358015537262 0.577340006828308 0.582058012485504 0.590496003627777 0.613120973110199 0.621185004711151 0.62956702709198 0.642120003700256 0.659754991531372 0.689198970794678 0.720095992088318 0.718760013580322 0.678915023803711 0.632022023200989 0.628419995307922 0.644486010074615 0.656293988227844 0.662760019302368 0.661983013153076 0.656473994255066 0.638534009456635 0.638651013374329 0.643041014671326 0.645852029323578 0.629137992858887 0.624782979488373 0.625159025192261 0.624891996383667 0.643105983734131 0.655314028263092 0.666538000106812 0.671936988830566 0.69112902879715 0.698180973529816 0.691547989845276 0.691649973392487 0.700093984603882 0.709701001644135 0.700298011302948 0.701012015342712 0.709798991680145 0.715484023094177 0.720632970333099 0.722047984600067 0.723607003688812 0.709927022457123 0.716296970844269 0.745267987251282 0.760197997093201 0.764982998371124 0.751506984233856 0.764297008514404
0.603470027446747 0.596589982509613 0.597095012664795 0.630077004432678 0.645287990570068 0.640720009803772 0.622600972652435 0.62880802154541 0.664815008640289 0.715548992156982 0.750883996486664 0.743562996387482 0.69191700220108 0.642502009868622 0.635842978954315 0.650255978107452 0.663569986820221 0.673276007175446 0.673496007919312 0.67127799987793 0.668372988700867 0.675083994865417 0.681078016757965 0.677841007709503 0.651849985122681 0.626332998275757 0.626829981803894 0.63859099149704 0.637419998645782 0.647818028926849 0.66170197725296 0.688027024269104 0.699454009532928 0.705623984336853 0.698729991912842 0.690252006053925 0.685072004795074 0.69703197479248 0.700927019119263 0.687345027923584 0.686524987220764 0.692560017108917 0.698866009712219 0.708468019962311 0.713392019271851 0.714160978794098 0.71822601556778 0.731903970241547 0.744442999362946 0.747319996356964 0.734157025814056 0.734650015830994
0.649048984050751 0.627943992614746 0.619763970375061 0.654962003231049 0.668612003326416 0.654509007930756 0.626344978809357 0.625281989574432 0.653934001922607 0.719694972038269 0.760998010635376 0.765002012252808 0.708079993724823 0.65198802947998 0.639418005943298 0.65677797794342 0.672133028507233 0.682299017906189 0.681891977787018 0.685708999633789 0.694549977779388 0.706072986125946 0.712345004081726 0.699648976325989 0.668757021427155 0.648428976535797 0.629365026950836 0.63788902759552 0.650892019271851 0.64783900976181 0.670462012290955 0.700058996677399 0.720345020294189 0.705617010593414 0.684599995613098 0.656436026096344 0.660847008228302 0.662928998470306 0.669302999973297 0.65649801492691 0.660543978214264 0.669004023075104 0.678003013134003 0.689785003662109 0.701135993003845 0.702673017978668 0.711903989315033 0.719151020050049 0.726179003715515 0.727971017360687 0.709971010684967 0.710323989391327
0.677851974964142 0.648653984069824 0.62873101234436 0.654353976249695 0.658909022808075 0.634998977184296 0.621537983417511 0.619929015636444 0.657324016094208 0.723923981189728 0.780689001083374 0.7708899974823 0.715192019939423 0.657597005367279 0.640375018119812 0.652235984802246 0.68612402677536 0.691797971725464 0.693666994571686 0.704339027404785 0.738300979137421 0.755427002906799 0.742242991924286 0.728399991989136 0.703707993030548 0.664892017841339 0.639042973518372 0.639487981796265 0.650269985198975 0.669201016426086 0.695483028888702 0.706402003765106 0.710003972053528 0.676829993724823 0.636857986450195 0.624538004398346 0.61251699924469 0.617202997207642 0.632665991783142 0.629837989807129 0.645174026489258 0.65904700756073 0.666715979576111 0.675666987895966 0.688657999038696 0.697203993797302 0.704501986503601 0.709012985229492 0.710859000682831 0.708230018615723 0.68604302406311 0.683125019073486
0.677190005779266 0.652375996112823 0.623157024383545 0.626046001911163 0.630146980285645 0.628280997276306 0.621899008750916 0.630887985229492 0.675884008407593 0.75609302520752 0.79771500825882 0.797954976558685 0.74328202009201 0.673763990402222 0.645539999008179 0.665449023246765 0.701040029525757 0.706825017929077 0.705356001853943 0.723487973213196 0.753481984138489 0.772177994251251 0.766174972057343 0.748521983623505 0.708698987960815 0.68979799747467 0.657770991325378 0.652785003185272 0.655979990959167 0.672083020210266 0.691451013088226 0.688503980636597 0.663612008094788 0.639919996261597 0.612537980079651 0.593407988548279 0.597326993942261 0.601006984710693 0.604623973369598 0.634860992431641 0.666383028030396 0.689899981021881 0.696960985660553 0.696202993392944 0.706750988960266 0.709915995597839 0.704293012619019 0.706188976764679 0.692870020866394 0.68731302022934 0.677600979804993 0.662169992923737
0.652230978012085 0.634199976921082 0.608089029788971 0.60294097661972 0.620306015014648 0.622929990291595 0.628072023391724 0.650516986846924 0.714637994766235 0.776485979557037 0.815765976905823 0.801432013511658 0.763197004795074 0.686944007873535 0.665123999118805 0.688111007213593 0.71288001537323 0.72748601436615 0.713181018829346 0.738979995250702 0.769719004631042 0.775628983974457 0.769747018814087 0.752923011779785 0.726792991161346 0.694284975528717 0.662854015827179 0.65719598531723 0.656198978424072 0.66272097826004 0.655903995037079 0.653694987297058 0.625168025493622 0.610249996185303 0.592836022377014 0.593702018260956 0.593469977378845 0.603419005870819 0.609277009963989 0.647704005241394 0.708339989185333 0.725014984607697 0.713738977909088 0.7100949883461 0.707764029502869 0.706337988376617 0.685025990009308 0.682968020439148 0.683703005313873 0.667536020278931 0.657413005828857 0.656660974025726
0.646215975284576 0.633126974105835 0.621384024620056 0.606042981147766 0.618300020694733 0.657710015773773 0.663528978824615 0.697803974151611 0.760752022266388 0.796591997146606 0.833442986011505 0.821632027626038 0.787970006465912 0.721189022064209 0.688902974128723 0.714197993278503 0.735751986503601 0.735252976417542 0.731020987033844 0.738565981388092 0.755872011184692 0.774120986461639 0.781332015991211 0.750982999801636 0.709140002727509 0.690322995185852 0.666840970516205 0.662207007408142 0.661912977695465 0.64605700969696 0.644052028656006 0.633664011955261 0.608923017978668 0.603340983390808 0.603600978851318 0.609741985797882 0.6198970079422 0.626459002494812 0.644077003002167 0.680366992950439 0.706128001213074 0.727289974689484 0.725427985191345 0.699985027313232 0.69139701128006 0.670768976211548 0.66184800863266 0.649143993854523 0.661867022514343 0.662777006626129 0.658439993858337 0.658863008022308
0.615234017372131 0.645880997180939 0.643909990787506 0.628430008888245 0.661059975624084 0.718854010105133 0.759105026721954 0.760004997253418 0.797724008560181 0.823306977748871 0.825347006320953 0.836091995239258 0.814872980117798 0.751733005046844 0.698552012443542 0.710452973842621 0.742929995059967 0.74718701839447 0.729171991348267 0.723335981369019 0.715838015079498 0.752420008182526 0.757472991943359 0.747509002685547 0.701384007930756 0.669579029083252 0.662841022014618 0.662433981895447 0.673739016056061 0.677269995212555 0.649483978748322 0.63342297077179 0.624143004417419 0.623048007488251 0.622155010700226 0.628117978572845 0.633517980575562 0.643489003181458 0.656336009502411 0.674576997756958 0.693072021007538 0.687866985797882 0.688557982444763 0.668272018432617 0.663770020008087 0.641390979290009 0.625823020935059 0.635680019855499 0.652113974094391 0.659901976585388 0.658940017223358 0.661794006824493
0.62731397151947 0.654828011989594 0.672106027603149 0.695074021816254 0.731380999088287 0.763060986995697 0.789322018623352 0.805441975593567 0.840394973754883 0.845992028713226 0.857798993587494 0.84612500667572 0.814970016479492 0.766129970550537 0.708575010299683 0.698320984840393 0.709065973758698 0.717230021953583 0.715777993202209 0.689601004123688 0.69225800037384 0.722211003303528 0.75961297750473 0.740392982959747 0.695846021175385 0.675303995609283 0.651952028274536 0.662293970584869 0.689599990844727 0.702991008758545 0.682159006595612 0.653706014156342 0.643033027648926 0.643727004528046 0.6458860039711 0.647482991218567 0.649704992771149 0.658982992172241 0.669547021389008 0.670868992805481 0.674080014228821 0.666988015174866 0.671106994152069 0.654169976711273 0.647624015808105 0.632207989692688 0.636592984199524 0.647704005241394 0.665840983390808 0.660924971103668 0.657137989997864 0.660957992076874
0.63764101266861 0.69886702299118 0.733561992645264 0.764819979667664 0.790762007236481 0.798134028911591 0.806895971298218 0.816303014755249 0.846346974372864 0.84680700302124 0.852467000484467 0.837561011314392 0.801069021224976 0.731294989585876 0.684131026268005 0.671858012676239 0.679068028926849 0.703985989093781 0.690409004688263 0.678865015506744 0.668641984462738 0.707019984722137 0.757674992084503 0.745103001594543 0.715781986713409 0.676014006137848 0.664779007434845 0.679765999317169 0.717266023159027 0.743668973445892 0.707358002662659 0.673892974853516 0.662064015865326 0.664301991462708 0.664399027824402 0.64699000120163 0.649659991264343 0.659467995166779 0.683220982551575 0.667879998683929 0.670282006263733 0.674256026744843 0.675859987735748 0.657218992710114 0.652302980422974 0.639060020446777 0.656983017921448 0.668393015861511 0.664026975631714 0.669938027858734 0.661993026733398 0.666170001029968
0.678369998931885 0.729144990444183 0.770497024059296 0.807645976543427 0.818939983844757 0.819105982780457 0.804277002811432 0.820410013198853 0.843993008136749 0.846749007701874 0.843203008174896 0.815478026866913 0.757978975772858 0.710290014743805 0.676342010498047 0.66874098777771 0.678750991821289 0.689005970954895 0.684983015060425 0.675401985645294 0.67364501953125 0.711674988269806 0.769101977348328 0.777225017547607 0.741212010383606 0.694577991962433 0.677672028541565 0.691358983516693 0.74201899766922 0.761583983898163 0.72272801399231 0.688719987869263 0.66423499584198 0.663524985313416 0.663478016853333 0.66364997625351 0.66389399766922 0.672867000102997 0.682264983654022 0.693287014961243 0.694634974002838 0.693253993988037 0.686492025852203 0.66449099779129 0.662102997303009 0.665838003158569 0.674130022525787 0.677578985691071 0.680554986000061 0.681850016117096 0.664692997932434 0.667008996009827
0.711184024810791 0.746282994747162 0.778186976909637 0.812116026878357 0.820688009262085 0.80869597196579 0.791122019290924 0.793734014034271 0.829410970211029 0.83007401227951 0.822059988975525 0.788281977176666 0.73232501745224 0.685203015804291 0.672147989273071 0.673304975032806 0.693424999713898 0.713702023029327 0.705291986465454 0.67432302236557 0.673108994960785 0.714179992675781 0.767301976680756 0.782577991485596 0.752216994762421 0.700806021690369 0.682878017425537 0.68945699930191 0.734690010547638 0.752672970294952 0.738695025444031 0.693898975849152 0.678651988506317 0.659972012042999 0.657217025756836 0.660893023014069 0.683129012584686 0.692905008792877 0.700619995594025 0.711664021015167 0.714389979839325 0.707457005977631 0.682752013206482 0.6737260222435 0.672933995723724 0.676904022693634 0.685540020465851 0.682618021965027 0.682097971439362 0.670840978622437 0.691241979598999 0.678129971027374
0.72113698720932 0.749746978282928 0.753022015094757 0.78515899181366 0.823678016662598 0.814751029014587 0.765964984893799 0.761629998683929 0.780200004577637 0.794993996620178 0.787985026836395 0.762960970401764 0.733505010604858 0.688192009925842 0.676343977451324 0.701806008815765 0.723846018314362 0.729749977588654 0.712714016437531 0.687089025974274 0.699672996997833 0.718454003334045 0.769783020019531 0.77980500459671 0.743193984031677 0.715319991111755 0.682798981666565 0.689087986946106 0.732846021652222 0.773232996463776 0.755761981010437 0.719226002693176 0.682214021682739 0.658137023448944 0.65720397233963 0.680162012577057 0.690221011638641 0.709518015384674 0.712082982063293 0.720593988895416 0.708885014057159 0.705796003341675 0.696027994155884 0.688172996044159 0.668618023395538 0.671257019042969 0.673380017280579 0.674588978290558 0.671808004379272 0.678203999996185 0.68545800447464 0.68731302022934
