Brachyphylla_pumila.asc
ncols  804
nrows  378
xllcorner  -74.6418056
yllcorner  17.2248604
cellsize 0.00833333370646766
NODATA_value  -9999
[rows 115 to 137 of 378, columns 364 to 415 of 804]
0.35784900188446 0.360866993665695 0.382928013801575 0.396661996841431 0.411579996347427 0.423281013965607 0.466836988925934 0.491946995258331 0.503973007202148 0.489181995391846 0.495099008083344 0.493209004402161 0.478830993175507 0.47011598944664 0.450181007385254 0.427174001932144 0.391205996274948 0.383648008108139 0.384979009628296 0.37907201051712 0.372143000364304 0.373163014650345 0.375463008880615 0.381253004074097 0.37474799156189 0.370813012123108 0.367760986089706 0.362617999315262 0.373021006584167 0.407954007387161 0.409197986125946 0.382358014583588 0.363622009754181 0.367583006620407 0.392388999462128 0.397558003664017 0.379072993993759 0.376093000173569 0.376073986291885 0.364208996295929 0.359053999185562 0.350701004266739 0.3488430082798 0.34553200006485 0.344076007604599 0.348601996898651 0.360785007476807 0.370425999164581 0.370626002550125 0.355233013629913 0.346096992492676 0.347218006849289
0.36158499121666 0.373795986175537 0.386952996253967 0.403501003980637 0.413994014263153 0.439595013856888 0.464143007993698 0.483199000358582 0.486541002988815 0.480423986911774 0.461124986410141 0.444656014442444 0.444252997636795 0.444656014442444 0.440337985754013 0.420060008764267 0.386110991239548 0.378520011901855 0.378919988870621 0.381567001342773 0.365116000175476 0.368622988462448 0.371230989694595 0.37745401263237 0.382326006889343 0.364755004644394 0.367311000823975 0.363676995038986 0.365922003984451 0.407117992639542 0.409514993429184 0.386112004518509 0.361481994390488 0.381985992193222 0.405079990625381 0.408805996179581 0.403070002794266 0.378955990076065 0.374141991138458 0.356945008039474 0.353549003601074 0.350005000829697 0.347651988267899 0.340781003236771 0.344639986753464 0.367724001407623 0.394674986600876 0.404760003089905 0.388460010290146 0.381237000226974 0.378134995698929 0.36778798699379
0.360112011432648 0.368961006402969 0.3855220079422 0.40149199962616 0.414867013692856 0.441484004259109 0.473769992589951 0.479939997196198 0.464659988880157 0.429491996765137 0.404942989349365 0.405874013900757 0.426577985286713 0.443195998668671 0.452122002840042 0.416622996330261 0.382517993450165 0.371959000825882 0.376112014055252 0.367577999830246 0.373140007257462 0.373023986816406 0.36754098534584 0.370425999164581 0.369785010814667 0.36269599199295 0.367370009422302 0.355967998504639 0.371089994907379 0.377131998538971 0.388687014579773 0.37355899810791 0.370564997196198 0.383428007364273 0.416754990816116 0.406100988388062 0.393126010894775 0.367114990949631 0.357235997915268 0.349436014890671 0.340617001056671 0.336892008781433 0.349032014608383 0.344006985425949 0.364531010389328 0.389699995517731 0.410932004451752 0.409743994474411 0.40692600607872 0.400871008634567 0.376745998859406 0.368052989244461
0.367895990610123 0.381790012121201 0.38781800866127 0.393644005060196 0.404835999011993 0.432016998529434 0.458052009344101 0.463844001293182 0.438625007867813 0.403230994939804 0.389640003442764 0.396793007850647 0.425069004297256 0.444716989994049 0.428175985813141 0.399435997009277 0.381646990776062 0.364773005247116 0.368344992399216 0.367500007152557 0.373804986476898 0.371922999620438 0.371111005544662 0.376854002475739 0.368358999490738 0.342211008071899 0.340873003005981 0.344480007886887 0.348812013864517 0.355147004127502 0.363193988800049 0.355767995119095 0.365485996007919 0.376105010509491 0.392167985439301 0.377815008163452 0.367338985204697 0.352604985237122 0.35131898522377 0.337574988603592 0.337421000003815 0.323996007442474 0.334791004657745 0.345611989498138 0.371383011341095 0.413044989109039 0.420486003160477 0.398591011762619 0.384171992540359 0.368360996246338 0.36080801486969 0.355908989906311
0.373140007257462 0.378713011741638 0.372985988855362 0.364203989505768 0.38161900639534 0.395819991827011 0.422069996595383 0.443646997213364 0.424367994070053 0.40735399723053 0.399426013231277 0.417107999324799 0.428790003061295 0.4341000020504 0.405061990022659 0.37575501203537 0.378426998853683 0.365889012813568 0.366867989301682 0.368793994188309 0.378973007202148 0.366576999425888 0.364219009876251 0.370146989822388 0.362500995397568 0.341466993093491 0.342002004384995 0.334677010774612 0.342610001564026 0.345427006483078 0.346744000911713 0.340362012386322 0.340184986591339 0.350831985473633 0.35377299785614 0.351588010787964 0.345045000314713 0.34587499499321 0.337913990020752 0.332646012306213 0.329804986715317 0.327591985464096 0.328330993652344 0.358233004808426 0.380820989608765 0.393552988767624 0.386204987764359 0.356889992952347 0.345411002635956 0.347371011972427 0.350203007459641 0.336304008960724
0.390092998743057 0.369356989860535 0.356530994176865 0.341944009065628 0.340222001075745 0.370112001895905 0.407779008150101 0.432188004255295 0.450497001409531 0.440697014331818 0.437059998512268 0.446004003286362 0.43817600607872 0.406910002231598 0.382167994976044 0.371621012687683 0.377007991075516 0.36956200003624 0.366867989301682 0.37405800819397 0.376067996025085 0.37431401014328 0.362646013498306 0.36498498916626 0.362462013959885 0.348094999790192 0.336766004562378 0.337296992540359 0.336459010839462 0.341753989458084 0.334037989377975 0.328253000974655 0.33110299706459 0.32923299074173 0.340335994958878 0.338169991970062 0.343520998954773 0.356696009635925 0.353307008743286 0.346103996038437 0.337161988019943 0.323837012052536 0.32973501086235 0.358072012662888 0.38476300239563 0.367529004812241 0.345959007740021 0.32267901301384 0.326867014169693 0.334962010383606 0.355904012918472 0.329149007797241
0.353359997272491 0.341601997613907 0.324550986289978 0.316130012273788 0.330475002527237 0.354580998420715 0.401468992233276 0.454897999763489 0.477587997913361 0.476426988840103 0.471006989479065 0.46586400270462 0.449196994304657 0.403470009565353 0.384218990802765 0.369722992181778 0.372011989355087 0.367868989706039 0.374514013528824 0.381343990564346 0.368622004985809 0.362549990415573 0.36863499879837 0.357246994972229 0.358886003494263 0.361824989318848 0.351920008659363 0.333525002002716 0.337700992822647 0.338876008987427 0.32855299115181 0.33780300617218 0.321209013462067 0.346666991710663 0.35631600022316 0.369500011205673 0.372745007276535 0.377418011426926 0.374713003635406 0.354009002447128 0.338883012533188 0.335411995649338 0.350145995616913 0.361526012420654 0.355850011110306 0.335969001054764 0.315497010946274 0.301968991756439 0.310438007116318 0.348778992891312 0.361198991537094 0.344604998826981
0.318035989999771 0.308890998363495 0.297854006290436 0.308829009532928 0.331835985183716 0.348944008350372 0.408818006515503 0.447587996721268 0.484095007181168 0.500501990318298 0.500311970710754 0.489053010940552 0.476491987705231 0.430009990930557 0.385471999645233 0.372155994176865 0.369435012340546 0.363292008638382 0.370027005672455 0.367444008588791 0.365399986505508 0.356826990842819 0.354909002780914 0.360933989286423 0.356692999601364 0.357899993658066 0.369738012552261 0.350313007831573 0.347010999917984 0.341358989477158 0.343607008457184 0.335537999868393 0.339305013418198 0.345174014568329 0.365552991628647 0.371461987495422 0.383518993854523 0.394093006849289 0.391597002744675 0.373371005058289 0.366445004940033 0.363323003053665 0.36532598733902 0.359144985675812 0.343598991632462 0.310281008481979 0.292703002691269 0.290396004915237 0.317396998405457 0.362035989761353 0.370299011468887 0.337237000465393
0.286915987730026 0.290632009506226 0.29092800617218 0.30596598982811 0.330015987157822 0.370317995548248 0.411036998033524 0.420778006315231 0.450755000114441 0.468854993581772 0.484122008085251 0.485648989677429 0.483563005924225 0.451081991195679 0.400840014219284 0.374330997467041 0.363234013319016 0.356180995702744 0.357971996068954 0.35335099697113 0.355370998382568 0.355585992336273 0.353861004114151 0.362700998783112 0.360980987548828 0.369688987731934 0.366811007261276 0.346513986587524 0.351260989904404 0.342514008283615 0.349171012639999 0.342801004648209 0.340797990560532 0.345066994428635 0.352167010307312 0.356543987989426 0.374152988195419 0.381882011890411 0.381897002458572 0.381476014852524 0.380602985620499 0.369533002376556 0.359806001186371 0.339107006788254 0.318233996629715 0.303122997283936 0.296425998210907 0.287266999483109 0.319718986749649 0.347927004098892 0.364872008562088 0.328361004590988
0.292773991823196 0.297508001327515 0.308551013469696 0.327338010072708 0.356857985258102 0.393119990825653 0.428802996873856 0.428196012973785 0.434067010879517 0.442826002836227 0.439785987138748 0.489423990249634 0.487004011869431 0.460559993982315 0.408086001873016 0.365583002567291 0.367399007081985 0.359751999378204 0.360238999128342 0.354833006858826 0.356400996446609 0.349694013595581 0.353947013616562 0.358913987874985 0.360390990972519 0.357479006052017 0.349768996238708 0.340642988681793 0.336003005504608 0.341778993606567 0.340413004159927 0.337352991104126 0.340193003416061 0.340209990739822 0.334670007228851 0.33618301153183 0.36626198887825 0.378464013338089 0.37873500585556 0.38102999329567 0.37304499745369 0.368447005748749 0.339183002710342 0.325837999582291 0.315957009792328 0.30841800570488 0.297760993242264 0.29255399107933 0.325650990009308 0.351464003324509 0.363810986280441 0.333373010158539
0.312633007764816 0.327454000711441 0.344989001750946 0.363835006952286 0.387428998947144 0.409702003002167 0.434379994869232 0.420791000127792 0.430334001779556 0.437114000320435 0.437047004699707 0.49227699637413 0.499706000089645 0.47460600733757 0.411500990390778 0.367415994405746 0.363642007112503 0.364008009433746 0.357737988233566 0.356081008911133 0.351779013872147 0.346543997526169 0.342162996530533 0.352649003267288 0.350865989923477 0.352205008268356 0.351864993572235 0.335556000471115 0.331712990999222 0.335554987192154 0.334787011146545 0.33550500869751 0.333748012781143 0.322827994823456 0.33686500787735 0.349788010120392 0.374790996313095 0.394950985908508 0.383186995983124 0.393974006175995 0.372247993946075 0.353886991739273 0.333512991666794 0.310882985591888 0.294180005788803 0.293469995260239 0.28550198674202 0.281401991844177 0.318203002214432 0.342386990785599 0.351116001605988 0.325744986534119
0.327342987060547 0.361901998519897 0.379173010587692 0.381195992231369 0.364239990711212 0.37372499704361 0.374018996953964 0.3627769947052 0.383828014135361 0.429960012435913 0.435528010129929 0.481108993291855 0.494231998920441 0.484903991222382 0.421503007411957 0.39308300614357 0.37372899055481 0.369406014680862 0.362390995025635 0.35309898853302 0.357560992240906 0.346392005681992 0.338030010461807 0.346563994884491 0.344565987586975 0.342781990766525 0.347750008106232 0.342352986335754 0.326950997114182 0.339417994022369 0.342754989862442 0.343524992465973 0.334286004304886 0.331146001815796 0.353803992271423 0.36115500330925 0.385275989770889 0.393871009349823 0.389275997877121 0.366982012987137 0.361714988946915 0.327556997537613 0.312139987945557 0.307668000459671 0.284162998199463 0.286381989717484 0.30085301399231 0.291891008615494 0.317912995815277 0.341448992490768 0.3403539955616 0.327847003936768
0.338559985160828 0.369726002216339 0.400359988212585 0.404186010360718 0.364796012639999 0.341390997171402 0.339915007352829 0.335862010717392 0.346944004297256 0.381758987903595 0.41694700717926 0.42391499876976 0.449019014835358 0.456297993659973 0.433916002511978 0.430568009614944 0.39146900177002 0.382716000080109 0.367302000522614 0.350077986717224 0.341701000928879 0.337123990058899 0.332684010267258 0.341515988111496 0.334185987710953 0.341773003339767 0.342074990272522 0.339581996202469 0.349512010812759 0.354939013719559 0.385098993778229 0.375371009111404 0.363245010375977 0.359723001718521 0.37636598944664 0.385450005531311 0.395684987306595 0.382497012615204 0.369383007287979 0.34943699836731 0.326507985591888 0.307583004236221 0.308221012353897 0.300222992897034 0.286785989999771 0.283286988735199 0.286507993936539 0.288300007581711 0.302644014358521 0.332152992486954 0.337199002504349 0.335537999868393
0.349509000778198 0.365904003381729 0.388177990913391 0.397435009479523 0.370063006877899 0.338526993989944 0.326528012752533 0.325332999229431 0.337958991527557 0.376695990562439 0.417979001998901 0.429053992033005 0.431564003229141 0.438035011291504 0.454086989164352 0.455148994922638 0.420917004346848 0.398519992828369 0.366228997707367 0.348325997591019 0.342233002185822 0.33584401011467 0.337157011032104 0.329726994037628 0.327663004398346 0.335819005966187 0.342267990112305 0.341482996940613 0.36693999171257 0.390448987483978 0.405975013971329 0.402166992425919 0.38280200958252 0.394822001457214 0.39444899559021 0.378681004047394 0.362985998392105 0.344478994607925 0.334423005580902 0.312404006719589 0.311287999153137 0.296561986207962 0.285331010818481 0.293408006429672 0.282029986381531 0.267129987478256 0.272900998592377 0.273317009210587 0.297515004873276 0.319786995649338 0.332100003957748 0.316763013601303
0.372931003570557 0.366748988628387 0.389533013105392 0.389421999454498 0.356052994728088 0.340548992156982 0.329598993062973 0.324573993682861 0.328644007444382 0.365871012210846 0.375717997550964 0.383181005716324 0.396290987730026 0.412230998277664 0.431744992733002 0.426586002111435 0.402339994907379 0.405808985233307 0.375232994556427 0.355764001607895 0.330882012844086 0.326898992061615 0.324366986751556 0.32142299413681 0.321197003126144 0.341226994991302 0.344758987426758 0.354048997163773 0.395359992980957 0.406219989061356 0.405923008918762 0.392637997865677 0.374765992164612 0.360446989536285 0.353873014450073 0.341012001037598 0.322699010372162 0.316987007856369 0.307184010744095 0.298718988895416 0.297185003757477 0.282276004552841 0.275337994098663 0.288269996643066 0.267181009054184 0.252853989601135 0.255683988332748 0.274273008108139 0.28174901008606 0.299387991428375 0.297922998666763 0.295150995254517
0.397518008947372 0.364731997251511 0.3680459856987 0.37797600030899 0.36158499121666 0.344460994005203 0.324656993150711 0.311782985925674 0.326164990663528 0.353989988565445 0.346067994832993 0.334275990724564 0.350255012512207 0.374384999275208 0.388374000787735 0.383778005838394 0.369011014699936 0.373712986707687 0.380735009908676 0.366656988859177 0.348942011594772 0.33712700009346 0.334233999252319 0.33780500292778 0.334026008844376 0.347923010587692 0.369866013526917 0.394207000732422 0.406484007835388 0.39096799492836 0.370539009571075 0.345723986625671 0.340806990861893 0.336124002933502 0.31980100274086 0.314518004655838 0.304152011871338 0.300902992486954 0.295475989580154 0.304172992706299 0.293431997299194 0.275909006595612 0.270175009965897 0.284882992506027 0.264407008886337 0.252768993377686 0.25332298874855 0.258361011743546 0.28533199429512 0.290266007184982 0.29297998547554 0.292919993400574
0.391247004270554 0.365967005491257 0.355659991502762 0.36913400888443 0.357908010482788 0.341583013534546 0.334659993648529 0.329681009054184 0.327385991811752 0.321222990751266 0.331295013427734 0.329726994037628 0.313360989093781 0.321603000164032 0.326716989278793 0.319698005914688 0.319245010614395 0.347773998975754 0.378190010786057 0.394392997026443 0.390821993350983 0.38221800327301 0.371033996343613 0.355742007493973 0.369549989700317 0.384326994419098 0.398521989583969 0.408814013004303 0.384811013936996 0.342532992362976 0.323929995298386 0.334340989589691 0.329658001661301 0.316334992647171 0.305305004119873 0.297001987695694 0.292685985565186 0.281529009342194 0.283376008272171 0.285091996192932 0.289095997810364 0.272222012281418 0.273272007703781 0.277294009923935 0.264429003000259 0.244813993573189 0.234732002019882 0.261532008647919 0.277666985988617 0.295509994029999 0.305269002914429 0.293511986732483
0.357769012451172 0.356101989746094 0.330312013626099 0.342898994684219 0.354672998189926 0.344337999820709 0.337031006813049 0.330695986747742 0.329928994178772 0.327297002077103 0.323491007089615 0.323127001523972 0.321900010108948 0.316128998994827 0.308627992868423 0.288762003183365 0.30069100856781 0.313147991895676 0.349027007818222 0.402375012636185 0.429340004920959 0.421546995639801 0.416314005851746 0.405793011188507 0.400673002004623 0.406327992677689 0.395911991596222 0.368898004293442 0.343436986207962 0.320087999105453 0.315436989068985 0.323087006807327 0.329952001571655 0.316727995872498 0.303140014410019 0.29168701171875 0.285542994737625 0.278742998838425 0.268209993839264 0.276661992073059 0.275725990533829 0.274352997541428 0.270384013652802 0.277298003435135 0.261671006679535 0.246581003069878 0.225256994366646 0.260536998510361 0.288846999406815 0.311293989419937 0.305314004421234 0.303975999355316
0.345640987157822 0.349669009447098 0.32907098531723 0.331901997327805 0.329598993062973 0.329266995191574 0.334316998720169 0.334957987070084 0.322524011135101 0.327340990304947 0.319615989923477 0.299250990152359 0.312891989946365 0.320232003927231 0.299630999565125 0.292362987995148 0.287349998950958 0.301254987716675 0.334879994392395 0.370451003313065 0.41694700717926 0.440429002046585 0.443827986717224 0.42731899023056 0.414586991071701 0.385239005088806 0.360480010509491 0.33406999707222 0.314033985137939 0.299165010452271 0.311917006969452 0.340813010931015 0.347725003957748 0.318345010280609 0.300781011581421 0.299286991357803 0.285842001438141 0.281807988882065 0.275200992822647 0.276154011487961 0.285715997219086 0.274507999420166 0.279397010803223 0.27054500579834 0.266954988241196 0.248172000050545 0.241973996162415 0.260940998792648 0.275976985692978 0.305768013000488 0.318138986825943 0.316706001758575
0.355596005916595 0.352324992418289 0.336064994335175 0.328911989927292 0.332455009222031 0.331461012363434 0.333020001649857 0.331872999668121 0.318129986524582 0.322899013757706 0.306708008050919 0.294506996870041 0.312543988227844 0.316817998886108 0.306091010570526 0.30867800116539 0.301575005054474 0.303665012121201 0.325594007968903 0.354059994220734 0.395767003297806 0.427877008914948 0.445841997861862 0.424201011657715 0.408170998096466 0.362764000892639 0.321657001972198 0.304201006889343 0.302475988864899 0.293680995702744 0.306068003177643 0.33110898733139 0.327932000160217 0.306805998086929 0.302394986152649 0.303355991840363 0.296741008758545 0.272210001945496 0.275362014770508 0.279477000236511 0.280470013618469 0.258547008037567 0.275113999843597 0.248601004481316 0.2517029941082 0.24856099486351 0.249088004231453 0.269196003675461 0.275626987218857 0.301488012075424 0.29661300778389 0.28268700838089
0.353172987699509 0.345647007226944 0.315887004137039 0.30927500128746 0.326613008975983 0.352905988693237 0.36676099896431 0.355720013380051 0.33891299366951 0.326270997524261 0.32209101319313 0.309031009674072 0.315696001052856 0.301492005586624 0.299129992723465 0.299807995557785 0.289552003145218 0.30324000120163 0.314530998468399 0.336813986301422 0.36140701174736 0.402420997619629 0.426833987236023 0.416579008102417 0.388556987047195 0.351913005113602 0.316134989261627 0.309538006782532 0.307635992765427 0.296663999557495 0.31445300579071 0.326065003871918 0.324117988348007 0.300707995891571 0.296766012907028 0.286760985851288 0.288468986749649 0.267663985490799 0.258623987436295 0.266912013292313 0.266914993524551 0.251020014286041 0.267695009708405 0.260838985443115 0.253315985202789 0.242664992809296 0.233156993985176 0.248389005661011 0.278136998414993 0.312857002019882 0.306156992912292 0.290948003530502
0.347703993320465 0.339394986629486 0.31666100025177 0.305260002613068 0.324124991893768 0.363777011632919 0.377487987279892 0.361055999994278 0.343683004379272 0.32429701089859 0.318951994180679 0.31395098567009 0.303021013736725 0.292755991220474 0.298013001680374 0.292259991168976 0.293249011039734 0.305911004543304 0.307202011346817 0.317858010530472 0.339390009641647 0.362580001354218 0.38689398765564 0.386575013399124 0.392699003219604 0.354541003704071 0.331568002700806 0.330045998096466 0.320704996585846 0.298444002866745 0.306248009204865 0.314460009336472 0.307543009519577 0.301026999950409 0.290069013834 0.286137998104095 0.269344002008438 0.259871006011963 0.252606004476547 0.252907007932663 0.2500079870224 0.240173995494843 0.256700992584229 0.253986001014709 0.255320996046066 0.242418006062508 0.223548993468285 0.248870998620987 0.268546998500824 0.292688995599747 0.308165997266769 0.274614989757538
0.355533003807068 0.351217001676559 0.347214996814728 0.333831995725632 0.328494012355804 0.345578998327255 0.355762004852295 0.353951007127762 0.34043300151825 0.33008599281311 0.319617986679077 0.315616995096207 0.293181002140045 0.282508999109268 0.300289005041122 0.322232007980347 0.340709000825882 0.352239996194839 0.34196001291275 0.320946007966995 0.309895992279053 0.324993014335632 0.350540012121201 0.369776010513306 0.377007007598877 0.353074014186859 0.354065001010895 0.347694009542465 0.323316991329193 0.307370007038116 0.314465999603271 0.304455012083054 0.300644010305405 0.299831002950668 0.284945011138916 0.272220999002457 0.259521991014481 0.233465000987053 0.233472004532814 0.239454999566078 0.235634997487068 0.229462996125221 0.23811699450016 0.236991003155708 0.248017996549606 0.247206002473831 0.237427994608879 0.245866999030113 0.250795006752014 0.256933987140656 0.275303989648819 0.263561993837357
