Brachyphylla_pumila.asc
ncols  804
nrows  378
xllcorner  -74.6418056
yllcorner  17.2248604
cellsize 0.00833333370646766
NODATA_value  -9999
[rows 230 to 252 of 378, columns 260 to 311 of 804]
0.500122010707855 0.54033100605011 0.53090101480484 0.564872026443481 0.53405499458313 0.503624975681305 0.501232028007507 0.473455011844635 0.521897971630096 0.470748990774155 0.430563002824783 0.413819998502731 0.365328013896942 0.355064988136292 0.370929002761841 0.401392012834549 0.421499997377396 0.431248009204865 0.432411998510361 0.425063997507095 0.437433004379272 0.446869999170303 0.492238998413086 0.528057992458344 0.542107999324799 0.553124010562897 0.566344976425171 0.564469993114471 0.559683978557587 0.540296971797943 0.548925995826721 0.527957022190094 0.511837005615234 0.500814020633698 0.476020991802216 0.455022007226944 0.428027004003525 0.458539992570877 0.458840996026993 0.463786989450455 0.446377992630005 0.461883991956711 0.473055005073547 0.477921992540359 0.449180006980896 0.419640988111496 0.415654987096786 0.402660995721817 0.41108301281929 0.379940986633301 0.355684995651245 0.3610700070858
0.506340980529785 0.540274977684021 0.566449999809265 0.587237000465393 0.522199988365173 0.500841975212097 0.529848992824554 0.488186985254288 0.507624983787537 0.506772994995117 0.46577200293541 0.464569985866547 0.430521011352539 0.410355985164642 0.411644011735916 0.421205997467041 0.424695998430252 0.429654985666275 0.417098999023438 0.423078000545502 0.421344995498657 0.424088001251221 0.4583860039711 0.478688985109329 0.503035008907318 0.519288003444672 0.543565988540649 0.550432026386261 0.562830984592438 0.570204019546509 0.570707023143768 0.563704013824463 0.545400023460388 0.512273013591766 0.483007997274399 0.482235997915268 0.479178011417389 0.440672010183334 0.401562005281448 0.408044010400772 0.445324003696442 0.47071498632431 0.475441992282867 0.464996993541718 0.460590988397598 0.450278997421265 0.424903988838196 0.416545003652573 0.41524401307106 0.403497010469437 0.396937996149063 0.394849985837936
0.5051149725914 0.541441023349762 0.614395976066589 0.581579983234406 0.532670021057129 0.520491003990173 0.535486996173859 0.500616014003754 0.532477021217346 0.525949001312256 0.504772007465363 0.475544005632401 0.457552999258041 0.436542987823486 0.427307993173599 0.453763008117676 0.471920996904373 0.484531998634338 0.449993014335632 0.449737012386322 0.449459999799728 0.425134003162384 0.418711006641388 0.438463985919952 0.462532013654709 0.508445978164673 0.514364004135132 0.507377982139587 0.539961993694305 0.532773971557617 0.547725021839142 0.537472009658813 0.551912009716034 0.531310021877289 0.506579995155334 0.491540014743805 0.472241014242172 0.435054987668991 0.386781007051468 0.373584985733032 0.396499007940292 0.433712989091873 0.450865000486374 0.446673989295959 0.447955012321472 0.454039007425308 0.43656599521637 0.435106992721558 0.420791000127792 0.393281996250153 0.377400994300842 0.381321012973785
0.507678985595703 0.531444013118744 0.583508014678955 0.594841003417969 0.543024003505707 0.52328497171402 0.550952017307281 0.50635701417923 0.520133018493652 0.511004984378815 0.509034991264343 0.456416994333267 0.420134991407394 0.427758991718292 0.456948012113571 0.487565994262695 0.476752996444702 0.452277988195419 0.455247014760971 0.480118989944458 0.472133010625839 0.47207099199295 0.464843988418579 0.499529004096985 0.513447999954224 0.521180987358093 0.542580008506775 0.501365005970001 0.503947019577026 0.511059999465942 0.535081028938293 0.520008981227875 0.508473992347717 0.524124979972839 0.500841975212097 0.493867009878159 0.483373999595642 0.468281000852585 0.436527997255325 0.399686008691788 0.398571014404297 0.404484987258911 0.420574992895126 0.423521012067795 0.435065001249313 0.415360987186432 0.404116004705429 0.405369013547897 0.418155997991562 0.410658985376358 0.382997006177902 0.345548003911972
0.479930013418198 0.500661015510559 0.523663997650146 0.567445993423462 0.569339990615845 0.547169029712677 0.534808993339539 0.549462974071503 0.514356970787048 0.508149027824402 0.51604300737381 0.451303988695145 0.4098179936409 0.466165989637375 0.46527498960495 0.476150989532471 0.474837988615036 0.484836995601654 0.486813008785248 0.467682003974915 0.461805999279022 0.481045991182327 0.504841029644012 0.551160991191864 0.543991982936859 0.539879024028778 0.558588027954102 0.573234975337982 0.536845028400421 0.54434597492218 0.541597008705139 0.542715013027191 0.496547996997833 0.499626994132996 0.492843002080917 0.479898005723953 0.480140000581741 0.475383013486862 0.453117996454239 0.421682000160217 0.42442598938942 0.400000005960464 0.415706992149353 0.420235008001328 0.437712997198105 0.408167004585266 0.395990997552872 0.392798006534576 0.395796000957489 0.415037006139755 0.374817997217178 0.361988991498947
0.467388987541199 0.479712009429932 0.498429000377655 0.511699020862579 0.535691976547241 0.528412997722626 0.534114003181458 0.566655993461609 0.556433975696564 0.549272000789642 0.530331015586853 0.498890995979309 0.4809730052948 0.461169987916946 0.451997995376587 0.48369899392128 0.491484999656677 0.481772005558014 0.465281993150711 0.453179001808167 0.49099799990654 0.501590013504028 0.514922976493835 0.555592000484467 0.572724997997284 0.527338027954102 0.56002402305603 0.589075982570648 0.561281979084015 0.524731993675232 0.505859971046448 0.507535994052887 0.482264012098312 0.474550008773804 0.451535999774933 0.469731003046036 0.468371987342834 0.463526010513306 0.463656008243561 0.459421008825302 0.455823004245758 0.424663007259369 0.401430994272232 0.400025993585587 0.420139014720917 0.408699005842209 0.396048992872238 0.374424993991852 0.361055999994278 0.392919987440109 0.406823992729187 0.351731985807419
0.470551997423172 0.490530014038086 0.487628996372223 0.482773005962372 0.497417986392975 0.517002999782562 0.525246977806091 0.557632982730865 0.557283997535706 0.541360020637512 0.522297024726868 0.493425995111465 0.503809988498688 0.474027991294861 0.495896995067596 0.505693972110748 0.478796988725662 0.473307996988297 0.457899987697601 0.467718988656998 0.495404005050659 0.49083998799324 0.545360028743744 0.563449025154114 0.570007026195526 0.52061402797699 0.513352990150452 0.529242992401123 0.531607985496521 0.496201992034912 0.48921999335289 0.476491004228592 0.458447009325027 0.452977001667023 0.431169986724854 0.44335600733757 0.455332010984421 0.477849990129471 0.427327990531921 0.395673990249634 0.424102991819382 0.425186991691589 0.394798010587692 0.368571013212204 0.393081992864609 0.375515997409821 0.380896002054214 0.374430000782013 0.354070991277695 0.357930988073349 0.395224988460541 0.383363008499146
0.528587996959686 0.535844027996063 0.517448008060455 0.506247997283936 0.4999980032444 0.510883986949921 0.522836029529572 0.492884010076523 0.514186978340149 0.495851010084152 0.462606012821198 0.463039994239807 0.474788010120392 0.482679009437561 0.464854001998901 0.490438014268875 0.464601010084152 0.428216010332108 0.439159989356995 0.424883991479874 0.435189992189407 0.448168009519577 0.503718018531799 0.54032701253891 0.539526998996735 0.52360200881958 0.51255202293396 0.474649995565414 0.484833002090454 0.446188002824783 0.439832001924515 0.445753008127213 0.449950993061066 0.45320200920105 0.441641986370087 0.43257600069046 0.44464299082756 0.490186989307404 0.474646002054214 0.428241014480591 0.41286700963974 0.436084985733032 0.384333997964859 0.345127999782562 0.359456986188889 0.366275012493134 0.373028010129929 0.360947012901306 0.356209993362427 0.343823999166489 0.35266900062561 0.391203999519348
0.558938026428223 0.560899972915649 0.519942998886108 0.530847012996674 0.534704029560089 0.52141398191452 0.541909992694855 0.493604004383087 0.502501010894775 0.475051999092102 0.466870009899139 0.438818007707596 0.423224985599518 0.428333014249802 0.43851500749588 0.434534996747971 0.441879987716675 0.42103099822998 0.40863299369812 0.431284010410309 0.442122012376785 0.460449993610382 0.460209995508194 0.488624006509781 0.487578988075256 0.474557012319565 0.469846993684769 0.468277007341385 0.460363000631332 0.409366011619568 0.426026999950409 0.412043005228043 0.433744013309479 0.441383004188538 0.431728005409241 0.445500999689102 0.452650010585785 0.453777998685837 0.45279398560524 0.460837990045547 0.439379990100861 0.430153995752335 0.38077899813652 0.332996994256973 0.318569988012314 0.330727010965347 0.333341002464294 0.359360992908478 0.328797996044159 0.316143989562988 0.317387014627457 0.350870996713638
0.568464994430542 0.586992025375366 0.580483019351959 0.5901700258255 0.563342988491058 0.551809012889862 0.560900986194611 0.512471973896027 0.494506001472473 0.507709980010986 0.455181986093521 0.425006002187729 0.397525995969772 0.373775988817215 0.405151009559631 0.386916011571884 0.409402996301651 0.411639004945755 0.401335000991821 0.371993005275726 0.397953003644943 0.430871993303299 0.420756012201309 0.43632099032402 0.425866007804871 0.415385991334915 0.399569004774094 0.405800014734268 0.402054011821747 0.408928006887436 0.401811003684998 0.417567014694214 0.415116012096405 0.42008501291275 0.416510999202728 0.434372991323471 0.442512989044189 0.448141008615494 0.42740198969841 0.436760008335114 0.427525997161865 0.424923002719879 0.397715985774994 0.343807011842728 0.307516008615494 0.310665011405945 0.308265000581741 0.326602011919022 0.3194540143013 0.312000006437302 0.301613986492157 0.345934003591537
0.639252007007599 0.638576984405518 0.616451025009155 0.604471981525421 0.575037002563477 0.564216017723083 0.556558012962341 0.539151012897491 0.521445989608765 0.503592014312744 0.459601998329163 0.399237006902695 0.360866010189056 0.378244996070862 0.384366989135742 0.367118000984192 0.402588993310928 0.372942000627518 0.398900002241135 0.382541000843048 0.347553014755249 0.362475007772446 0.351669996976852 0.367318004369736 0.367511987686157 0.379040986299515 0.393889009952545 0.39317199587822 0.389856994152069 0.354705005884171 0.377436012029648 0.370779991149902 0.392419010400772 0.389959990978241 0.400413006544113 0.407195001840591 0.424196004867554 0.425215005874634 0.425938993692398 0.411291986703873 0.419948995113373 0.409723997116089 0.406298011541367 0.369848012924194 0.309015989303589 0.290488004684448 0.306326001882553 0.296700000762939 0.281437009572983 0.288028001785278 0.30486398935318 0.307343989610672
0.646203994750977 0.634141027927399 0.616636991500854 0.591503977775574 0.56912499666214 0.548026025295258 0.548816978931427 0.538574993610382 0.503566980361938 0.49711999297142 0.465880006551743 0.414344012737274 0.355567008256912 0.370907992124557 0.384483009576797 0.378944993019104 0.385935992002487 0.370878994464874 0.378551989793777 0.39444100856781 0.373194992542267 0.328653991222382 0.297509014606476 0.312718987464905 0.307489007711411 0.324871003627777 0.344965010881424 0.366070985794067 0.375492990016937 0.338369011878967 0.350300014019012 0.343225002288818 0.366806000471115 0.375986009836197 0.399248003959656 0.405562996864319 0.391348004341125 0.400436013936996 0.387546002864838 0.388018012046814 0.411992013454437 0.39563399553299 0.419863998889923 0.396551012992859 0.363386005163193 0.334091007709503 0.313315987586975 0.278937995433807 0.271605998277664 0.252887010574341 0.285221993923187 0.27709299325943
0.638929009437561 0.640909016132355 0.600911974906921 0.576798021793365 0.577642023563385 0.561936974525452 0.559207022190094 0.533104002475739 0.514379024505615 0.491048008203506 0.467698007822037 0.438032001256943 0.360790997743607 0.329167008399963 0.37601700425148 0.38596099615097 0.387629002332687 0.361025005578995 0.369890987873077 0.381247013807297 0.375353991985321 0.334571987390518 0.290800005197525 0.252357989549637 0.274401009082794 0.298664003610611 0.311311990022659 0.32404699921608 0.324923992156982 0.311264008283615 0.326768010854721 0.33049800992012 0.3279629945755 0.328783988952637 0.341978013515472 0.381246000528336 0.386905997991562 0.376850008964539 0.373521000146866 0.380450010299683 0.379943013191223 0.377644002437592 0.406729012727737 0.395314007997513 0.387591987848282 0.350342988967896 0.308816999197006 0.260910004377365 0.263471990823746 0.257600009441376 0.241567999124527 0.244606003165245
0.63375997543335 0.600446999073029 0.599811971187592 0.583777010440826 0.585546970367432 0.576880991458893 0.558830976486206 0.535185992717743 0.517148017883301 0.505155026912689 0.481018990278244 0.453137993812561 0.423644989728928 0.386063992977142 0.389219999313354 0.379202991724014 0.375636011362076 0.376576989889145 0.364167004823685 0.357883989810944 0.333873003721237 0.321119010448456 0.30069899559021 0.289449006319046 0.3056960105896 0.331582009792328 0.329605996608734 0.322898000478745 0.313953012228012 0.314713001251221 0.318217009305954 0.319476008415222 0.32839098572731 0.349599003791809 0.341302990913391 0.333602994680405 0.334637999534607 0.330011993646622 0.33610200881958 0.349934995174408 0.376758009195328 0.392408013343811 0.389898985624313 0.399114996194839 0.380436986684799 0.328135013580322 0.28838899731636 0.28218600153923 0.278647005558014 0.276912003755569 0.27649998664856 0.263283014297485
0.613506019115448 0.604435980319977 0.586416006088257 0.570424973964691 0.56097400188446 0.545005023479462 0.530923008918762 0.527915000915527 0.508082985877991 0.491394013166428 0.480792999267578 0.467480003833771 0.445362001657486 0.446981012821198 0.461302012205124 0.433928996324539 0.411011010408401 0.408693999052048 0.370081007480621 0.332459002733231 0.332257986068726 0.328085988759995 0.337911009788513 0.347099989652634 0.343344986438751 0.347921013832092 0.352786988019943 0.348136991262436 0.34994700551033 0.356002986431122 0.365871012210846 0.367109000682831 0.380888998508453 0.378767013549805 0.375757992267609 0.358314990997314 0.355607986450195 0.36251500248909 0.366153001785278 0.373035997152328 0.363842993974686 0.362511992454529 0.352355986833572 0.350643008947372 0.347099006175995 0.340792000293732 0.340629011392593 0.321262001991272 0.305471003055573 0.307054996490479 0.312550008296967 0.318497985601425
0.603042006492615 0.597634971141815 0.586283028125763 0.577237010002136 0.578603029251099 0.571664988994598 0.553710997104645 0.550526976585388 0.549326002597809 0.523723006248474 0.508283019065857 0.513589024543762 0.515066981315613 0.543060004711151 0.521941006183624 0.508812010288239 0.495278000831604 0.471401005983353 0.439067006111145 0.381024986505508 0.368515014648438 0.384784996509552 0.361312985420227 0.379792988300323 0.388186991214752 0.399592012166977 0.400177001953125 0.397000998258591 0.40326601266861 0.40472599864006 0.406006991863251 0.417268007993698 0.407240986824036 0.413378000259399 0.409009009599686 0.395523011684418 0.391773998737335 0.383962005376816 0.406940996646881 0.414620012044907 0.404193997383118 0.400963991880417 0.403970003128052 0.407707989215851 0.408068001270294 0.419728010892868 0.400795996189117 0.381060004234314 0.346448987722397 0.346230000257492 0.3541199862957 0.359398007392883
0.591156005859375 0.58542001247406 0.592176973819733 0.571071982383728 0.588576018810272 0.587974011898041 0.574871003627777 0.569719970226288 0.554849028587341 0.558896005153656 0.551558971405029 0.558817982673645 0.551180005073547 0.607797026634216 0.61915397644043 0.558893024921417 0.533901989459991 0.49796798825264 0.48199599981308 0.435279011726379 0.434345006942749 0.427644014358521 0.391209006309509 0.395608007907867 0.416509985923767 0.434603989124298 0.450313001871109 0.442748993635178 0.4340940117836 0.448323011398315 0.449539005756378 0.462123990058899 0.47079399228096 0.460601985454559 0.450502991676331 0.436329007148743 0.419432997703552 0.421676009893417 0.445479989051819 0.467090010643005 0.454953998327255 0.455289989709854 0.448817014694214 0.465631991624832 0.469067990779877 0.470104992389679 0.464208006858826 0.440629005432129 0.411338001489639 0.402947008609772 0.408574998378754 0.383190006017685
0.598423004150391 0.571015000343323 0.592884004116058 0.579319000244141 0.554481983184814 0.554692983627319 0.577423989772797 0.580276012420654 0.561955988407135 0.574424982070923 0.592132985591888 0.603277027606964 0.602317988872528 0.627129018306732 0.622070014476776 0.547168016433716 0.541898012161255 0.52437299489975 0.50756299495697 0.473814010620117 0.445071011781693 0.426845997571945 0.421445995569229 0.420152008533478 0.44268199801445 0.458849996328354 0.476063996553421 0.475703001022339 0.476007014513016 0.48063001036644 0.481866002082825 0.484026998281479 0.510664999485016 0.497467994689941 0.495292007923126 0.480425000190735 0.478870987892151 0.480235993862152 0.491034001111984 0.510028004646301 0.516848981380463 0.513853013515472 0.51385897397995 0.536436021327972 0.545826017856598 0.54339200258255 0.509636998176575 0.504899024963379 0.474052995443344 0.462191998958588 0.469491004943848 0.461394011974335
0.56639301776886 0.585102021694183 0.571995973587036 0.582562029361725 0.565737009048462 0.555218994617462 0.589186012744904 0.588786005973816 0.596866011619568 0.594842970371246 0.598048985004425 0.593909978866577 0.629827976226807 0.655524015426636 0.632402002811432 0.572951972484589 0.566865026950836 0.547885000705719 0.519186973571777 0.499624997377396 0.478702008724213 0.475439012050629 0.461640000343323 0.446895986795425 0.452057987451553 0.481269001960754 0.502062022686005 0.500796020030975 0.49277201294899 0.493658006191254 0.497813999652863 0.514912009239197 0.529873013496399 0.5276700258255 0.542002975940704 0.523304998874664 0.525416016578674 0.526259005069733 0.523899972438812 0.541119992733002 0.55265200138092 0.561339974403381 0.555595993995667 0.547025978565216 0.586170971393585 0.581658005714417 0.563630998134613 0.556329011917114 0.537701010704041 0.537608981132507 0.547861993312836 0.533851027488708
0.548366010189056 0.606625020503998 0.590610027313232 0.611119985580444 0.612001001834869 0.593262016773224 0.627597987651825 0.609127998352051 0.608995020389557 0.628455996513367 0.616550028324127 0.62304300069809 0.609421014785767 0.647803008556366 0.650294005870819 0.615559995174408 0.586319029331207 0.545684993267059 0.522226989269257 0.515030026435852 0.502247989177704 0.489286988973618 0.478870987892151 0.46119698882103 0.472961992025375 0.501657009124756 0.517852008342743 0.516776025295258 0.513652980327606 0.51793098449707 0.520530998706818 0.527454018592834 0.540363013744354 0.546302974224091 0.560828983783722 0.556019008159637 0.571198999881744 0.566542029380798 0.578665018081665 0.575266003608704 0.576488018035889 0.586368978023529 0.601818978786469 0.584926009178162 0.5832279920578 0.615813016891479 0.616765975952148 0.595963001251221 0.584307014942169 0.597949028015137 0.584450006484985 0.600032985210419
0.601077020168304 0.622030973434448 0.628207981586456 0.631192028522491 0.624207019805908 0.627807974815369 0.643229007720947 0.658002972602844 0.664968013763428 0.649667978286743 0.652316987514496 0.664205014705658 0.635555982589722 0.650686979293823 0.663793981075287 0.625364005565643 0.608081996440887 0.57430899143219 0.605292022228241 0.578966975212097 0.548982977867126 0.524839997291565 0.521441996097565 0.495364993810654 0.486838012933731 0.511380016803741 0.537410020828247 0.538636028766632 0.554300010204315 0.548578023910522 0.552107989788055 0.553137004375458 0.557299971580505 0.572580993175507 0.575150012969971 0.569353997707367 0.582697987556458 0.597467005252838 0.620805025100708 0.621026992797852 0.625463008880615 0.599753022193909 0.623704016208649 0.606854021549225 0.614987015724182 0.638447999954224 0.637000977993011 0.646674990653992 0.63491302728653 0.631072998046875 0.617003977298737 0.618682980537415
0.65515798330307 0.671184003353119 0.691842019557953 0.669950008392334 0.670525014400482 0.672819972038269 0.681428015232086 0.692198991775513 0.694977998733521 0.662370026111603 0.676352977752686 0.673271000385284 0.663520991802216 0.688970983028412 0.700004994869232 0.66051197052002 0.649420976638794 0.615970015525818 0.635311007499695 0.60537201166153 0.577904999256134 0.582840979099274 0.564234972000122 0.548536002635956 0.527781009674072 0.535193026065826 0.556365013122559 0.573505997657776 0.5781409740448 0.567977011203766 0.567622005939484 0.574419975280762 0.574424028396606 0.579110026359558 0.579037010669708 0.582077026367188 0.600767016410828 0.613126993179321 0.632342994213104 0.654702007770538 0.655806005001068 0.634293973445892 0.630189001560211 0.635389983654022 0.629647970199585 0.651099026203156 0.66880601644516 0.655111014842987 0.632378995418549 0.651030004024506 0.635371029376984 0.637714028358459
0.695499002933502 0.710222005844116 0.709917008876801 0.708555996417999 0.708555996417999 0.710642993450165 0.707996010780334 0.698276996612549 0.705518007278442 0.680280983448029 0.674817979335785 0.6701740026474 0.652832984924316 0.682340025901794 0.709344029426575 0.700352013111115 0.696615993976593 0.654766976833344 0.652440011501312 0.62396502494812 0.61395001411438 0.586075007915497 0.577713012695313 0.565917015075684 0.548183023929596 0.566631019115448 0.579167008399963 0.593441009521484 0.590309023857117 0.58729499578476 0.589389979839325 0.594523012638092 0.603206992149353 0.604337990283966 0.618551015853882 0.630007028579712 0.620990991592407 0.646025002002716 0.634196996688843 0.663267016410828 0.682233989238739 0.693828999996185 0.691181004047394 0.693620979785919 0.663616001605988 0.677636981010437 0.693848013877869 0.6908820271492 0.666886985301971 0.671824991703033 0.646200001239777 0.653558015823364
