Brachyphylla_pumila.asc
ncols  804
nrows  378
xllcorner  -74.6418056
yllcorner  17.2248604
cellsize 0.00833333370646766
NODATA_value  -9999
[rows 138 to 160 of 378, columns 572 to 623 of 804]
0.587234973907471 0.572660982608795 0.557310998439789 0.541607022285461 0.538516998291016 0.535519003868103 0.530642986297607 0.538474977016449 0.532616019248962 0.536642014980316 0.541405975818634 0.541535973548889 0.538006007671356 0.537560999393463 0.537286996841431 0.539036989212036 0.53938901424408 0.54092401266098 0.553451001644135 0.553255021572113 0.552522003650665 0.551496982574463 0.549857020378113 0.549417018890381 0.549102008342743 0.552073001861572 0.556361019611359 0.561536014080048 0.561131000518799 0.556261003017426 0.54866099357605 0.549094021320343 0.550984978675842 0.553699016571045 0.573234975337982 0.57607501745224 0.581471979618073 0.591925024986267 0.599453985691071 0.599048972129822 0.592748999595642 0.58399897813797 0.561738014221191 0.560257971286774 0.562606990337372 0.58455902338028 0.585479021072388 0.592396020889282 0.598812997341156 0.612614989280701 0.653024017810822 0.667375981807709
0.588531017303467 0.579985976219177 0.564132988452911 0.545387029647827 0.541260004043579 0.541099011898041 0.535311996936798 0.543192982673645 0.538699984550476 0.542638003826141 0.547833025455475 0.546060025691986 0.543805003166199 0.542343020439148 0.543603003025055 0.548313021659851 0.551014006137848 0.54782897233963 0.548025012016296 0.547836005687714 0.547456026077271 0.547403991222382 0.546819984912872 0.546850979328156 0.5485680103302 0.565136015415192 0.573432981967926 0.583438992500305 0.585789024829865 0.57957398891449 -9999 -9999 -9999 -9999 -9999 0.570115983486176 0.572055995464325 0.576126992702484 0.579626977443695 0.57939600944519 0.575691998004913 0.57430499792099 0.571493029594421 0.5677649974823 0.565571010112762 0.568270981311798 0.568580985069275 0.565712988376617 0.592191994190216 0.609485983848572 0.631258010864258 0.648910999298096
0.574311971664429 0.566341996192932 0.556729972362518 0.549148976802826 0.552672028541565 0.55334997177124 0.55084502696991 0.54797899723053 0.547444999217987 0.547679007053375 0.551482021808624 0.550019979476929 0.547187983989716 0.54422801733017 0.548332989215851 0.552954018115997 0.556432008743286 0.554323971271515 0.554549992084503 0.554387986660004 0.5539910197258 0.553434014320374 0.553786993026733 0.553992986679077 0.555539011955261 0.558965027332306 0.569664001464844 0.583805978298187 0.589295029640198 0.582624971866608 -9999 -9999 -9999 -9999 -9999 -9999 -9999 -9999 -9999 -9999 -9999 -9999 -9999 -9999 -9999 0.580550014972687 0.578306019306183 0.577467978000641 0.580211997032166 0.585125029087067 0.593532025814056 0.628117978572845
0.560293972492218 0.555860996246338 0.549929976463318 0.545222997665405 0.54899400472641 0.550679981708527 0.552968978881836 0.552272975444794 0.553111016750336 0.552148997783661 0.553225994110107 0.551133990287781 0.550042986869812 0.548225998878479 0.549296021461487 0.55365401506424 0.559041976928711 0.559870004653931 0.558786988258362 0.559598028659821 0.558741986751556 0.558457970619202 0.558822989463806 0.559713006019592 0.559718012809753 0.562533974647522 0.575989007949829 0.591400980949402 0.598977982997894 0.593554973602295 -9999 -9999 -9999 -9999 -9999 -9999 -9999 -9999 -9999 -9999 -9999 -9999 -9999 -9999 -9999 -9999 -9999 -9999 -9999 -9999 -9999 0.599219977855682
0.545300006866455 0.548187017440796 0.545692980289459 0.546356976032257 0.549157023429871 0.552277028560638 0.553695023059845 0.554639995098114 0.553408026695251 0.552533984184265 0.551114976406097 0.552302002906799 0.553205013275146 0.555544972419739 0.553717970848083 0.55494499206543 0.557760000228882 0.559697985649109 0.56053900718689 0.561384975910187 0.562466025352478 0.562277019023895 0.563380002975464 0.56350702047348 0.563717007637024 0.56725800037384 0.582516014575958 0.59799998998642 0.603033006191254 0.598316013813019 -9999 -9999 -9999 -9999 -9999 -9999 -9999 -9999 -9999 -9999 -9999 -9999 -9999 -9999 -9999 -9999 -9999 -9999 -9999 -9999 -9999 -9999
0.551154017448425 0.554148018360138 0.543426990509033 0.546981990337372 0.553188979625702 0.554129004478455 0.554408013820648 0.554050981998444 0.553498983383179 0.553045988082886 0.552591025829315 0.554261028766632 0.556944012641907 0.558746993541718 0.560041010379791 0.560344994068146 0.560240983963013 0.561412990093231 0.563657999038696 0.563887000083923 0.565361976623535 0.566522002220154 0.566648006439209 0.566658020019531 0.567911982536316 0.574329018592834 0.58932900428772 0.600937008857727 0.60632199048996 0.601594984531403 -9999 -9999 -9999 -9999 -9999 -9999 -9999 -9999 -9999 -9999 -9999 -9999 -9999 -9999 -9999 -9999 -9999 -9999 -9999 -9999 -9999 -9999
0.550234973430634 0.550179004669189 0.554777026176453 0.559267997741699 0.565647006034851 0.566394984722137 0.555576026439667 0.555625021457672 0.554980993270874 0.55239599943161 0.553031027317047 0.554431974887848 0.559072017669678 0.561479985713959 0.564921975135803 0.565186023712158 0.565096974372864 0.56217098236084 0.563486993312836 0.565150022506714 0.567178010940552 0.568637013435364 0.569180011749268 0.569024980068207 0.572220027446747 0.585072994232178 0.598778009414673 0.608051002025604 0.607001006603241 0.602558016777039 -9999 -9999 -9999 -9999 -9999 -9999 -9999 -9999 -9999 -9999 -9999 -9999 -9999 -9999 -9999 -9999 -9999 -9999 -9999 -9999 -9999 -9999
0.549861013889313 0.550872981548309 0.554805994033813 0.559221982955933 0.561303973197937 0.564799010753632 0.567344009876251 0.569284975528717 0.570306003093719 0.555472016334534 0.554866015911102 0.557663977146149 0.562547028064728 0.564054012298584 0.569347977638245 0.571566998958588 0.572009980678558 0.566637992858887 0.565144002437592 0.568192005157471 0.572960019111633 0.573073029518127 0.570711016654968 0.568351984024048 0.573813021183014 0.590726017951965 0.606332004070282 0.613301992416382 0.609255015850067 0.601334989070892 -9999 -9999 -9999 -9999 -9999 -9999 -9999 -9999 -9999 -9999 -9999 -9999 -9999 -9999 -9999 -9999 -9999 -9999 -9999 -9999 -9999 -9999
0.549970984458923 0.552944004535675 0.554293990135193 0.557590007781982 0.559984028339386 0.563531994819641 0.565581023693085 0.568987011909485 0.570026993751526 0.571865022182465 0.571282982826233 0.572587013244629 0.575919985771179 0.579155027866364 0.569673001766205 0.586417019367218 0.573590993881226 0.571304976940155 0.570041000843048 0.573738992214203 0.575402021408081 0.574863970279694 0.570182025432587 0.566981017589569 0.574862003326416 0.59537798166275 0.612933993339539 0.615453004837036 0.608765006065369 0.599377989768982 -9999 -9999 -9999 -9999 -9999 -9999 -9999 -9999 -9999 -9999 -9999 -9999 -9999 -9999 -9999 -9999 -9999 -9999 -9999 -9999 -9999 -9999
0.5484219789505 0.551898002624512 0.554614007472992 0.557729005813599 0.560337007045746 0.56361198425293 0.564836978912354 0.567655980587006 0.570174992084503 0.570097029209137 0.569950997829437 0.571214973926544 0.574998021125793 0.578974008560181 0.581430017948151 0.583633005619049 0.585600018501282 0.587014019489288 0.589048981666565 0.576601028442383 0.588819980621338 0.573265016078949 0.570535004138947 0.570370972156525 0.580235004425049 0.598492980003357 0.613150000572205 0.613820016384125 0.605216026306152 -9999 -9999 -9999 -9999 -9999 -9999 -9999 -9999 -9999 -9999 -9999 -9999 -9999 -9999 -9999 -9999 -9999 -9999 -9999 -9999 -9999 -9999 -9999
0.543986022472382 0.548945009708405 0.55307000875473 0.555239021778107 0.558269023895264 0.561284005641937 0.565578997135162 0.5675989985466 0.568503975868225 0.570273995399475 0.569525003433228 0.570999026298523 0.572528004646301 0.57548600435257 0.577094972133636 0.579698026180267 0.583356022834778 0.586049020290375 0.586018025875092 0.585573017597198 0.583662986755371 0.570048987865448 0.570330023765564 0.573122978210449 0.583755016326904 0.600539982318878 0.611602008342743 0.610162019729614 0.601025998592377 -9999 -9999 -9999 -9999 -9999 -9999 -9999 -9999 -9999 -9999 -9999 -9999 -9999 -9999 -9999 -9999 -9999 -9999 -9999 -9999 -9999 -9999 -9999
0.529533982276917 0.542466998100281 0.546814978122711 0.550625026226044 0.553768992424011 0.556505024433136 0.56010901927948 0.56275600194931 0.566160023212433 0.569459974765778 0.56987202167511 0.570518970489502 0.571626007556915 0.574419021606445 0.576403021812439 0.578527987003326 0.580747008323669 0.582356989383698 0.580439984798431 0.579852998256683 0.580283999443054 0.579922020435333 0.569786012172699 0.577753007411957 0.589935004711151 0.603606998920441 0.614304006099701 0.612725019454956 0.60527902841568 -9999 -9999 -9999 -9999 -9999 -9999 -9999 -9999 -9999 -9999 -9999 -9999 -9999 -9999 -9999 -9999 -9999 -9999 -9999 -9999 -9999 -9999 -9999
0.553071975708008 0.545436024665833 0.542849004268646 0.542679011821747 0.541483998298645 0.540534973144531 0.539213001728058 0.540430009365082 0.548168003559113 0.558613002300262 0.563576996326447 0.560536026954651 0.572052001953125 0.572336971759796 0.573140025138855 0.575348973274231 0.574823021888733 0.575232982635498 0.574302971363068 0.57387101650238 0.574186027050018 0.56141197681427 0.565387010574341 0.578396022319794 0.590484976768494 0.606539011001587 0.618303000926971 0.619311988353729 0.608839988708496 -9999 -9999 -9999 -9999 -9999 -9999 -9999 -9999 -9999 -9999 -9999 -9999 -9999 -9999 -9999 -9999 -9999 -9999 -9999 -9999 -9999 -9999 -9999
0.565612018108368 0.567484974861145 0.551333010196686 0.541727006435394 0.536415994167328 0.533204019069672 0.532203018665314 0.528504014015198 0.538060009479523 0.56598299741745 0.579587996006012 0.577808022499084 0.569023013114929 0.561721980571747 0.558690011501312 0.556061983108521 0.552976012229919 0.552704989910126 0.553207993507385 0.555227994918823 0.556614995002747 0.557196974754333 0.561044991016388 0.571340978145599 0.588563024997711 0.609988987445831 0.627519011497498 0.626617014408112 0.610355973243713 -9999 -9999 -9999 -9999 -9999 -9999 -9999 -9999 -9999 -9999 -9999 -9999 -9999 -9999 -9999 -9999 -9999 -9999 -9999 -9999 -9999 -9999 -9999
0.553900003433228 0.553521990776062 0.556330978870392 0.555550992488861 0.548298001289368 0.54694801568985 0.544421970844269 0.542316019535065 0.548941016197205 0.562466025352478 0.577225029468536 0.597171008586884 0.578155994415283 0.570163011550903 0.564450979232788 0.557368993759155 0.549785971641541 0.544498980045319 0.545773029327393 0.548992991447449 0.552675008773804 0.569323003292084 0.573885977268219 0.581910014152527 0.600032985210419 0.622299015522003 0.640506029129028 0.639205992221832 -9999 -9999 -9999 -9999 -9999 -9999 -9999 -9999 -9999 -9999 -9999 -9999 -9999 -9999 -9999 -9999 -9999 -9999 -9999 -9999 -9999 0.632064998149872 0.632851004600525 0.634768009185791
0.541514992713928 0.540141999721527 0.54102897644043 0.545817017555237 0.547860980033875 0.551771998405457 0.554894983768463 0.555581986904144 0.557805001735687 0.563562989234924 0.57770299911499 0.589311003684998 0.606208980083466 0.594206988811493 0.589671015739441 0.582973003387451 0.570747017860413 0.561636984348297 0.561800003051758 0.571295022964478 0.577386975288391 0.584375977516174 0.589411020278931 0.593289971351624 0.618791997432709 0.641609013080597 0.660686016082764 0.653443992137909 0.627412021160126 0.588878989219666 -9999 -9999 -9999 -9999 -9999 -9999 0.607041001319885 0.616643011569977 -9999 0.602173984050751 -9999 -9999 0.609356999397278 0.621303975582123 -9999 -9999 -9999 0.626478016376495 0.629818022251129 0.6300910115242 0.629086971282959 0.630371987819672
0.546074986457825 0.523562014102936 0.522560000419617 0.526305019855499 0.534959018230438 0.54460597038269 0.554149985313416 0.554789006710052 0.552610993385315 0.550804972648621 0.570313990116119 0.602621018886566 0.611041009426117 0.614621996879578 0.617920994758606 0.616608023643494 0.590111970901489 0.581477999687195 0.581716001033783 0.591732978820801 0.616680979728699 0.624435007572174 0.628695011138916 0.634374022483826 0.640381991863251 0.650066018104553 0.661062002182007 0.661934971809387 0.631519019603729 0.572821021080017 -9999 -9999 -9999 -9999 0.554319977760315 0.580586016178131 0.609484016895294 0.621371984481812 0.60884302854538 0.588726997375488 0.592902004718781 0.596771001815796 0.620860993862152 0.652266025543213 0.656508028507233 0.63740599155426 -9999 0.627810001373291 -9999 -9999 -9999 0.64351499080658
0.53863799571991 0.527513027191162 0.520478010177612 0.523149013519287 0.529097974300385 0.537338972091675 0.548762023448944 0.553550004959106 0.551082015037537 0.556329011917114 0.574887990951538 0.594887971878052 0.605014979839325 0.606564998626709 0.614832997322083 0.621150016784668 0.616319000720978 0.606845021247864 0.605486989021301 0.615836977958679 0.627753019332886 0.635599970817566 0.6423379778862 0.646914005279541 0.639732003211975 0.633956015110016 0.642705023288727 0.650206983089447 0.6127769947052 0.584038972854614 0.561181008815765 0.561468005180359 0.573480010032654 0.570393025875092 0.579219996929169 0.593364000320435 0.629949986934662 0.643299996852875 0.625481009483337 0.619392991065979 0.597163021564484 0.606890976428986 0.62559700012207 0.679413020610809 0.685745000839233 0.672613024711609 0.655902981758118 0.662792980670929 0.672511994838715 0.682170987129211 0.657271981239319 0.647572994232178
0.525916993618011 0.518706977367401 0.518357992172241 0.519209980964661 0.519158005714417 0.524612009525299 0.531769990921021 0.535528004169464 0.537059009075165 0.548198997974396 0.5833860039711 0.601961016654968 0.603480994701385 0.603313028812408 0.613713979721069 0.628274023532867 0.635415017604828 0.628822028636932 0.607959985733032 0.609233975410461 0.620454013347626 0.631179988384247 0.655386984348297 0.655741989612579 0.630536019802094 0.597328007221222 0.594493985176086 0.603815972805023 0.601589024066925 0.576789021492004 0.563736975193024 0.571106016635895 0.585641980171204 0.595963001251221 0.598115026950836 0.614966988563538 0.633176982402802 0.640380024909973 0.638948023319244 0.637278974056244 0.630957007408142 0.634121000766754 0.673792004585266 0.701125979423523 0.710186004638672 0.701308012008667 0.698053002357483 0.704876005649567 0.731700003147125 0.71654200553894 0.679077982902527 0.65446001291275
0.529168009757996 0.529385983943939 0.535005986690521 0.53949499130249 0.53642600774765 0.536796987056732 0.53600001335144 0.538860976696014 0.545746982097626 0.559382021427155 0.578239977359772 0.593249976634979 0.595700979232788 0.592635989189148 0.601837992668152 0.621788024902344 0.635240018367767 0.633068025112152 0.62059098482132 0.616961002349854 0.623417973518372 0.635397970676422 0.64725399017334 0.628603994846344 0.604686975479126 0.569821000099182 0.567641019821167 0.575236976146698 0.583024024963379 0.576391994953156 0.572715997695923 0.580765008926392 0.601261019706726 0.633320987224579 0.64003598690033 0.637492001056671 0.63459700345993 0.637668013572693 0.647117018699646 0.662931978702545 0.669799983501434 0.671405971050262 0.684188008308411 0.701551020145416 0.725597977638245 0.731128990650177 0.73210197687149 0.744104027748108 0.744358003139496 0.740625977516174 0.708751976490021 0.657109975814819
0.522288978099823 0.529312014579773 0.536723971366882 0.545469999313354 0.543464004993439 0.53668600320816 0.532765984535217 0.533883988857269 0.54060298204422 0.553784012794495 0.571736991405487 0.586654007434845 0.608551979064941 0.597858011722565 0.617803990840912 0.631678998470306 0.642246007919312 0.647337019443512 0.626003980636597 0.618270993232727 0.618353009223938 0.625898003578186 0.630294978618622 0.604220986366272 0.582996010780334 0.56438797712326 0.553948998451233 0.576408982276917 0.585771024227142 0.584217011928558 0.56793600320816 0.594870984554291 0.620921015739441 0.658765017986298 0.647737979888916 0.632187008857727 0.618354976177216 0.619018018245697 0.631853997707367 0.654704988002777 0.685084998607635 0.695622980594635 0.703518986701965 0.716702997684479 0.727600991725922 0.733575999736786 0.744558990001678 0.747350990772247 0.751056015491486 0.748805999755859 0.732796013355255 0.714532971382141
0.52225798368454 0.530902028083801 0.544462978839874 0.561426997184753 0.562647998332977 0.548947989940643 0.540054976940155 0.526512026786804 0.547590017318726 0.562720000743866 0.577286005020142 0.597342014312744 0.61185097694397 0.617788970470428 0.622063994407654 0.627992987632751 0.634419977664948 0.639232993125916 0.641301989555359 0.637135982513428 0.616510987281799 0.617595016956329 0.614642024040222 0.585246980190277 0.566187977790833 0.554857015609741 0.5607830286026 0.571786999702454 0.584876000881195 0.586645007133484 0.587909996509552 0.60290801525116 0.644234001636505 0.662828981876373 0.658277988433838 0.626763999462128 0.6146320104599 0.618532001972198 0.645022988319397 0.668289005756378 0.68102902173996 0.69065797328949 0.701712012290955 0.708747029304504 0.722611010074615 0.734863996505737 0.750093996524811 0.737976014614105 0.737954020500183 0.743988990783691 0.742564976215363 0.737215995788574
0.518710970878601 0.529330015182495 0.548083007335663 0.569814026355743 0.567025005817413 0.539353013038635 0.529174983501434 0.530453026294708 0.536677002906799 0.549947023391724 0.568292021751404 0.590865015983582 0.622680008411407 0.63679301738739 0.625302016735077 0.624258995056152 0.626636981964111 0.634549975395203 0.638230979442596 0.63245701789856 0.610498011112213 0.604054987430573 0.596271991729736 0.586449980735779 0.576081991195679 0.568148016929626 0.564822018146515 0.5815070271492 0.59722501039505 0.603941977024078 0.605961978435516 0.622057020664215 0.646996021270752 0.671287000179291 0.650938987731934 0.638737976551056 0.636976003646851 0.644702970981598 0.660434007644653 0.686922013759613 0.693565011024475 0.692825019359589 0.700178980827332 0.716920971870422 0.733241975307465 0.745886027812958 0.747761011123657 0.744243979454041 0.742295980453491 0.746089994907379 0.755320012569427 0.74974799156189
