Eptesicus_fuscus.asc
ncols  804
nrows  378
xllcorner  -74.6418056
yllcorner  17.2248604
cellsize 0.00833333370646766
NODATA_value  -9999
[rows 230 to 252 of 378, columns 104 to 155 of 804]
0.72350800037384 0.723285019397736 0.720655977725983 0.719012975692749 0.720631003379822 0.718876004219055 0.717100977897644 0.714367985725403 0.715346992015839 0.713464975357056 0.705747008323669 0.700321018695831 0.704104006290436 0.708117008209229 0.712759971618652 0.714164972305298 0.713732004165649 0.715139985084534 0.716683983802795 0.717104017734528 0.717324018478394 0.718263983726501 0.714618027210236 0.714350998401642 0.714136004447937 0.71465402841568 0.715346992015839 0.7136470079422 0.710933029651642 0.708648979663849 0.709392011165619 0.714278995990753 0.715184986591339 0.712082028388977 0.705434024333954 0.707198023796082 0.708962976932526 0.708473980426788 0.712433993816376 0.709155976772308 0.706492006778717 0.704069972038269 0.705935001373291 0.701912999153137 0.695039987564087 0.693536996841431 0.692528009414673 0.692632019519806 0.692228972911835 0.690855026245117 0.689872980117798 0.689073979854584
0.725489974021912 0.721545994281769 0.720704972743988 0.718194007873535 0.715430974960327 0.715973019599915 0.716799020767212 0.711112022399902 0.711061000823975 0.712251007556915 0.705784022808075 0.702858984470367 0.710187017917633 0.714947998523712 0.714890003204346 0.718017995357513 0.718762993812561 0.719219028949738 0.720830023288727 0.721493005752563 0.71958202123642 0.71272200345993 0.710649013519287 0.710874021053314 0.70847499370575 0.708097994327545 0.708486974239349 0.709658026695251 0.708167016506195 0.706807971000671 0.706564009189606 0.707073986530304 0.711942970752716 0.710887014865875 0.705865979194641 0.706125974655151 0.703983008861542 0.704361975193024 0.706404983997345 0.707953989505768 0.705729007720947 0.701996982097626 0.701506972312927 0.700563013553619 0.696882009506226 0.694413006305695 0.693248987197876 0.692966997623444 0.691963970661163 0.692291021347046 0.690160989761353 0.690149009227753
0.727788984775543 0.725262999534607 0.725705981254578 0.721222996711731 0.721040010452271 0.711529016494751 0.709124028682709 0.709115982055664 0.710605025291443 0.705339014530182 0.703863978385925 0.710201978683472 0.716656029224396 0.718575000762939 0.719449996948242 0.721418023109436 0.720287024974823 0.718021988868713 0.716262996196747 0.715749025344849 0.714599013328552 0.709966003894806 0.710496008396149 0.711185991764069 0.712307989597321 0.71001398563385 0.707870006561279 0.707801997661591 0.708858013153076 0.707396984100342 0.70679897069931 0.7066810131073 0.709019005298615 0.707068026065826 0.704105019569397 0.703800976276398 0.702993988990784 0.702309012413025 0.702497005462646 0.703698992729187 0.702697992324829 0.699298024177551 0.698163986206055 0.698199987411499 0.698292016983032 0.696238994598389 0.695042014122009 0.694855988025665 0.693858027458191 0.693041980266571 0.691811978816986 0.689518988132477
0.731908977031708 0.728532016277313 0.723811984062195 0.721175014972687 0.716436982154846 0.713398993015289 0.71126401424408 0.71894097328186 0.719651997089386 0.712230980396271 0.708639979362488 0.713110983371735 0.718926012516022 0.721309006214142 0.722678005695343 0.716732978820801 0.71434098482132 0.711691975593567 0.711162984371185 0.710886001586914 0.710527002811432 0.709958016872406 0.710193991661072 0.709725022315979 0.713064014911652 0.710545003414154 0.710157990455627 0.710253000259399 0.708262026309967 0.706512987613678 0.705188989639282 0.70567798614502 0.705917000770569 0.705483973026276 0.704931020736694 0.702987015247345 0.703423976898193 0.702953994274139 0.702095985412598 0.701794028282166 0.703186988830566 0.705179989337921 0.7031090259552 0.699445009231567 0.699778020381927 0.699284970760345 0.696398973464966 0.69607800245285 0.696829974651337 0.695537984371185 0.692920982837677 0.693050026893616
0.736185014247894 0.732631981372833 0.729463994503021 0.728046000003815 0.723883986473083 0.717185020446777 0.719789981842041 0.723040997982025 0.718391001224518 0.713617026805878 0.711184024810791 0.718836009502411 0.721647977828979 0.722414970397949 0.722308993339539 0.715475976467133 0.714529991149902 0.715224027633667 0.714745998382568 0.713045001029968 0.71272200345993 0.7134850025177 0.713127017021179 0.71026599407196 0.711629986763 0.710919976234436 0.709711015224457 0.70942497253418 0.708733022212982 0.707386016845703 0.705352008342743 0.705772995948792 0.705502986907959 0.706037998199463 0.706997990608215 0.703737020492554 0.703827023506165 0.702584981918335 0.702234029769897 0.701644003391266 0.702749013900757 0.703140020370483 0.701896011829376 0.700923025608063 0.701637983322144 0.701600015163422 0.701587975025177 0.698855996131897 0.699373006820679 0.699181973934174 0.697048008441925 0.69343101978302
0.732372999191284 0.729147970676422 0.726503014564514 0.722786009311676 0.72428297996521 0.72614997625351 0.726419985294342 0.724915027618408 0.724694013595581 0.719690978527069 0.714520990848541 0.721710026264191 0.723574995994568 0.723827004432678 0.723298013210297 0.719219982624054 0.718910992145538 0.718832015991211 0.716750979423523 0.717315971851349 0.717225015163422 0.717254996299744 0.717682003974915 0.713873982429504 0.715480983257294 0.71476799249649 0.711031019687653 0.710078001022339 0.709437012672424 0.708244979381561 0.707642018795013 0.706887006759644 0.70592600107193 0.705253005027771 0.704985976219177 0.702045977115631 0.703025996685028 0.703292012214661 0.702114999294281 0.703234016895294 0.705667018890381 0.703603982925415 0.700460016727448 0.698830008506775 0.698328971862793 0.700227022171021 0.702019989490509 0.701707005500793 0.698046982288361 0.69590699672699 0.694745004177094 0.693578004837036
0.73199999332428 0.729938983917236 0.727613985538483 0.721306025981903 0.720151007175446 0.72654402256012 0.727274000644684 0.72722601890564 0.726800978183746 0.722986996173859 0.72130298614502 0.718981981277466 0.721029996871948 0.722975015640259 0.721167027950287 0.718082010746002 0.717597007751465 0.719340980052948 0.719789028167725 0.720176994800568 0.720579028129578 0.720041990280151 0.718810975551605 0.71747499704361 0.716066002845764 0.716012001037598 0.715420007705688 0.713227987289429 0.711641013622284 0.710243999958038 0.708788990974426 0.708352982997894 0.707758009433746 0.70524799823761 0.705485999584198 0.702745020389557 0.701843976974487 0.702570974826813 0.701497972011566 0.703368008136749 0.706381976604462 0.706502020359039 0.701147019863129 0.699962019920349 0.699665009975433 0.698503017425537 0.698385000228882 0.69837498664856 0.697050988674164 0.695861995220184 0.697148978710175 0.696457028388977
0.731679022312164 0.731009006500244 0.727813005447388 0.720484018325806 0.71644800901413 0.718285024166107 0.717151999473572 0.720983028411865 0.725717008113861 0.723470985889435 0.722212016582489 0.719585001468658 0.717248976230621 0.71816498041153 0.718859016895294 0.718180000782013 0.714141011238098 0.715582013130188 0.715548992156982 0.716262996196747 0.716454982757568 0.716458022594452 0.717562973499298 0.7170689702034 0.717776000499725 0.717691004276276 0.717465996742249 0.71551501750946 0.713271021842957 0.71160501241684 0.712062001228333 0.710745990276337 0.709293007850647 0.70761501789093 0.70720899105072 0.705241024494171 0.703696012496948 0.704208016395569 0.702553987503052 0.702543973922729 0.70269900560379 0.702982008457184 0.701162993907928 0.700187027454376 0.701290011405945 0.701591014862061 0.698157012462616 0.697315990924835 0.698233008384705 0.699850976467133 0.700487017631531 0.699581980705261
0.72265499830246 0.721247017383575 0.725730001926422 0.721131026744843 0.718183994293213 0.714963972568512 0.713648974895477 0.720142006874084 0.723630011081696 0.722371995449066 0.719886004924774 0.716763019561768 0.715825974941254 0.715835988521576 0.713011980056763 0.711906015872955 0.709206998348236 0.70984297990799 0.712020993232727 0.71355402469635 0.716130018234253 0.717155992984772 0.718816995620728 0.718724012374878 0.719727993011475 0.71917998790741 0.718169987201691 0.716153025627136 0.714834988117218 0.714403986930847 0.711480021476746 0.711151003837585 0.709037005901337 0.708316028118134 0.707697987556458 0.706587016582489 0.704715013504028 0.704541981220245 0.702773988246918 0.702320992946625 0.701847016811371 0.700901985168457 0.700119972229004 0.699685990810394 0.700424015522003 0.701704978942871 0.701367020606995 0.699370980262756 0.701618015766144 0.701839029788971 0.702584028244019 0.70271897315979
0.712314009666443 0.714954018592834 0.720250010490417 0.719192981719971 0.717325985431671 0.714667975902557 0.711959004402161 0.713611006736755 0.718716979026794 0.718104004859924 0.714062988758087 0.712782025337219 0.712924003601074 0.711485981941223 0.709294974803925 0.708175003528595 0.707688987255096 0.709697008132935 0.711107015609741 0.712064027786255 0.712634027004242 0.713959991931915 0.716880977153778 0.718375027179718 0.719713985919952 0.721448004245758 0.719968974590302 0.717490017414093 0.717359006404877 0.714362978935242 0.714260995388031 0.711992979049683 0.711396992206573 0.709150016307831 0.708248972892761 0.707455992698669 0.70628297328949 0.705256998538971 0.704867005348206 0.704196989536285 0.702760994434357 0.702132999897003 0.701988995075226 0.701018989086151 0.699948012828827 0.70073002576828 0.701896011829376 0.701719999313354 0.703253984451294 0.704280972480774 0.70262199640274 0.703456997871399
0.711812973022461 0.71601802110672 0.717944025993347 0.719300985336304 0.716094017028809 0.713512003421783 0.711070001125336 0.712809979915619 0.714359998703003 0.715039014816284 0.7117840051651 0.71027398109436 0.707749009132385 0.706844985485077 0.706854999065399 0.706670999526978 0.705821990966797 0.707219004631042 0.708011984825134 0.707500994205475 0.709151983261108 0.710011005401611 0.711825013160706 0.71338301897049 0.714565992355347 0.716318011283875 0.717664003372192 0.718334972858429 0.71825897693634 0.716973006725311 0.716934025287628 0.715138971805573 0.712915003299713 0.710600018501282 0.709218978881836 0.708729028701782 0.707345008850098 0.70679098367691 0.706214010715485 0.704925000667572 0.703943014144897 0.703432023525238 0.702602982521057 0.701590001583099 0.702048003673553 0.700752019882202 0.70110297203064 0.701534986495972 0.702178001403809 0.702219009399414 0.701766014099121 0.701848983764648
0.710645020008087 0.712282001972198 0.712432026863098 0.71449202299118 0.711084008216858 0.709850013256073 0.709868013858795 0.710744023323059 0.711916029453278 0.711663007736206 0.709903001785278 0.707828998565674 0.706659972667694 0.706461012363434 0.706525981426239 0.706312000751495 0.706206977367401 0.707199990749359 0.708221971988678 0.709725022315979 0.71078097820282 0.710434019565582 0.71153599023819 0.712714016437531 0.71482902765274 0.718680024147034 0.723379015922546 0.722679972648621 0.723040997982025 0.721911013126373 0.723478972911835 0.720293998718262 0.717253983020782 0.713962018489838 0.714715003967285 0.71408998966217 0.713065981864929 0.710507988929749 0.70899498462677 0.708070993423462 0.706161022186279 0.70763099193573 0.705453991889954 0.705392003059387 0.703096985816956 0.702405989170074 0.702829003334045 0.701762974262238 0.702727973461151 0.70259702205658 0.703154981136322 0.704288005828857
0.709443986415863 0.708899974822998 0.709347009658813 0.709537982940674 0.709329009056091 0.708437979221344 0.708371996879578 0.707839012145996 0.707566976547241 0.707562029361725 0.70770001411438 0.707558989524841 0.706520020961761 0.705901980400085 0.706129014492035 0.706816971302032 0.706094980239868 0.707464993000031 0.708989977836609 0.713124990463257 0.71568101644516 0.717278003692627 0.718777000904083 0.720911979675293 0.721159994602203 0.719233989715576 0.726314008235931 0.728945970535278 0.729838013648987 0.725407004356384 0.728815019130707 0.724299013614655 0.717015981674194 0.720413982868195 0.722720980644226 0.72181099653244 0.724171996116638 0.71788501739502 0.715624988079071 0.714164972305298 0.711399972438812 0.712769985198975 0.711507022380829 0.711814999580383 0.712104022502899 0.709336996078491 0.706959009170532 0.706602990627289 0.70474499464035 0.703927993774414 0.70457398891449 0.707400977611542
0.709555983543396 0.709762990474701 0.710148990154266 0.710416972637177 0.709437012672424 0.70932799577713 0.709160983562469 0.708862006664276 0.708703994750977 0.708530008792877 0.708370983600616 0.708250999450684 0.708456993103027 0.707845985889435 0.707248985767365 0.708271980285645 0.709423005580902 0.712354004383087 0.711924016475677 0.713024973869324 0.715816974639893 0.722414970397949 0.727798998355865 0.72960501909256 0.726104974746704 0.723366022109985 0.728610992431641 0.723381996154785 0.729842007160187 0.733443021774292 0.729157984256744 0.724829018115997 0.724659025669098 0.726260006427765 0.731389999389648 0.733057975769043 0.731557011604309 0.724682986736298 0.72122597694397 0.721397995948792 0.721538007259369 0.722423017024994 0.721486985683441 0.720492005348206 0.720345973968506 0.717483997344971 0.710997998714447 0.707973003387451 0.70704597234726 0.70560497045517 0.702763974666595 0.70277202129364
0.711403012275696 0.712397992610931 0.712727010250092 0.713127970695496 0.714129984378815 0.713427007198334 0.712541997432709 0.713096976280212 0.713819026947021 0.714376986026764 0.713662981987 0.71477597951889 0.713436007499695 0.711471974849701 0.707877993583679 0.707987010478973 0.711121022701263 0.712597012519836 0.715335011482239 0.722459018230438 0.724561989307404 0.727886974811554 0.729909002780914 0.7343630194664 0.731402993202209 0.728275001049042 0.728754997253418 0.719483971595764 0.724041998386383 0.728576004505157 0.735850989818573 0.735913991928101 0.735360980033875 0.734780013561249 0.731774985790253 0.72962898015976 0.731787979602814 0.729655027389526 0.73200798034668 0.729526996612549 0.727136015892029 0.726522982120514 0.72504198551178 0.722280025482178 0.720130980014801 0.719246983528137 0.715227007865906 0.70813399553299 0.706402003765106 0.705102026462555 0.700792014598846 0.699753999710083
0.715906023979187 0.71466600894928 0.715229988098145 0.714703977108002 0.714139997959137 0.713392972946167 0.714335024356842 0.712695002555847 0.712916016578674 0.713277995586395 0.712553024291992 0.711548984050751 0.711565017700195 0.709854006767273 0.708752989768982 0.708966016769409 0.710418999195099 0.710093021392822 0.715067982673645 0.718773007392883 0.717949986457825 0.720965027809143 0.723725974559784 0.726494014263153 0.723246991634369 0.720441997051239 0.721876978874207 0.717298984527588 0.720417976379395 0.726283013820648 0.734333992004395 0.732734024524689 0.734054028987885 0.726786017417908 0.719011008739471 0.720929980278015 0.721993029117584 0.723823010921478 0.731693983078003 0.727728009223938 0.720870971679688 0.717974007129669 0.717348992824554 0.720089018344879 0.71527898311615 0.714183986186981 0.713819980621338 0.709477007389069 0.705118000507355 0.704433977603912 0.703037023544312 0.699959993362427
0.714389979839325 0.714262008666992 0.71288800239563 0.712598025798798 0.712638974189758 0.712589979171753 0.712459027767181 0.712859988212585 0.71160101890564 0.711432993412018 0.710779011249542 0.709980010986328 0.7099369764328 0.709622025489807 0.708226025104523 0.707884013652802 0.709496021270752 0.710623025894165 0.714465975761414 0.715910971164703 0.714429020881653 0.715764999389648 0.717061996459961 0.718562006950378 0.717027008533478 0.713706016540527 0.714838981628418 0.720866978168488 0.724211990833282 0.728211998939514 0.730683982372284 0.73090797662735 0.722456991672516 0.719012022018433 0.713288009166718 0.714778006076813 0.713786005973816 0.720470011234283 0.727770984172821 0.721464991569519 0.714639008045197 0.7100830078125 0.708975970745087 0.713719010353088 0.711286008358002 0.706120014190674 0.704577028751373 0.703698992729187 0.703400015830994 0.700833976268768 0.700967013835907 0.699329972267151
0.712894022464752 0.712357997894287 0.712342023849487 0.711884021759033 0.712135016918182 0.712423026561737 0.712153971195221 0.71186500787735 0.711569011211395 0.711382985115051 0.710879027843475 0.710569024085999 0.709199011325836 0.708783984184265 0.708514988422394 0.709517002105713 0.710411012172699 0.711664021015167 0.711208999156952 0.711979985237122 0.713858008384705 0.717965006828308 0.71738201379776 0.715183973312378 0.711893022060394 0.711669981479645 0.71671599149704 0.721179008483887 0.721442997455597 0.724641025066376 0.725848019123077 0.726701974868774 0.719313025474548 0.713451981544495 0.711571991443634 0.712095975875854 0.71832799911499 0.72418999671936 0.72706800699234 0.719291985034943 0.713358998298645 0.708831012248993 0.706250011920929 0.70737099647522 0.707702994346619 0.705042004585266 0.705106973648071 0.704320013523102 0.702468991279602 0.701452970504761 0.699958980083466 0.699995994567871
0.71186500787735 0.711955010890961 0.712563991546631 0.712369024753571 0.712921023368835 0.713611006736755 0.712314009666443 0.711737990379333 0.711166977882385 0.711152017116547 0.710909008979797 0.710210978984833 0.709222018718719 0.709084987640381 0.709300994873047 0.711951017379761 0.712863028049469 0.710312008857727 0.713975012302399 0.716823995113373 0.717445015907288 0.717495977878571 0.714546024799347 0.712167024612427 0.712934017181396 0.714254021644592 0.710327982902527 0.713773012161255 0.719135999679565 0.721704006195068 0.719591021537781 0.718228995800018 0.716669023036957 0.712992012500763 0.712723970413208 0.72112500667572 0.722486972808838 0.7291259765625 0.7290940284729 0.725296020507813 0.71739000082016 0.710384011268616 0.706398010253906 0.706061005592346 0.709767997264862 0.708059012889862 0.704098999500275 0.704526007175446 0.706044018268585 0.701664984226227 0.701246023178101 0.700398981571198
0.711658000946045 0.71205198764801 0.712316989898682 0.712437987327576 0.713707983493805 0.713877975940704 0.714230000972748 0.712414979934692 0.711414992809296 0.711652994155884 0.711015999317169 0.711127996444702 0.709981977939606 0.709604024887085 0.709419012069702 0.710786998271942 0.712643980979919 0.710032999515533 0.712683022022247 0.714942991733551 0.717714011669159 0.718104004859924 0.716726005077362 0.713798999786377 0.712644994258881 0.71143901348114 0.708961009979248 0.71001398563385 0.710071980953217 0.710224986076355 0.708769023418427 0.710119009017944 0.709821999073029 0.710457026958466 0.714869976043701 0.718394994735718 0.72470498085022 0.727235019207001 0.724234998226166 0.723074972629547 0.715412974357605 0.708769023418427 0.709725022315979 0.70661199092865 0.707298994064331 0.704613983631134 0.702746987342834 0.70278400182724 0.703436970710754 0.701488971710205 0.701214015483856 0.701637029647827
0.712697982788086 0.712107002735138 0.712311983108521 0.713541984558105 0.71398800611496 0.714640021324158 0.713559985160828 0.713220000267029 0.711588978767395 0.711805999279022 0.711794972419739 0.711510002613068 0.710198998451233 0.709825992584229 0.710205018520355 0.711507976055145 0.709982991218567 0.710920989513397 0.712544023990631 0.712320029735565 0.713271975517273 0.715632975101471 0.713192999362946 0.710736989974976 0.710476994514465 0.711211025714874 0.713935017585754 0.715210020542145 0.715633988380432 0.712665021419525 0.708720028400421 0.709371984004974 0.715642988681793 0.717607975006104 0.720808029174805 0.722594022750854 0.723187029361725 0.7221400141716 0.719599008560181 0.719964027404785 0.716347992420197 0.707166016101837 0.706166982650757 0.70414799451828 0.705036997795105 0.70356297492981 0.702546000480652 0.702076971530914 0.701882004737854 0.702268004417419 0.701489984989166 0.701730012893677
0.713002979755402 0.712489008903503 0.712176978588104 0.713258981704712 0.713827013969421 0.715784013271332 0.714381992816925 0.714565992355347 0.712330996990204 0.712756991386414 0.71129298210144 0.710906982421875 0.710573971271515 0.710120022296906 0.71076899766922 0.711064994335175 0.711920976638794 0.712032973766327 0.713616013526917 0.713324010372162 0.710766017436981 0.713684976100922 0.710597991943359 0.711157023906708 0.717530012130737 0.719341993331909 0.719941973686218 0.722863972187042 0.719910979270935 0.716063022613525 0.70914500951767 0.716688990592957 0.719837009906769 0.719632983207703 0.719649970531464 0.715839982032776 0.717435002326965 0.714604020118713 0.70955902338028 0.711035013198853 0.711099028587341 0.706712007522583 0.704625010490417 0.704611003398895 0.703692972660065 0.70245099067688 0.702120006084442 0.702015995979309 0.701901972293854 0.702270984649658 0.701481997966766 0.701762974262238
0.713087022304535 0.712843000888824 0.712719976902008 0.713626980781555 0.713932991027832 0.714210987091064 0.713733971118927 0.713279008865356 0.712159991264343 0.714011013507843 0.711683988571167 0.712105989456177 0.71035099029541 0.710708975791931 0.711674988269806 0.711332023143768 0.711026012897491 0.713599026203156 0.713844001293182 0.712233006954193 0.710012972354889 0.710254013538361 0.711233019828796 0.713930010795593 0.716778993606567 0.714986979961395 0.713362991809845 0.71307897567749 0.710669994354248 0.709586024284363 0.708793997764587 0.717601001262665 0.722160995006561 0.718221008777618 0.71153998374939 0.709968984127045 0.71468198299408 0.711875021457672 0.70701402425766 0.704605996608734 0.707635998725891 0.70628297328949 0.705572009086609 0.70523601770401 0.703985989093781 0.70322597026825 0.702977001667023 0.703064978122711 0.702709019184113 0.703015983104706 0.702504992485046 0.701958000659943
