Eptesicus_fuscus.asc
ncols  804
nrows  378
xllcorner  -74.6418056
yllcorner  17.2248604
cellsize 0.00833333370646766
NODATA_value  -9999
[rows 92 to 114 of 378, columns 364 to 415 of 804]
0.526771008968353 0.527812004089355 0.527804970741272 0.528954029083252 0.531888008117676 0.529563009738922 0.529745995998383 0.528062999248505 0.531534016132355 0.531370997428894 0.532337009906769 0.531785011291504 0.529947996139526 0.530165016651154 0.531659007072449 0.532216012477875 0.533478021621704 0.533129990100861 0.534475982189178 0.535633027553558 0.535732984542847 0.536547005176544 0.535311996936798 0.534924983978271 0.534691989421844 0.53525698184967 0.536626994609833 0.538977980613708 0.54194700717926 0.54271399974823 0.544090986251831 0.545841991901398 0.547815978527069 0.54534900188446 0.542486011981964 0.542095005512238 0.541649997234344 0.542111992835999 0.542419016361237 0.543048977851868 0.54315197467804 0.542062997817993 0.543389976024628 0.543621003627777 0.544532001018524 0.544757008552551 0.544655978679657 0.545490980148315 0.546482026576996 0.546213984489441 0.546505987644196 0.546350002288818
0.526214003562927 0.526529014110565 0.528464019298553 0.527733981609344 0.528986990451813 0.528114974498749 0.528784990310669 0.528126001358032 0.530936002731323 0.532194972038269 0.529354989528656 0.529572010040283 0.530914008617401 0.530300974845886 0.531714022159576 0.53114902973175 0.532616019248962 0.534327983856201 0.535192012786865 0.534938991069794 0.534312009811401 0.534437000751495 0.534067988395691 0.532828986644745 0.534646987915039 0.534672021865845 0.536171972751617 0.538393974304199 0.5434849858284 0.542626976966858 0.544802010059357 0.547738015651703 0.545295000076294 0.547701001167297 0.546132981777191 0.54229199886322 0.541597008705139 0.543796002864838 0.543807029724121 0.543911993503571 0.541467010974884 0.541685998439789 0.542909979820251 0.543654024600983 0.543762981891632 0.543819010257721 0.54441899061203 0.544707000255585 0.545194983482361 0.54525899887085 0.546527981758118 0.546338975429535
0.526289999485016 0.525713980197906 0.527361989021301 0.52708899974823 0.528024971485138 0.52819299697876 0.52838397026062 0.529798984527588 0.529244005680084 0.530197024345398 0.530250012874603 0.531665027141571 0.531059980392456 0.531464993953705 0.531776010990143 0.532467007637024 0.53236597776413 0.535746991634369 0.535063982009888 0.53454601764679 0.534335970878601 0.53345400094986 0.534285008907318 0.533744990825653 0.534443020820618 0.534265995025635 0.535143971443176 0.537494003772736 0.538783013820648 0.540980994701385 0.542650997638702 0.545252025127411 0.54593300819397 0.5470330119133 0.547116994857788 0.546480000019073 0.543834984302521 0.542052984237671 0.54278302192688 0.542999982833862 0.541840970516205 0.543124973773956 0.542870998382568 0.543165028095245 0.54338800907135 0.544941008090973 0.54510897397995 0.545542001724243 0.545614004135132 0.545939028263092 0.54694402217865 0.547040998935699
0.526778995990753 0.526396989822388 0.526639997959137 0.52632600069046 0.525819003582001 0.526952981948853 0.52777099609375 0.527936995029449 0.528631985187531 0.529631972312927 0.528436005115509 0.530716001987457 0.533122003078461 0.531210005283356 0.531045973300934 0.531570017337799 0.532911002635956 0.534561991691589 0.533290028572083 0.53454202413559 0.534168004989624 0.533303022384644 0.534341990947723 0.532890975475311 0.532464027404785 0.534834027290344 0.534676015377045 0.535838007926941 0.535710990428925 0.537616014480591 0.539496004581451 0.544700026512146 0.546162009239197 0.547717988491058 0.548029005527496 0.547080993652344 0.544278979301453 0.543200016021729 0.542400002479553 0.541401028633118 0.541436016559601 0.542493999004364 0.543316006660461 0.544166028499603 0.544175028800964 0.544166028499603 0.544782996177673 0.545045971870422 0.545203983783722 0.54576301574707 0.546350002288818 0.547505021095276
0.525077998638153 0.524860024452209 0.525873005390167 0.525932013988495 0.528083980083466 0.526560008525848 0.526035010814667 0.528998017311096 0.529322981834412 0.528796017169952 0.530107021331787 0.529492020606995 0.534121990203857 0.534105002880096 0.53288197517395 0.533263981342316 0.533526003360748 0.534400999546051 0.533847987651825 0.532400012016296 0.533132016658783 0.533752024173737 0.533874988555908 0.532818973064423 0.532171010971069 0.533460974693298 0.535760998725891 0.535650014877319 0.536230981349945 0.536179006099701 0.538268983364105 0.540017008781433 0.544808983802795 0.547411978244781 0.547666013240814 0.54830002784729 0.548232018947601 0.547504007816315 0.545216977596283 0.542353987693787 0.54230397939682 0.542468011379242 0.543929994106293 0.544216990470886 0.543541014194489 0.544044971466064 0.544026017189026 0.545116007328033 0.545435011386871 0.545343995094299 0.546374022960663 0.547164976596832
0.525565981864929 0.526055991649628 0.525833010673523 0.526552021503448 0.526526987552643 0.526820003986359 0.527306020259857 0.526193976402283 0.529729008674622 0.528887987136841 0.532074987888336 0.531611025333405 0.532612025737762 0.532646000385284 0.53411602973938 0.53675901889801 0.535883009433746 0.535830020904541 0.534155011177063 0.533944010734558 0.533451974391937 0.532387971878052 0.531239986419678 0.531086027622223 0.532805025577545 0.532504022121429 0.534170985221863 0.53627997636795 0.536827981472015 0.536817014217377 0.537486970424652 0.539847016334534 0.543021976947784 0.548295021057129 0.547353982925415 0.548195004463196 0.548434019088745 0.548420011997223 0.545436024665833 0.546620011329651 0.545635998249054 0.544627010822296 0.5450279712677 0.544884026050568 0.544884026050568 0.546128988265991 0.545440971851349 0.546567976474762 0.545487999916077 0.54611200094223 0.546473026275635 0.548147976398468
0.52555900812149 0.524367988109589 0.525701999664307 0.525196015834808 0.524626970291138 0.525905013084412 0.525933027267456 0.52775502204895 0.525882005691528 0.528014004230499 0.531113982200623 0.531252980232239 0.529410004615784 0.531247019767761 0.535028994083405 0.534627020359039 0.533590972423553 0.533421993255615 0.533694982528687 0.533343970775604 0.531687021255493 0.530730009078979 0.53099399805069 0.532106995582581 0.531599998474121 0.533550024032593 0.535570025444031 0.536314010620117 0.535773992538452 0.537804007530212 0.537847995758057 0.538335025310516 0.54229599237442 0.545014977455139 0.545112013816833 0.548063993453979 0.546100974082947 0.541908979415894 0.549359023571014 0.548964977264404 0.549356997013092 0.54959899187088 0.548449993133545 0.549872994422913 0.548735976219177 0.547075986862183 0.548030018806458 0.546999990940094 0.546805024147034 0.545875012874603 0.547141015529633 0.54576700925827
0.524594008922577 0.52538800239563 0.526286005973816 0.525610983371735 0.526705980300903 0.527343988418579 0.526163995265961 0.526503026485443 0.526598989963531 0.527242004871368 0.52639502286911 0.530158996582031 0.529197990894318 0.531629025936127 0.532284021377563 0.532608985900879 0.53049099445343 0.531804025173187 0.532308995723724 0.531041026115417 0.533197999000549 0.531262993812561 0.530689001083374 0.530436992645264 0.530977010726929 0.533158004283905 0.533208012580872 0.534489989280701 0.535234987735748 0.53685998916626 0.538033008575439 0.538007974624634 0.54015702009201 0.541673004627228 0.542173981666565 0.542840003967285 0.541622996330261 0.541949987411499 0.546247005462646 0.550545990467072 0.551446974277496 0.551819026470184 0.549158990383148 0.551697015762329 0.549643993377686 0.55102002620697 0.550924003124237 0.550382018089294 0.550692021846771 0.550500988960266 0.547864973545074 0.547942996025085
0.52470201253891 0.524684011936188 0.524173974990845 0.524682998657227 0.525074005126953 0.525456011295319 0.526033997535706 0.527248024940491 0.525878012180328 0.529688000679016 0.52701997756958 0.529022991657257 0.528091013431549 0.530516028404236 0.531808018684387 0.529385983943939 0.529690027236938 0.52921599149704 0.531018018722534 0.530619025230408 0.530743002891541 0.530378997325897 0.53072601556778 0.530894994735718 0.532041013240814 0.532368004322052 0.533154010772705 0.533429026603699 0.533609986305237 0.536126971244812 0.536536991596222 0.537689983844757 0.539461970329285 0.540870010852814 0.540225982666016 0.539749979972839 0.541305005550385 0.540190994739532 0.542612016201019 0.545594990253448 0.548919975757599 0.550929009914398 0.550041019916534 0.552235007286072 0.550836026668549 0.55365401506424 0.550801992416382 0.551836013793945 0.552918970584869 0.552779018878937 0.547151029109955 0.551301002502441
0.524231016635895 0.52396297454834 0.525027990341187 0.527108013629913 0.526096999645233 0.525610983371735 0.526211977005005 0.527918994426727 0.528420984745026 0.527549028396606 0.530224025249481 0.529748022556305 0.528361976146698 0.529576003551483 0.528340995311737 0.529601991176605 0.529280006885529 0.529968976974487 0.529756009578705 0.530363976955414 0.530095994472504 0.530475974082947 0.530528008937836 0.532298982143402 0.531974017620087 0.531789004802704 0.531186997890472 0.531422019004822 0.535163998603821 0.534510016441345 0.536125004291534 0.537160992622375 0.539406001567841 0.540055990219116 0.538945019245148 0.539992988109589 0.539776980876923 0.540975987911224 0.540028989315033 0.543277025222778 0.544619977474213 0.546829998493195 0.548180997371674 0.550321996212006 0.549579977989197 0.552841007709503 0.552223026752472 0.551984012126923 0.5538330078125 0.552866995334625 0.547748029232025 0.554445028305054
0.524686992168427 0.526893019676208 0.526228010654449 0.525452971458435 0.524684011936188 0.52718198299408 0.527912020683289 0.526386976242065 0.528604984283447 0.528257012367249 0.528813004493713 0.528447985649109 0.527558982372284 0.528106987476349 0.527520000934601 0.52877002954483 0.527270019054413 0.528373003005981 0.528246998786926 0.528912007808685 0.530048012733459 0.529169023036957 0.531486988067627 0.530239999294281 0.53099799156189 0.529774010181427 0.531040012836456 0.533051013946533 0.533734977245331 0.534856975078583 0.534712016582489 0.536144971847534 0.538043022155762 0.539404988288879 0.5400670170784 0.539255023002625 0.540123999118805 0.540952026844025 0.540385007858276 0.542001008987427 0.54373699426651 0.544010996818542 0.543485999107361 0.545135974884033 0.546721994876862 0.548262000083923 0.550495982170105 0.552423000335693 0.549896001815796 0.548497974872589 0.546033024787903 0.550997018814087
0.527202010154724 0.527073979377747 0.525259971618652 0.525431990623474 0.525107979774475 0.527625024318695 0.526019990444183 0.528195977210999 0.526750981807709 0.529241025447845 0.528868973255157 0.528087973594666 0.527943015098572 0.526578009128571 0.529515981674194 0.528535008430481 0.527705013751984 0.52928501367569 0.529969990253448 0.528546988964081 0.52893602848053 0.529700994491577 0.530481994152069 0.530673980712891 0.53072601556778 0.529860019683838 0.531382977962494 0.53202098608017 0.532014012336731 0.533730983734131 0.533703982830048 0.535287022590637 0.537473976612091 0.538505017757416 0.538487017154694 0.539587020874023 0.539412975311279 0.540880978107452 0.54050600528717 0.540410995483398 0.54262101650238 0.542590022087097 0.544362008571625 0.54434198141098 0.545957028865814 0.547414004802704 0.547940015792847 0.548793017864227 0.548125982284546 0.546580970287323 0.545359015464783 0.546738982200623
0.5295330286026 0.528535008430481 0.528428971767426 0.52553802728653 0.525245010852814 0.527558028697968 0.527463018894196 0.528070986270905 0.527894020080566 0.52861499786377 0.527366995811462 0.52870100736618 0.526719987392426 0.528133988380432 0.527842998504639 0.527630984783173 0.527375996112823 0.527800977230072 0.528240978717804 0.528577983379364 0.529002010822296 0.530139029026031 0.530327022075653 0.530480027198792 0.529793977737427 0.529964029788971 0.530607998371124 0.531678020954132 0.531022012233734 0.532841980457306 0.534121990203857 0.534869015216827 0.535623013973236 0.537629008293152 0.538357019424438 0.539399027824402 0.539882004261017 0.540144026279449 0.539384007453918 0.540865004062653 0.542066991329193 0.541647017002106 0.542926013469696 0.544874012470245 0.545997977256775 0.546751976013184 0.547514021396637 0.549823999404907 0.549471020698547 0.546489000320435 0.547793984413147 0.54669600725174
0.529303014278412 0.527384996414185 0.528438985347748 0.526786983013153 0.52622401714325 0.52793300151825 0.528551995754242 0.528119027614594 0.528064012527466 0.5293830037117 0.528388023376465 0.527496993541718 0.526593029499054 0.52723902463913 0.527881979942322 0.52710497379303 0.528087973594666 0.527965009212494 0.528636991977692 0.529080986976624 0.529721975326538 0.528968989849091 0.529309988021851 0.529457986354828 0.529595017433167 0.53013402223587 0.530789971351624 0.531296014785767 0.53185498714447 0.533160984516144 0.532903015613556 0.534323990345001 0.535645008087158 0.535961985588074 0.536300003528595 0.537781000137329 0.539570987224579 0.539968013763428 0.53905200958252 0.540280997753143 0.540826976299286 0.543365001678467 0.543581008911133 0.543460011482239 0.545768022537231 0.547106981277466 0.547163009643555 0.549682021141052 0.5502889752388 0.548676013946533 0.547960996627808 0.547183990478516
0.528734982013702 0.528348982334137 0.529344022274017 0.53071802854538 0.528501987457275 0.52699601650238 0.528895020484924 0.527673006057739 0.527607977390289 0.526317000389099 0.526342988014221 0.52633798122406 0.527858972549438 0.527058005332947 0.526709020137787 0.528228998184204 0.529118001461029 0.52946001291275 0.530529975891113 0.529352009296417 0.529201984405518 0.530057013034821 0.528626024723053 0.528325974941254 0.529199004173279 0.530059993267059 0.530883014202118 0.532068014144897 0.531647980213165 0.531791985034943 0.531832993030548 0.533843994140625 0.534534990787506 0.535773992538452 0.5363609790802 0.536993980407715 0.537721991539001 0.539798974990845 0.540507018566132 0.539842009544373 0.541217029094696 0.541862010955811 0.542591989040375 0.543532013893127 0.54416298866272 0.544933974742889 0.545934021472931 0.548407971858978 0.551943004131317 0.550360977649689 0.547966003417969 0.547818005084991
0.529419004917145 0.530896008014679 0.532527983188629 0.531736016273499 0.529613018035889 0.529006004333496 0.529218971729279 0.529555022716522 0.528438985347748 0.527996003627777 0.527474999427795 0.526961028575897 0.52776700258255 0.526877999305725 0.527568995952606 0.528783977031708 0.530786991119385 0.530113995075226 0.529075026512146 0.52859902381897 0.528715014457703 0.527737975120544 0.528791010379791 0.529241979122162 0.529895007610321 0.529987990856171 0.530682027339935 0.531252026557922 0.533073008060455 0.532278001308441 0.531329989433289 0.534024000167847 0.534195005893707 0.535982012748718 0.536009013652802 0.537497997283936 0.536976993083954 0.539036989212036 0.539539992809296 0.53924298286438 0.54034298658371 0.541077971458435 0.542316973209381 0.543389022350311 0.544380009174347 0.545287013053894 0.547791004180908 0.548686027526855 0.549498021602631 0.548964023590088 0.546983003616333 0.549131989479065
0.533912003040314 0.539436995983124 0.53703099489212 0.532500028610229 0.531064987182617 0.531589984893799 0.53021901845932 0.529344022274017 0.527601003646851 0.527691006660461 0.528340995311737 0.52812397480011 0.528567016124725 0.528917014598846 0.528276026248932 0.528932988643646 0.529192984104156 0.529708981513977 0.528400003910065 0.5293869972229 0.528850018978119 0.528402984142303 0.528563976287842 0.529133021831512 0.530210018157959 0.529650986194611 0.531602025032043 0.530812978744507 0.532307982444763 0.532637000083923 0.532297015190125 0.532739996910095 0.53371798992157 0.534110009670258 0.534680008888245 0.535957992076874 0.537669003009796 0.539032995700836 0.539807975292206 0.54033100605011 0.540185987949371 0.54016500711441 0.541235983371735 0.543735027313232 0.543765008449554 0.545183002948761 0.546194970607758 0.547712981700897 0.548663973808289 0.548008024692535 0.545674979686737 0.549093008041382
0.532136023044586 0.545997977256775 0.544658005237579 0.535156011581421 0.533993005752563 0.533479988574982 0.533711016178131 0.529577016830444 0.527875006198883 0.527776002883911 0.530206024646759 0.529757022857666 0.528577983379364 0.528180003166199 0.528097987174988 0.528683006763458 0.528770983219147 0.52921199798584 0.528668999671936 0.528425991535187 0.528488993644714 0.529244005680084 0.527994990348816 0.529340028762817 0.529579997062683 0.530736029148102 0.532073020935059 0.531810998916626 0.53218799829483 0.53149002790451 0.53245598077774 0.532899022102356 0.533658981323242 0.533532977104187 0.534003973007202 0.535695016384125 0.535812020301819 0.537450015544891 0.539161026477814 0.540637016296387 0.539577007293701 0.540888011455536 0.540507018566132 0.542870998382568 0.544888019561768 0.545660018920898 0.545332014560699 0.547089993953705 0.548735022544861 0.546909987926483 0.546037018299103 0.550050973892212
0.536448001861572 0.546602010726929 0.546934008598328 0.538205981254578 0.533424019813538 0.534065008163452 0.534509003162384 0.529679000377655 0.52920800447464 0.530010998249054 0.529587984085083 0.528720021247864 0.530041992664337 0.530248999595642 0.528717994689941 0.529534995555878 0.529376983642578 0.528737008571625 0.528711020946503 0.529246985912323 0.527773022651672 0.528038024902344 0.528838992118835 0.528716027736664 0.529546976089478 0.530871987342834 0.533571004867554 0.531782984733582 0.53288197517395 0.531913995742798 0.53234601020813 0.533783972263336 0.533510982990265 0.533774018287659 0.534003973007202 0.535090982913971 0.536539971828461 0.536818027496338 0.53786700963974 0.540391981601715 0.539398014545441 0.540955007076263 0.54100501537323 0.543347001075745 0.545062005519867 0.545625984668732 0.546841025352478 0.547590970993042 0.54762601852417 0.547596991062164 0.546742022037506 0.549143016338348
0.529559016227722 0.535207986831665 0.5382279753685 0.537051022052765 0.533501029014587 0.532469987869263 0.530408978462219 0.531159996986389 0.532069027423859 0.531795024871826 0.530367970466614 0.528923988342285 0.529478013515472 0.529039978981018 0.528900980949402 0.528688013553619 0.529655992984772 0.530517995357513 0.529035985469818 0.528923988342285 0.528295993804932 0.528118014335632 0.529168009757996 0.532715022563934 0.534916996955872 0.533508002758026 0.534871995449066 0.532530009746552 0.532341003417969 0.533474028110504 0.534959018230438 0.534901022911072 0.533608973026276 0.534361004829407 0.534703016281128 0.53329598903656 0.536807000637054 0.536478996276855 0.537961006164551 0.539551973342896 0.539924025535583 0.54041200876236 0.541170001029968 0.543147027492523 0.544818997383118 0.545895993709564 0.547222018241882 0.548860013484955 0.54891300201416 0.546308994293213 0.546927988529205 0.547501981258392
0.525389015674591 0.527688980102539 0.52980500459671 0.532537996768951 0.532437980175018 0.530987024307251 0.535643994808197 0.535656988620758 0.535504996776581 0.536625981330872 0.532423973083496 0.531080007553101 0.529619991779327 0.529352009296417 0.528950989246368 0.528644979000092 0.529007971286774 0.528868019580841 0.530821979045868 0.528346002101898 0.527875006198883 0.528016984462738 0.530643999576569 0.533842980861664 0.534900009632111 0.535443007946014 0.536193013191223 0.533595979213715 0.534833014011383 0.533492028713226 0.536312997341156 0.536683022975922 0.534669995307922 0.536553978919983 0.535012006759644 0.537438988685608 0.537680983543396 0.537962019443512 0.539811015129089 0.541068971157074 0.54195100069046 0.54094398021698 0.54086297750473 0.542320013046265 0.544336020946503 0.545818984508514 0.546571016311646 0.549297988414764 0.548934996128082 0.546940982341766 0.547075986862183 0.549992978572845
0.524830996990204 0.527795970439911 0.530378997325897 0.53118497133255 0.531588971614838 0.531018972396851 0.535613000392914 0.541415989398956 0.539371013641357 0.534264981746674 0.534312009811401 0.535000026226044 0.534416973590851 0.530386984348297 0.530417025089264 0.530925989151001 0.528120994567871 0.52794998884201 0.528473019599915 0.529206991195679 0.52905398607254 0.530683994293213 0.531504988670349 0.531634986400604 0.533439993858337 0.534029006958008 0.536684989929199 0.535983979701996 0.535979986190796 0.534865021705627 0.537087023258209 0.536521971225739 0.536478996276855 0.535552978515625 0.536696970462799 0.538505017757416 0.537549018859863 0.538923978805542 0.54085499048233 0.541387975215912 0.540988028049469 0.540009021759033 0.542737007141113 0.543901979923248 0.544138014316559 0.545509994029999 0.547375023365021 0.549124002456665 0.548566997051239 0.548453986644745 0.546938002109528 0.548062980175018
0.524640023708344 0.528227984905243 0.53072601556778 0.530775010585785 0.53090500831604 0.531316995620728 0.534916996955872 0.541229009628296 0.535727024078369 0.538491010665894 0.538576006889343 0.537443995475769 0.533542990684509 0.531699001789093 0.530894994735718 0.529151976108551 0.52885502576828 0.528342008590698 0.531714975833893 0.528596997261047 0.530453026294708 0.531256973743439 0.529370009899139 0.528818011283875 0.533159971237183 0.534474015235901 0.536850988864899 0.536481976509094 0.536310970783234 0.537707984447479 0.538923978805542 0.539004027843475 0.537564992904663 0.537289977073669 0.539388000965118 0.53907299041748 0.538865983486176 0.540531992912292 0.542273998260498 0.541611015796661 0.540037989616394 0.540265023708344 0.543305993080139 0.546235978603363 0.546280026435852 0.547124028205872 0.54746001958847 0.549081027507782 0.550329029560089 0.549659013748169 0.549745976924896 0.550078988075256
