Eptesicus_fuscus.asc
ncols  804
nrows  378
xllcorner  -74.6418056
yllcorner  17.2248604
cellsize 0.00833333370646766
NODATA_value  -9999
[rows 230 to 252 of 378, columns 260 to 311 of 804]
0.655216991901398 0.663335978984833 0.669345021247864 0.655965983867645 0.649069011211395 0.650227010250092 0.652957022190094 0.660054981708527 0.646646022796631 0.65276300907135 0.659506976604462 0.663076996803284 0.670594990253448 0.676653981208801 0.680941998958588 0.683682978153229 0.683310985565186 0.681586980819702 0.680703997612 0.678313970565796 0.673395991325378 0.67644202709198 0.674216985702515 0.669445991516113 0.667150020599365 0.664008975028992 0.660623013973236 0.659057021141052 0.658906996250153 0.658982992172241 0.654016971588135 0.654581010341644 0.650532007217407 0.649571001529694 0.64538699388504 0.648724973201752 0.647406995296478 0.637208998203278 0.638857007026672 0.640380024909973 0.643998026847839 0.644766986370087 0.64128702878952 0.635833024978638 0.638767004013062 0.647014975547791 0.650018990039825 0.656602025032043 0.656032025814056 0.658627986907959 0.658695995807648 0.663070976734161
0.665208995342255 0.670686006546021 0.67075502872467 0.659161984920502 0.659087002277374 0.653756976127625 0.65404599905014 0.663877010345459 0.65606302022934 0.649935007095337 0.653237998485565 0.653930008411407 0.66117799282074 0.670911014080048 0.676352977752686 0.678821980953217 0.679850995540619 0.681888997554779 0.686689972877502 0.681743979454041 0.679075002670288 0.684566974639893 0.680947005748749 0.679439008235931 0.676994979381561 0.672995984554291 0.66705197095871 0.661472022533417 0.657980978488922 0.655851006507874 0.649996995925903 0.647634029388428 0.645539999008179 0.644892990589142 0.643872976303101 0.638866007328033 0.639635980129242 0.646193981170654 0.652970016002655 0.652028024196625 0.653047978878021 0.652323007583618 0.647101998329163 0.642651975154877 0.63783597946167 0.640919029712677 0.646860003471375 0.64869898557663 0.648958027362823 0.650995016098022 0.652401983737946 0.655804991722107
0.672254979610443 0.675168991088867 0.667330980300903 0.668184995651245 0.6666259765625 0.659434020519257 0.65677797794342 0.66541999578476 0.655532002449036 0.648783028125763 0.648102998733521 0.653621017932892 0.658191025257111 0.664350986480713 0.670691013336182 0.669943988323212 0.669246971607208 0.671808004379272 0.677487015724182 0.675666987895966 0.677784979343414 0.684831023216248 0.690559983253479 0.687878012657166 0.685530006885529 0.676095008850098 0.674565017223358 0.674059987068176 0.66635000705719 0.663478016853333 0.657647013664246 0.65565699338913 0.649012982845306 0.645017027854919 0.64164400100708 0.640071988105774 0.641360998153687 0.648863017559052 0.656787991523743 0.662886023521423 0.666790008544922 0.667385995388031 0.661666989326477 0.657289981842041 0.648748993873596 0.643860995769501 0.643436014652252 0.646492004394531 0.646995007991791 0.6526979804039 0.657190978527069 0.658188998699188
0.670508027076721 0.676687002182007 0.674982011318207 0.673143029212952 0.670790016651154 0.662504017353058 0.659264028072357 0.668919026851654 0.661858022212982 0.65547102689743 0.65071302652359 0.660589993000031 0.667735993862152 0.66906601190567 0.666335999965668 0.666517972946167 0.671657025814056 0.677634000778198 0.676356017589569 0.670949995517731 0.675523996353149 0.681833028793335 0.685954988002777 0.68174797296524 0.678789019584656 0.676347017288208 0.672290980815887 0.676068007946014 0.674037992954254 0.66933798789978 0.663114011287689 0.66059798002243 0.657177984714508 0.649495005607605 0.645542979240417 0.642018973827362 0.641399025917053 0.644667983055115 0.650556981563568 0.658994972705841 0.664939999580383 0.667676985263824 0.670554995536804 0.668808996677399 0.660075008869171 0.657894015312195 0.657113015651703 0.655278027057648 0.651820003986359 0.651672005653381 0.657584011554718 0.66558700799942
0.672339022159576 0.681295990943909 0.684647977352142 0.678870022296906 0.671912014484406 0.664530992507935 0.66729199886322 0.668008029460907 0.669512987136841 0.661175012588501 0.653840005397797 0.662685990333557 0.671410024166107 0.664582014083862 0.672872006893158 0.678065001964569 0.679965019226074 0.674627006053925 0.670234978199005 0.675589978694916 0.6824089884758 0.68586802482605 0.683538973331451 0.673898994922638 0.673162996768951 0.674326002597809 0.670105993747711 0.667466998100281 0.668336987495422 0.663374006748199 0.659745991230011 0.655592024326324 0.65708601474762 0.651700973510742 0.647028028964996 0.643817007541656 0.645160019397736 0.644969999790192 0.64885002374649 0.656871020793915 0.657974004745483 0.663263022899628 0.66881400346756 0.669764995574951 0.666283011436462 0.666122019290924 0.663339018821716 0.659067988395691 0.657000005245209 0.65249502658844 0.660767018795013 0.663389980792999
0.671554028987885 0.677313983440399 0.679407000541687 0.683142006397247 0.679027020931244 0.678184986114502 0.677043974399567 0.67390501499176 0.669306993484497 0.663295984268188 0.659085988998413 0.659193992614746 0.660750985145569 0.667813003063202 0.678043007850647 0.679745018482208 0.677003026008606 0.669757008552551 0.67137598991394 0.678119003772736 0.680791974067688 0.683027029037476 0.680989027023315 0.673555016517639 0.668061971664429 0.675957977771759 0.67051500082016 0.663433015346527 0.662039995193481 0.659795999526978 0.657101988792419 0.65420800447464 0.653423011302948 0.651184022426605 0.654892981052399 0.65207701921463 0.650488972663879 0.650545001029968 0.650539994239807 0.650734007358551 0.650943994522095 0.657634019851685 0.666112005710602 0.670077979564667 0.668042004108429 0.667934000492096 0.662114024162292 0.664671003818512 0.665036976337433 0.658093988895416 0.656394004821777 0.665995001792908
0.668968021869659 0.6684849858284 0.672379016876221 0.678205013275146 0.67994898557663 0.681271970272064 0.683085024356842 0.680308997631073 0.677727997303009 0.672753989696503 0.671033978462219 0.667225003242493 0.660714983940125 0.664952993392944 0.666543006896973 0.665283977985382 0.670952022075653 0.667594015598297 0.669712007045746 0.674098014831543 0.678794026374817 0.686137020587921 0.677761971950531 0.673218011856079 0.667774975299835 0.674206018447876 0.675164997577667 0.668658971786499 0.65931898355484 0.655628979206085 0.654735028743744 0.653195023536682 0.654704988002777 0.654605984687805 0.662313997745514 0.662726998329163 0.660273015499115 0.652948975563049 0.659595012664795 0.665565013885498 0.659056007862091 0.657849013805389 0.667384028434753 0.672747015953064 0.671190977096558 0.671854972839355 0.664595007896423 0.664520025253296 0.66990202665329 0.67050701379776 0.66212397813797 0.663680016994476
0.660197019577026 0.66192901134491 0.66591602563858 0.670670986175537 0.675572991371155 0.67986398935318 0.68306702375412 0.687938988208771 0.681659996509552 0.678579986095428 0.678686022758484 0.67425000667572 0.66762101650238 0.662212014198303 0.665862023830414 0.661444008350372 0.666175007820129 0.671203970909119 0.670291006565094 0.678034007549286 0.685252010822296 0.689913988113403 0.685649991035461 0.675085008144379 0.667456984519958 0.667662024497986 0.668803989887238 0.671169996261597 0.661399006843567 0.661010026931763 0.660672008991241 0.660152018070221 0.658809006214142 0.659321010112762 0.662150979042053 0.669321000576019 0.668403029441833 0.656228005886078 0.654707014560699 0.660441994667053 0.663627982139587 0.65862500667572 0.670014977455139 0.679183006286621 0.677860975265503 0.674925982952118 0.670338988304138 0.669629991054535 0.671927988529205 0.676078975200653 0.671357989311218 0.665243983268738
0.665543973445892 0.667415976524353 0.672885000705719 0.671894013881683 0.67519998550415 0.67604398727417 0.673933982849121 0.68196702003479 0.676330983638763 0.673955976963043 0.672547996044159 0.675628006458282 0.677716970443726 0.673938989639282 0.670229971408844 0.6718670129776 0.669696986675262 0.673708975315094 0.674866020679474 0.673642992973328 0.677762985229492 0.684198021888733 0.690461993217468 0.678385972976685 0.669890999794006 0.665786027908325 0.666895985603333 0.664129972457886 0.661930978298187 0.667723000049591 0.663516998291016 0.667230010032654 0.663263022899628 0.663780987262726 0.665961980819702 0.669064998626709 0.671332001686096 0.666993975639343 0.659554004669189 0.65700501203537 0.660682022571564 0.662935018539429 0.669596016407013 0.681752979755402 0.687659978866577 0.686553001403809 0.681388974189758 0.673564970493317 0.678363025188446 0.683299005031586 0.683238983154297 0.673718988895416
0.672991991043091 0.674621999263763 0.671544015407562 0.666171014308929 0.67179000377655 0.670279026031494 0.666794002056122 0.671693980693817 0.670666992664337 0.663322985172272 0.669816970825195 0.676778972148895 0.682160973548889 0.684064984321594 0.679690003395081 0.683061003684998 0.679042994976044 0.675612986087799 0.678273022174835 0.682117998600006 0.680007994174957 0.681107997894287 0.687705993652344 0.681448996067047 0.674401998519897 0.675246000289917 0.678897976875305 0.675484001636505 0.669834971427917 0.670149981975555 0.669269025325775 0.66838800907135 0.667375028133392 0.668847978115082 0.673070013523102 0.674551010131836 0.677577018737793 0.672955989837646 0.668904006481171 0.662315011024475 0.665032982826233 0.664155006408691 0.670490026473999 0.6803839802742 0.688244998455048 0.689922988414764 0.688169002532959 0.680280029773712 0.681690990924835 0.684912025928497 0.685069978237152 0.67663300037384
0.669652998447418 0.668272972106934 0.665588974952698 0.662513017654419 0.667083024978638 0.667611002922058 0.662169992923737 0.662865996360779 0.663648009300232 0.666006028652191 0.673443973064423 0.683435022830963 0.689346015453339 0.686551988124847 0.685759007930756 0.688546001911163 0.684499979019165 0.685684025287628 0.679235994815826 0.680707991123199 0.686873972415924 0.687205016613007 0.691029012203217 0.685500025749207 0.684222996234894 0.68377298116684 0.687241017818451 0.683466017246246 0.677757978439331 0.681891977787018 0.678619980812073 0.677532017230988 0.675096988677979 0.676238000392914 0.677691996097565 0.680859982967377 0.679219007492065 0.675791025161743 0.668739020824432 0.670614004135132 0.669721007347107 0.670436024665833 0.670282006263733 0.678120017051697 0.688748002052307 0.69190502166748 0.688311994075775 0.688625991344452 0.689343988895416 0.689733028411865 0.683871984481812 0.687490999698639
0.670252978801727 0.666992008686066 0.663411974906921 0.661692023277283 0.664152026176453 0.666538000106812 0.66116201877594 0.661400020122528 0.665955007076263 0.668063998222351 0.673538029193878 0.681290984153748 0.693256974220276 0.690334975719452 0.689661979675293 0.6909099817276 0.690885007381439 0.691893994808197 0.685917973518372 0.682444989681244 0.686109006404877 0.691695988178253 0.696958005428314 0.695954024791718 0.698930025100708 0.702498972415924 0.700138986110687 0.692776024341583 0.685944974422455 0.688472986221313 0.686316013336182 0.686622977256775 0.68614000082016 0.687086999416351 0.686192989349365 0.683282017707825 0.680701971054077 0.677046000957489 0.677106022834778 0.678429007530212 0.674784004688263 0.677127003669739 0.670467019081116 0.674508988857269 0.681194007396698 0.685397028923035 0.688764989376068 0.692843019962311 0.694253027439117 0.698768973350525 0.69242000579834 0.694280028343201
0.666534006595612 0.664534986019135 0.665830016136169 0.661858022212982 0.659451007843018 0.662697017192841 0.661607980728149 0.663745999336243 0.668193995952606 0.67128199338913 0.674775004386902 0.681577980518341 0.696582019329071 0.70601898431778 0.701206028461456 0.696561992168427 0.695551991462708 0.69572502374649 0.690932989120483 0.687059998512268 0.68791800737381 0.692718029022217 0.702217996120453 0.712197005748749 0.713527023792267 0.713482975959778 0.713804006576538 0.709869027137756 0.703387022018433 0.705381989479065 0.701022028923035 0.698207020759583 0.70338100194931 0.706025004386902 0.702809989452362 0.690145015716553 0.684737026691437 0.686277985572815 0.689418017864227 0.685859024524689 0.68461799621582 0.682412028312683 0.676513016223907 0.67630797624588 0.680732011795044 0.684336006641388 0.69243997335434 0.699992001056671 0.69990199804306 0.701570987701416 0.705209016799927 0.704783976078033
0.659631013870239 0.662415981292725 0.661450028419495 0.662075996398926 0.659412980079651 0.661141991615295 0.662891983985901 0.666235029697418 0.66872102022171 0.671700000762939 0.674733996391296 0.683037996292114 0.691085994243622 0.705331027507782 0.709995985031128 0.709362983703613 0.704936981201172 0.698008000850677 0.69419002532959 0.696000993251801 0.699239015579224 0.702422976493835 0.706691026687622 0.711731016635895 0.711229979991913 0.712242007255554 0.714380979537964 0.714872002601624 0.716387987136841 0.714650988578796 0.714079022407532 0.713422000408173 0.712845027446747 0.710211992263794 0.709703028202057 0.707769989967346 0.704065978527069 0.706210017204285 0.706453025341034 0.701793015003204 0.693907022476196 0.687615990638733 0.685163021087646 0.68309497833252 0.685836017131805 0.69384902715683 0.701349973678589 0.702557027339935 0.703216016292572 0.704773008823395 0.706297993659973 0.706543028354645
0.658204972743988 0.66169399023056 0.659138977527618 0.662317991256714 0.665983021259308 0.668034970760345 0.669884979724884 0.669861972332001 0.672474980354309 0.675749003887177 0.680489003658295 0.686742007732391 0.698539018630981 0.7029709815979 0.70473700761795 0.705976009368896 0.703723013401031 0.697156012058258 0.699414014816284 0.705299973487854 0.707292020320892 0.70788699388504 0.70856499671936 0.709143996238708 0.708720028400421 0.711939990520477 0.71425598859787 0.715887010097504 0.715469002723694 0.713768005371094 0.711730003356934 0.710555970668793 0.710193991661072 0.707920014858246 0.707055985927582 0.708851993083954 0.710864007472992 0.709505021572113 0.707638025283813 0.707417011260986 0.706165015697479 0.70305198431015 0.703532993793488 0.701996982097626 0.702117025852203 0.701663017272949 0.701340019702911 0.701246976852417 0.703833997249603 0.706562995910645 0.706237018108368 0.706843972206116
0.661854982376099 0.659786999225616 0.662606000900269 0.663933992385864 0.664870977401733 0.665767014026642 0.669112980365753 0.66948401927948 0.669084012508392 0.672232985496521 0.678928017616272 0.687264025211334 0.696528971195221 0.695967018604279 0.697327017784119 0.696186006069183 0.692292988300323 0.686389029026031 0.687456011772156 0.699621021747589 0.704093992710114 0.701945006847382 0.707147002220154 0.708321988582611 0.708639979362488 0.710062980651855 0.711260974407196 0.711508989334106 0.710117995738983 0.710671007633209 0.708567976951599 0.709004998207092 0.70966500043869 0.708208024501801 0.705908000469208 0.706575989723206 0.708940029144287 0.70917797088623 0.706004023551941 0.704703986644745 0.705864012241364 0.705013990402222 0.703346014022827 0.703476011753082 0.702790975570679 0.69937801361084 0.698755025863647 0.697420001029968 0.700640976428986 0.703356027603149 0.706698000431061 0.707620978355408
0.664388000965118 0.665971994400024 0.663159012794495 0.66669499874115 0.665740013122559 0.666601002216339 0.667252004146576 0.667635023593903 0.669668972492218 0.67094898223877 0.676631987094879 0.684556007385254 0.69379198551178 0.686111986637115 0.679826974868774 0.686541020870209 0.683211982250214 0.682675004005432 0.680525004863739 0.689836978912354 0.6926029920578 0.693961024284363 0.700523018836975 0.705220997333527 0.70696097612381 0.708425998687744 0.708325028419495 0.708764016628265 0.708247005939484 0.707105994224548 0.706842005252838 0.705637991428375 0.704095005989075 0.703836977481842 0.704110026359558 0.70660400390625 0.70661997795105 0.707002997398376 0.702996015548706 0.701481997966766 0.702709972858429 0.702053010463715 0.701790988445282 0.699384987354279 0.69828200340271 0.696689009666443 0.694930016994476 0.693657994270325 0.693813979625702 0.69608598947525 0.701309978961945 0.705608010292053
0.666395008563995 0.669969975948334 0.666925013065338 0.668110013008118 0.672004997730255 0.671056985855103 0.669799983501434 0.669013023376465 0.671580970287323 0.671714007854462 0.67519998550415 0.680617988109589 0.687086999416351 0.681927978992462 0.675329029560089 0.682844996452332 0.678160011768341 0.675011992454529 0.677781999111176 0.683292984962463 0.688242018222809 0.692198991775513 0.696646988391876 0.700353980064392 0.703912973403931 0.705974996089935 0.707301020622253 0.705888986587524 0.705343008041382 0.704973995685577 0.704056024551392 0.703467011451721 0.702086985111237 0.701398015022278 0.700851023197174 0.702333986759186 0.702606022357941 0.702959001064301 0.700040996074677 0.696404993534088 0.697125017642975 0.696915984153748 0.696556985378265 0.693417012691498 0.690276980400085 0.691120982170105 0.690237998962402 0.688138008117676 0.69057297706604 0.693526029586792 0.696583986282349 0.700097024440765
0.671846985816956 0.67304402589798 0.673834025859833 0.672070026397705 0.673680007457733 0.674703001976013 0.671540975570679 0.676432013511658 0.675601005554199 0.678269982337952 0.682012021541595 0.687604010105133 0.687282025814056 0.678156971931458 0.671121001243591 0.673093020915985 0.671971023082733 0.673027992248535 0.677848994731903 0.681132018566132 0.685141026973724 0.68707799911499 0.690878987312317 0.696129977703094 0.700700998306274 0.703342020511627 0.70490700006485 0.704855978488922 0.703808009624481 0.703517973423004 0.703330993652344 0.702018976211548 0.700809001922607 0.698496997356415 0.699279010295868 0.699515998363495 0.699186980724335 0.698000013828278 0.696871995925903 0.694899022579193 0.695219993591309 0.693401992321014 0.691609978675842 0.691142976284027 0.68810898065567 0.684207022190094 0.685590982437134 0.685447990894318 0.6873419880867 0.688517987728119 0.689580976963043 0.691177010536194
0.682860016822815 0.679480016231537 0.681885004043579 0.675420999526978 0.674914002418518 0.677834987640381 0.676762998104095 0.682991981506348 0.687393009662628 0.684292018413544 0.685341000556946 0.69020402431488 0.692586004734039 0.684219002723694 0.673533022403717 0.667658984661102 0.669812023639679 0.676549017429352 0.682447016239166 0.683499991893768 0.685683012008667 0.685626983642578 0.689047992229462 0.693616986274719 0.698786973953247 0.700510025024414 0.702548027038574 0.704285979270935 0.703924000263214 0.703334987163544 0.702583014965057 0.701125979423523 0.698397994041443 0.696466982364655 0.696260988712311 0.695659995079041 0.693459987640381 0.693400979042053 0.691402971744537 0.691699028015137 0.690096020698547 0.689897000789642 0.68621301651001 0.687807977199554 0.686024010181427 0.68247002363205 0.679706990718842 0.679678022861481 0.681602001190186 0.682165026664734 0.684638023376465 0.681353986263275
0.685779988765717 0.687873005867004 0.688826978206635 0.685890018939972 0.682108998298645 0.685061991214752 0.687264025211334 0.687672972679138 0.687874972820282 0.687775015830994 0.681599020957947 0.684077024459839 0.690351009368896 0.685356020927429 0.676356971263885 0.670858025550842 0.670113980770111 0.678996026515961 0.676826000213623 0.677035987377167 0.679207980632782 0.680926978588104 0.681228995323181 0.68877100944519 0.694348990917206 0.698336005210876 0.69939798116684 0.700791001319885 0.701786994934082 0.701249003410339 0.700187027454376 0.69989001750946 0.696950972080231 0.69625598192215 0.695210993289948 0.69495302438736 0.691154003143311 0.689706027507782 0.686878979206085 0.685739994049072 0.684107005596161 0.68741899728775 0.684145987033844 0.684549987316132 0.683077991008759 0.680180013179779 0.677999973297119 0.674181997776031 0.675733983516693 0.677854001522064 0.679554998874664 0.679005980491638
0.685159981250763 0.68689501285553 0.687103986740112 0.687265992164612 0.68793398141861 0.687063992023468 0.686652004718781 0.687219977378845 0.685325980186462 0.682399988174438 0.676540017127991 0.677698016166687 0.686621010303497 0.681793987751007 0.676581978797913 0.671893000602722 0.669570028781891 0.677845001220703 0.674234986305237 0.674678027629852 0.672967970371246 0.671298980712891 0.676150023937225 0.680839002132416 0.688444972038269 0.694845020771027 0.696250975131989 0.697740972042084 0.698579013347626 0.699629008769989 0.698836028575897 0.69775801897049 0.695801973342896 0.69404000043869 0.692236006259918 0.692251980304718 0.689908027648926 0.68706601858139 0.685002028942108 0.681396007537842 0.679974019527435 0.682713985443115 0.681793987751007 0.679370999336243 0.680554986000061 0.677142024040222 0.673409998416901 0.671869993209839 0.674215972423553 0.673820972442627 0.675628006458282 0.675247013568878
0.684719979763031 0.686173021793365 0.687339007854462 0.687608003616333 0.686123013496399 0.686968982219696 0.686716020107269 0.686444997787476 0.681613028049469 0.676289021968842 0.675422012805939 0.679710984230042 0.688229024410248 0.683741986751556 0.676759004592896 0.671994984149933 0.669223010540009 0.675379991531372 0.671688973903656 0.669872999191284 0.668474018573761 0.671168982982635 0.67442399263382 0.680803000926971 0.689163982868195 0.690603971481323 0.692530989646912 0.695357024669647 0.697540998458862 0.697283983230591 0.696389019489288 0.696168005466461 0.692734003067017 0.693143010139465 0.6893669962883 0.686815977096558 0.684530973434448 0.682825982570648 0.683614015579224 0.680064022541046 0.677878022193909 0.675238013267517 0.673286974430084 0.672399997711182 0.674558997154236 0.674142003059387 0.671280026435852 0.668183028697968 0.670028984546661 0.669816970825195 0.673964023590088 0.674109995365143
