Eptesicus_fuscus.asc
ncols  804
nrows  378
xllcorner  -74.6418056
yllcorner  17.2248604
cellsize 0.00833333370646766
NODATA_value  -9999
[rows 184 to 206 of 378, columns 364 to 415 of 804]
0.555581986904144 0.556273996829987 0.555769026279449 0.555631995201111 0.55664598941803 0.556693971157074 0.558480978012085 0.558292984962463 0.559270024299622 0.559080004692078 0.560248970985413 0.560137987136841 0.55934202671051 0.5608029961586 0.560485005378723 0.561537027359009 0.563552975654602 0.562605023384094 0.562610983848572 0.563953995704651 0.563803970813751 0.562527000904083 0.563341021537781 0.563315987586975 0.563987970352173 0.563557982444763 0.564212024211884 0.563663005828857 0.563125014305115 0.563313007354736 0.562449991703033 0.562615990638733 0.562135994434357 0.562403976917267 0.562566995620728 0.563914000988007 0.563305974006653 0.563923001289368 0.564248979091644 0.564122974872589 0.56293398141861 0.564098000526428 0.564646005630493 0.564662992954254 0.565488994121552 0.565868020057678 0.566201984882355 0.566374003887177 0.566856026649475 0.567196011543274 0.569186985492706 0.569528996944427
0.557789981365204 0.557878017425537 0.557156026363373 0.557205975055695 0.557778000831604 0.55861097574234 0.557964980602264 0.560676991939545 0.563386976718903 0.560554981231689 0.561371982097626 0.560681998729706 0.561065018177032 0.562479972839355 0.563121974468231 0.563907027244568 0.565325975418091 0.56401002407074 0.56462299823761 0.565361022949219 0.565572023391724 0.564868986606598 0.566621005535126 0.565467000007629 0.565158009529114 0.564862012863159 0.564935982227325 0.564667999744415 0.564164996147156 0.564628005027771 0.564666986465454 0.564441025257111 0.563849985599518 0.563718974590302 0.562874019145966 0.563804984092712 0.56470000743866 0.563189029693604 0.563302993774414 0.562430024147034 0.56462299823761 0.565410017967224 0.56545501947403 0.565563976764679 0.565891981124878 0.5660560131073 0.566603004932404 0.567301988601685 0.567256987094879 0.567396998405457 0.568920016288757 0.569244980812073
0.55994701385498 0.559843003749847 0.559651017189026 0.55969101190567 0.561080992221832 0.559976994991302 0.560667991638184 0.562834978103638 0.563412010669708 0.565128982067108 0.5626540184021 0.56284499168396 0.56529301404953 0.565207004547119 0.565643012523651 0.568597972393036 0.567571997642517 0.566684007644653 0.567807972431183 0.567385971546173 0.567804992198944 0.567018985748291 0.568711996078491 0.568719983100891 0.568552017211914 0.567324995994568 0.566864013671875 0.56690901517868 0.566565990447998 0.56665700674057 0.565729022026062 0.565968990325928 0.564686000347137 0.565006017684937 0.565533995628357 0.564328014850616 0.56462699174881 0.564893007278442 0.564333021640778 0.564731001853943 0.564203977584839 0.565705001354218 0.565566003322601 0.565595984458923 0.566021025180817 0.566468000411987 0.56673002243042 0.56681501865387 0.567466020584106 0.568368971347809 0.568080008029938 0.569263994693756
0.567485988140106 0.566631019115448 0.566367983818054 0.563802003860474 0.562702000141144 0.563280999660492 0.564378023147583 0.567404985427856 0.569383025169373 0.567541003227234 0.566116988658905 0.567451000213623 0.569296002388 0.571061015129089 0.572642982006073 0.575555980205536 0.574478983879089 0.574047982692719 0.57210898399353 0.569975972175598 0.569736003875732 0.571178019046783 0.57081401348114 0.570141017436981 0.570218980312347 0.569707989692688 0.568944990634918 0.568726003170013 0.568556010723114 0.568279981613159 0.567142009735107 0.567228019237518 0.566639006137848 0.566366016864777 0.566024005413055 0.566398978233337 0.564369976520538 0.566597998142242 0.564782977104187 0.566061019897461 0.566152989864349 0.566033005714417 0.5658860206604 0.566679000854492 0.566888988018036 0.567412972450256 0.567366003990173 0.567743003368378 0.568252980709076 0.568876028060913 0.569091022014618 0.568767011165619
0.581061005592346 0.578118026256561 0.575053989887238 0.570173978805542 0.56701797246933 0.566075026988983 0.566514015197754 0.570388972759247 0.571008026599884 0.568998992443085 0.567578017711639 0.567659020423889 0.572134017944336 0.580066978931427 0.58473002910614 0.591377019882202 0.591524004936218 0.587557017803192 0.581041991710663 0.575591027736664 0.575098991394043 0.574774026870728 0.573131024837494 0.572408020496368 0.574075996875763 0.573675990104675 0.572706997394562 0.572082996368408 0.571621000766754 0.569881975650787 0.569339990615845 0.56876802444458 0.568832993507385 0.568310022354126 0.568302989006042 0.56642097234726 0.567485988140106 0.566173017024994 0.566525995731354 0.566551029682159 0.566751003265381 0.56693297624588 0.567026972770691 0.567529022693634 0.566729009151459 0.567861974239349 0.568009972572327 0.56818699836731 0.567946970462799 0.5696120262146 0.569634020328522 0.570161998271942
0.581896007061005 0.584725022315979 0.582876026630402 0.577125012874603 0.575326979160309 0.572827994823456 0.573661029338837 0.573682010173798 0.57463401556015 0.572130978107452 0.57191002368927 0.569975972175598 0.570617020130157 0.574064016342163 0.581668972969055 0.592548012733459 0.600426971912384 0.602356970310211 0.598861992359161 0.592109978199005 0.586778998374939 0.582951009273529 0.579023003578186 0.574799001216888 0.575291991233826 0.576632022857666 0.576121985912323 0.575169026851654 0.572686016559601 0.571621000766754 0.57182902097702 0.570780992507935 0.570342004299164 0.569444000720978 0.56927102804184 0.568314015865326 0.567512989044189 0.567515015602112 0.567586004734039 0.56715601682663 0.567475974559784 0.566516995429993 0.56658798456192 0.567520022392273 0.56787097454071 0.568718016147614 0.568452000617981 0.569220006465912 0.569042026996613 0.56936502456665 0.570559978485107 0.56989598274231
0.57649302482605 0.579795002937317 0.582590997219086 0.583217024803162 0.583593010902405 0.584258019924164 0.588616013526917 0.586585998535156 0.584118008613586 0.577753007411957 0.576361000537872 0.573864996433258 0.572216987609863 0.573976993560791 0.576380014419556 0.581745982170105 0.586835026741028 0.591176986694336 0.592640995979309 0.59832900762558 0.601041972637177 0.598501026630402 0.590741991996765 0.581659018993378 0.578845024108887 0.579690992832184 0.579364001750946 0.576664984226227 0.574647009372711 0.573761999607086 0.576735019683838 0.574599981307983 0.5730299949646 0.570472002029419 0.570119976997375 0.570656001567841 0.570173025131226 0.569510996341705 0.570191025733948 0.568669974803925 0.568499028682709 0.568863987922668 0.56886500120163 0.568929970264435 0.56871497631073 0.569090008735657 0.569061994552612 0.569673001766205 0.570021986961365 0.570046007633209 0.568822026252747 0.569453001022339
0.572597980499268 0.570116996765137 0.571708023548126 0.575706005096436 0.580043017864227 0.585541009902954 0.59136301279068 0.59418797492981 0.594774007797241 0.588688015937805 0.579784989356995 0.577283978462219 0.576915979385376 0.576308012008667 0.576438009738922 0.578015029430389 0.581283986568451 0.584446012973785 0.587318003177643 0.590358972549438 0.594847977161407 0.595189988613129 0.593784987926483 0.58814799785614 0.589012026786804 0.589752018451691 0.584577023983002 0.581381022930145 0.579867005348206 0.579523980617523 0.578647971153259 0.576066017150879 0.573318004608154 0.574513018131256 0.573629021644592 0.572574019432068 0.572992980480194 0.572318017482758 0.57108598947525 0.569908976554871 0.570069015026093 0.569917023181915 0.570043981075287 0.568989992141724 0.568840980529785 0.569239020347595 0.568924009799957 0.569693982601166 0.570608973503113 0.570079982280731 0.570352017879486 0.570514023303986
0.582606971263885 0.576189994812012 0.573148012161255 0.571792006492615 0.574199020862579 0.578163981437683 0.581327021121979 0.583267986774445 0.586908996105194 0.582486987113953 0.580690979957581 0.581345021724701 0.578260004520416 0.579241991043091 0.583652019500732 0.584878981113434 0.587074995040894 0.590285003185272 0.592314004898071 0.592100024223328 0.594310998916626 0.594591021537781 0.594308972358704 0.594407021999359 0.596783995628357 0.598533987998962 0.592567980289459 0.592342972755432 0.589784979820251 0.587942004203796 0.585105001926422 0.582446992397308 0.578876972198486 0.576728999614716 0.574473023414612 0.574943006038666 0.57599401473999 0.573400020599365 0.571470022201538 0.572481989860535 0.572227001190186 0.571817994117737 0.570921003818512 0.570200026035309 0.570784986019135 0.570394992828369 0.570248007774353 0.570648014545441 0.571296989917755 0.5711669921875 0.571587979793549 0.571548998355865
0.589857995510101 0.584519982337952 0.579813003540039 0.573791980743408 0.573935985565186 0.574226021766663 0.575582027435303 0.576835989952087 0.577844977378845 0.578235983848572 0.578963994979858 0.580295026302338 0.579962015151978 0.587162017822266 0.592721998691559 0.597793996334076 0.60206001996994 0.601382970809937 0.599720001220703 0.597883999347687 0.600365996360779 0.603797018527985 0.603147983551025 0.601689994335175 0.603644013404846 0.604381024837494 0.601567983627319 0.600313007831573 0.599810004234314 0.596252977848053 0.595086991786957 0.59137499332428 0.586594998836517 0.582442998886108 0.57887601852417 0.578512012958527 0.576798975467682 0.575897991657257 0.574084997177124 0.573665976524353 0.573786020278931 0.573740005493164 0.572642028331757 0.573130011558533 0.571753025054932 0.571866989135742 0.570973992347717 0.571048974990845 0.571793019771576 0.570995986461639 0.572067975997925 0.573221981525421
0.596118986606598 0.58943498134613 0.582412004470825 0.57819002866745 0.575042009353638 0.575468003749847 0.575807988643646 0.576475024223328 0.577401995658875 0.578643023967743 0.581131994724274 0.580609977245331 0.582533001899719 0.589084029197693 0.597806990146637 0.604988992214203 0.610728979110718 0.611986994743347 0.611186027526855 0.609646022319794 0.610185027122498 0.613156974315643 0.613148987293243 0.608065009117126 0.609322011470795 0.611783981323242 0.610239028930664 0.608397006988525 0.607742011547089 0.604133009910583 0.59892201423645 0.6005619764328 0.592018008232117 0.587704002857208 0.58500200510025 0.582149028778076 0.580635011196136 0.578715980052948 0.575001001358032 0.574380993843079 0.575452983379364 0.575442016124725 0.57431298494339 0.573952972888947 0.574042022228241 0.574156999588013 0.573451995849609 0.572355985641479 0.572184026241302 0.572785019874573 0.573360979557037 0.573396980762482
0.587791979312897 0.584007978439331 0.578184008598328 0.577775001525879 0.5779749751091 0.579101026058197 0.58050400018692 0.580322027206421 0.579077005386353 0.57888001203537 0.580152988433838 0.582087993621826 0.586889982223511 0.596583008766174 0.60461300611496 0.613894999027252 0.62041300535202 0.620848000049591 0.618779003620148 0.614400029182434 0.6127650141716 0.615826010704041 0.613747000694275 0.611360013484955 0.611050009727478 0.613875985145569 0.614745020866394 0.614434003829956 0.613753974437714 0.610752999782562 0.605911016464233 0.601445972919464 0.597409009933472 0.597406983375549 0.594103991985321 0.589963018894196 0.586220979690552 0.581918001174927 0.578409016132355 0.579708993434906 0.580318987369537 0.57668000459671 0.575950980186462 0.577687978744507 0.575084984302521 0.575044989585876 0.574943006038666 0.573709011077881 0.573741972446442 0.57547402381897 0.57463002204895 0.57261997461319
0.590358972549438 0.582418024539948 0.581120014190674 0.581349015235901 0.582898020744324 0.584040999412537 0.585618019104004 0.586576998233795 0.581251978874207 0.581059992313385 0.58100301027298 0.583841025829315 0.590965986251831 0.599905014038086 0.606401026248932 0.613021016120911 0.613604009151459 0.612966001033783 0.613906979560852 0.611693978309631 0.610311985015869 0.61151397228241 0.606625020503998 0.606216013431549 0.610361993312836 0.615153014659882 0.616042017936707 0.617249011993408 0.617224991321564 0.617659986019135 0.611917018890381 0.606329023838043 0.603815972805023 0.608157992362976 0.613035023212433 0.607236981391907 0.598993003368378 0.591265976428986 0.586059987545013 0.583887994289398 0.582814991474152 0.58031302690506 0.57915598154068 0.577641010284424 0.57873398065567 0.577129006385803 0.575533986091614 0.575527012348175 0.576267004013062 0.576029002666473 0.575680017471313 0.575496017932892
0.586731016635895 0.584839999675751 0.58527398109436 0.58235901594162 0.58400297164917 0.586732983589172 0.587619006633759 0.585215985774994 0.584429979324341 0.585332989692688 0.584196984767914 0.584765017032623 0.588873982429504 0.595386028289795 0.60308700799942 0.604438006877899 0.606463015079498 0.607433021068573 0.609717011451721 0.610170006752014 0.608380019664764 0.605847001075745 0.603264987468719 0.600506007671356 0.605009019374847 0.61066597700119 0.613407015800476 0.611877024173737 0.615509986877441 0.61932098865509 0.617376983165741 0.611236989498138 0.609889984130859 0.605728983879089 0.606522023677826 0.605251014232635 0.597766995429993 0.589039027690887 0.587732017040253 0.585048973560333 0.584375977516174 0.583101987838745 0.580869019031525 0.579989016056061 0.579469978809357 0.579226970672607 0.579014003276825 0.577153980731964 0.578323006629944 0.578055024147034 0.577789008617401 0.576569020748138
0.589067995548248 0.592180013656616 0.59011298418045 0.588738024234772 0.584231972694397 0.58688098192215 0.589505970478058 0.589505016803741 0.58943098783493 0.586960017681122 0.586804986000061 0.586501002311707 0.587037026882172 0.590920984745026 0.594263017177582 0.597276985645294 0.598351001739502 0.601230025291443 0.601873993873596 0.602101981639862 0.601903021335602 0.597437024116516 0.597199022769928 0.597027003765106 0.598810017108917 0.604521989822388 0.607348024845123 0.606043994426727 0.608120024204254 0.615646004676819 0.619777023792267 0.615610003471375 0.609575986862183 0.605827987194061 0.602864980697632 0.600318014621735 0.596665978431702 0.594363987445831 0.589169979095459 0.588778972625732 0.585689008235931 0.585062026977539 0.584535002708435 0.581436991691589 0.581587970256805 0.579762995243073 0.580196022987366 0.580079972743988 0.577802002429962 0.580395996570587 0.57948499917984 0.579563021659851
0.588801980018616 0.590153992176056 0.59059602022171 0.588334023952484 0.585092008113861 0.586866974830627 0.587863981723785 0.586687028408051 0.588160991668701 0.590164005756378 0.590710997581482 0.590315997600555 0.590728998184204 0.589379012584686 0.591621994972229 0.592732012271881 0.594376027584076 0.597012996673584 0.597572028636932 0.595993995666504 0.595659971237183 0.594489991664886 0.594621002674103 0.595016002655029 0.59475302696228 0.598214983940125 0.599032998085022 0.602042019367218 0.606757998466492 0.612239003181458 0.614987015724182 0.615396022796631 0.613310992717743 0.609995007514954 0.607032001018524 0.603155970573425 0.601656973361969 0.59952300786972 0.598388016223907 0.594976007938385 0.591170012950897 0.589164018630981 0.589480996131897 0.588052988052368 0.584508001804352 0.582749009132385 0.581353008747101 0.580631017684937 0.580233991146088 0.580047011375427 0.580824017524719 0.580847978591919
0.591691017150879 0.590228021144867 0.590521991252899 0.589347004890442 0.587361991405487 0.58831000328064 0.58967798948288 0.589769005775452 0.589971005916595 0.590732991695404 0.592530012130737 0.594828009605408 0.595072984695435 0.592567980289459 0.59366899728775 0.594825983047485 0.597679972648621 0.597944974899292 0.597196996212006 0.595247983932495 0.594989001750946 0.594394028186798 0.593173027038574 0.593240976333618 0.594286024570465 0.593523025512695 0.59452098608017 0.597670018672943 0.598829984664917 0.601689994335175 0.607997000217438 0.613160014152527 0.615024983882904 0.613274991512299 0.612792015075684 0.610221028327942 0.608428001403809 0.608200013637543 0.604793012142181 0.59851598739624 0.592298984527588 0.58781099319458 0.585704982280731 0.586399018764496 0.58636599779129 0.586544990539551 0.5867840051651 0.584896981716156 0.583042025566101 0.580627024173737 0.581866025924683 0.581457018852234
0.594497978687286 0.595414996147156 0.594442009925842 0.592785000801086 0.591786026954651 0.592176973819733 0.593778014183044 0.594038009643555 0.595091998577118 0.594960987567902 0.59577602148056 0.596092998981476 0.595646977424622 0.595180988311768 0.596119999885559 0.599439024925232 0.601050972938538 0.600943028926849 0.599637985229492 0.602689027786255 0.600735008716583 0.600672006607056 0.597413003444672 0.594542980194092 0.591709971427917 0.592263996601105 0.593373000621796 0.594932973384857 0.594821989536285 0.594996988773346 0.598406970500946 0.608160972595215 0.610855996608734 0.610920011997223 0.612725019454956 0.614722013473511 0.611968994140625 0.60887598991394 0.602551996707916 0.597257971763611 0.589648008346558 0.587113976478577 0.586118996143341 0.585386991500854 0.584985971450806 0.584273993968964 0.584424018859863 0.584366977214813 0.583842992782593 0.583423018455505 0.58397901058197 0.586049973964691
0.605105996131897 0.601809978485107 0.601926982402802 0.601188004016876 0.599093019962311 0.601116001605988 0.601813018321991 0.603507995605469 0.604030013084412 0.600973010063171 0.600353002548218 0.600095987319946 0.598056018352509 0.598058998584747 0.598226010799408 0.600133001804352 0.601791977882385 0.602814018726349 0.601700007915497 0.606292009353638 0.604937970638275 0.602612018585205 0.599424004554749 0.597633004188538 0.601602017879486 0.595773994922638 0.592615008354187 0.593584001064301 0.592665016651154 0.59299898147583 0.596203982830048 0.59737902879715 0.600332021713257 0.602792024612427 0.605659008026123 0.608106017112732 0.607338011264801 0.604444980621338 0.598653018474579 0.593415975570679 0.588231027126312 0.589190006256104 0.590043008327484 0.589203000068665 0.589191019535065 0.586378991603851 0.585241973400116 0.583829998970032 0.583714008331299 0.587863981723785 0.590205013751984 0.592194020748138
0.613879978656769 0.60885101556778 0.611274003982544 0.614242970943451 0.613605976104736 0.612437009811401 0.615431010723114 0.617196023464203 0.616367995738983 0.614049971103668 0.609566986560822 0.605881989002228 0.60384601354599 0.603142023086548 0.601993024349213 0.600859999656677 0.602891027927399 0.602496981620789 0.60157698392868 0.599739015102386 0.601329028606415 0.598987996578217 0.604707002639771 0.605109989643097 0.60732901096344 0.603882014751434 0.598980009555817 0.596368014812469 0.59436297416687 0.591552019119263 0.594624996185303 0.594016015529633 0.594494998455048 0.595438003540039 0.596885979175568 0.597265005111694 0.597123980522156 0.596578001976013 0.594901025295258 0.591799020767212 0.594711005687714 0.591436982154846 0.589151978492737 0.592446982860565 0.592033982276917 0.590337991714478 0.587999999523163 0.585430979728699 0.585660994052887 0.590507984161377 0.596777021884918 0.597196996212006
0.624590992927551 0.618893027305603 0.618704974651337 0.62464702129364 0.626519978046417 0.624858021736145 0.628518998622894 0.627406001091003 0.625854015350342 0.625886976718903 0.620984971523285 0.616555988788605 0.612892985343933 0.608568012714386 0.604573011398315 0.607424020767212 0.605099022388458 0.605192005634308 0.603870987892151 0.601648986339569 0.602048993110657 0.60131698846817 0.601391971111298 0.602629005908966 0.60590797662735 0.605382978916168 0.605316996574402 0.600458979606628 0.596496999263763 0.596001982688904 0.593715012073517 0.593394994735718 0.592643022537231 0.594121992588043 0.594855010509491 0.594300985336304 0.595883011817932 0.595902025699615 0.597810983657837 0.599305987358093 0.597649991512299 0.596350014209747 0.594779014587402 0.593446016311646 0.593177020549774 0.590819001197815 0.586266994476318 0.587674021720886 0.591063022613525 0.59672999382019 0.597323000431061 0.598559975624084
0.632086992263794 0.632951021194458 0.631289005279541 0.633993029594421 0.638570010662079 0.638154983520508 0.6387540102005 0.637730002403259 0.636327981948853 0.632770001888275 0.631760001182556 0.626402020454407 0.625838994979858 0.619167983531952 0.61661297082901 0.61345499753952 0.609889984130859 0.609552025794983 0.606622993946075 0.605728983879089 0.604083001613617 0.603987991809845 0.603613972663879 0.607984006404877 0.61142498254776 0.608550012111664 0.603254973888397 0.599377989768982 0.597337007522583 0.595035016536713 0.593909978866577 0.594030976295471 0.593352973461151 0.593051016330719 0.593387007713318 0.593604981899261 0.592566013336182 0.595346987247467 0.595382988452911 0.597806990146637 0.59662002325058 0.598172008991241 0.598303973674774 0.596898019313812 0.59350597858429 0.591081976890564 0.589182019233704 0.590216994285583 0.596602022647858 0.598105013370514 0.597427010536194 0.595606982707977
0.629628002643585 0.630069017410278 0.633279025554657 0.641290009021759 0.646035015583038 0.646884024143219 0.646345019340515 0.646291971206665 0.646646976470947 0.642718017101288 0.640039026737213 0.636425971984863 0.633808970451355 0.62703800201416 0.627960026264191 0.62561297416687 0.61796498298645 0.614367008209229 0.612224996089935 0.60989898443222 0.609592974185944 0.607765018939972 0.606612980365753 0.613460004329681 0.621703028678894 0.617199003696442 0.606186985969543 0.600651979446411 0.59801197052002 0.596953988075256 0.595197021961212 0.59501701593399 0.5954470038414 0.59375 0.594123005867004 0.592841982841492 0.5935959815979 0.592993021011353 0.59392899274826 0.594215989112854 0.594340026378632 0.593463003635406 0.594524025917053 0.594393014907837 0.592230021953583 0.591970980167389 0.588795006275177 0.591180026531219 0.595654010772705 0.597546994686127 0.593886971473694 0.595328986644745
