Erophylla_bombifrons.asc
ncols  804
nrows  378
xllcorner  -74.6418056
yllcorner  17.2248604
cellsize 0.00833333370646766
NODATA_value  -9999
[rows 69 to 91 of 378, columns 416 to 467 of 804]
0.454021990299225 0.450392007827759 0.478978008031845 0.505134999752045 0.515874981880188 0.514970004558563 0.514289975166321 0.502726018428802 0.504162013530731 0.47902899980545 0.521192014217377 0.528993010520935 0.511096000671387 0.518912017345428 0.526890993118286 0.519243001937866 0.521004021167755 0.514567971229553 0.532321989536285 0.540961980819702 0.548874974250793 0.534946978092194 0.528649985790253 0.522150993347168 0.501303017139435 0.521695971488953 0.519370019435883 0.483296006917953 0.526888012886047 0.536038994789124 0.532110989093781 0.537474989891052 0.536132991313934 0.539189994335175 0.536743998527527 0.539548993110657 0.543264985084534 0.553164005279541 0.562692999839783 0.571015000343323 0.576550006866455 0.522231996059418 0.530427992343903 0.579706013202667 0.558116018772125 0.558489978313446 0.545916974544525 0.496369004249573 0.52572101354599 0.605916023254395 0.632238984107971 0.631937980651855
0.245196998119354 0.305817991495132 0.378796011209488 0.479703992605209 0.503697991371155 0.502985000610352 0.507007002830505 0.505967974662781 0.47631698846817 0.507622003555298 0.522983014583588 0.533026993274689 0.524758994579315 0.540799975395203 0.538417994976044 0.527477025985718 0.514985024929047 0.51324200630188 0.513363003730774 0.536872029304504 0.551690995693207 0.513979017734528 0.530335009098053 0.497373998165131 0.530225992202759 0.541692018508911 0.508297026157379 0.534892976284027 0.513507008552551 0.549178004264832 0.527176976203918 0.52395099401474 0.53712797164917 0.533792972564697 0.536994993686676 0.535121023654938 0.541113018989563 0.54363602399826 0.553598999977112 0.551837027072906 0.534274995326996 0.565496027469635 0.566229999065399 0.524930000305176 0.484584003686905 0.458595007658005 0.557277023792267 0.535061001777649 0.59783798456192 0.557349979877472 0.630708992481232 0.629737019538879
0.285526990890503 0.303140014410019 0.279415011405945 0.351137012243271 0.380560010671616 0.468216985464096 0.491127014160156 0.48998299241066 0.483603000640869 0.51009601354599 0.511695981025696 0.539384007453918 0.51343697309494 0.543703019618988 0.54286801815033 0.527068018913269 0.494309991598129 0.508575022220612 0.525798976421356 0.50603199005127 0.54221498966217 0.528689980506897 0.521188974380493 0.510663986206055 0.53047102689743 0.522464990615845 0.538914978504181 0.524603009223938 0.540498018264771 0.553376972675323 0.543507993221283 0.532788991928101 0.532976984977722 0.528791010379791 0.531082987785339 0.535459995269775 0.535919010639191 0.533348977565765 0.539584994316101 0.515006005764008 0.542370021343231 0.480535000562668 0.503171026706696 0.44081699848175 0.535643994808197 0.459098011255264 0.516758978366852 0.505847990512848 0.570927023887634 0.590417981147766 0.570545971393585 0.580484986305237
0.495061010122299 0.432915985584259 0.330359995365143 0.287739992141724 0.221950992941856 0.234011992812157 0.443010985851288 0.494616985321045 0.465938985347748 0.501465976238251 0.486214995384216 0.535606026649475 0.502385973930359 0.489307999610901 0.538235008716583 0.523975014686584 0.515341997146606 0.499514013528824 0.492996990680695 0.514874994754791 0.49965101480484 0.518216013908386 0.518146991729736 0.511599004268646 0.528259992599487 0.537802994251251 0.549875974655151 0.535816013813019 0.548829019069672 0.554529011249542 0.555055975914001 0.54586797952652 0.539216995239258 0.538524985313416 0.535992026329041 0.529667019844055 0.516910970211029 0.529290020465851 0.531638979911804 0.534187972545624 0.498376995325089 0.528393983840942 0.491519004106522 0.540775001049042 0.553267002105713 0.566443026065826 0.580793976783752 0.576345980167389 0.58609002828598 0.487268000841141 0.559023022651672 0.567692995071411
0.346406996250153 0.459001988172531 0.502963006496429 0.499491006135941 0.449079990386963 0.234541997313499 0.4600969851017 0.427527993917465 0.210814997553825 0.347923010587692 0.362760007381439 0.437637001276016 0.34417998790741 0.301959991455078 0.443697988986969 0.430359989404678 0.479983001947403 0.497067987918854 0.512139976024628 0.516117990016937 0.534684002399445 0.514158010482788 0.51341700553894 0.510017991065979 0.525699973106384 0.533460021018982 0.561619997024536 0.560137987136841 0.547111988067627 0.544816017150879 0.543631017208099 0.541978001594543 0.536736011505127 0.534945011138916 0.527935981750488 0.53921502828598 0.541837990283966 0.517265975475311 0.524662971496582 0.531884014606476 0.524360001087189 0.52065497636795 0.532341003417969 0.500154972076416 0.518961012363434 0.53090500831604 0.549178004264832 0.557919979095459 0.588052988052368 0.499718010425568 0.585763990879059 0.550130009651184
0.332141011953354 0.348354011774063 0.370896011590958 0.400240987539291 0.37431800365448 0.477818995714188 0.521844983100891 0.463811010122299 0.517956972122192 0.475286990404129 0.478511989116669 0.246075004339218 0.244179993867874 0.300377011299133 0.353260010480881 0.344731003046036 0.470010012388229 0.475066006183624 0.507936000823975 0.521793007850647 0.532162010669708 0.52715802192688 0.500591993331909 0.505747973918915 0.516086995601654 0.524937987327576 0.514720022678375 0.558453023433685 0.508916974067688 0.476123988628387 0.536728978157043 0.535643994808197 0.524223029613495 0.528744995594025 0.53090500831604 0.539422988891602 0.54323399066925 0.536148011684418 0.529968976974487 0.522373020648956 0.52749502658844 0.502111971378326 0.518564999103546 0.520982980728149 0.470344990491867 0.544607996940613 0.549816012382507 0.496291995048523 0.5713250041008 0.470724999904633 0.509926974773407 0.534278988838196
0.381850987672806 0.392872005701065 0.409565985202789 0.43265101313591 0.432776004076004 0.415316998958588 0.467828005552292 0.506645023822784 0.451698005199432 0.453630000352859 0.33296999335289 0.351473987102509 0.49099200963974 0.223881006240845 0.309136986732483 0.30485999584198 0.477136999368668 0.499253988265991 0.482432991266251 0.5120609998703 0.522207975387573 0.529006004333496 0.514378011226654 0.486158013343811 0.500229001045227 0.520717978477478 0.541565001010895 0.527610003948212 0.523422002792358 0.526169002056122 0.523473978042603 0.51741498708725 0.539817988872528 0.49905800819397 0.52199000120163 0.529538989067078 0.536469995975494 0.535633027553558 0.530267000198364 0.521270990371704 0.517328977584839 0.489766985177994 0.443659007549286 0.30706399679184 0.403171986341476 0.455325990915298 0.317510992288589 0.406684994697571 0.550879001617432 0.530640006065369 0.45091500878334 0.464136004447937
0.383953005075455 0.392315000295639 0.405579000711441 0.421898007392883 0.415203988552094 0.395597994327545 0.448992013931274 0.49193200469017 0.443913012742996 0.44421398639679 0.329611003398895 0.337072998285294 0.479238986968994 0.221246004104614 0.303191989660263 0.3019779920578 0.47597399353981 0.502072989940643 0.477375000715256 0.512529015541077 0.520878970623016 0.529487013816833 0.518285989761353 0.489459991455078 0.500778019428253 0.517002999782562 0.539701998233795 0.523153007030487 0.515119016170502 0.51823502779007 0.516794979572296 0.514204978942871 0.539310991764069 0.499978989362717 0.521211981773376 0.52498197555542 0.531417012214661 0.53185099363327 0.528762996196747 0.519636988639832 0.516807019710541 0.489904999732971 0.4427570104599 0.303384989500046 0.40404999256134 0.458018988370895 0.326434999704361 0.421777993440628 0.565889000892639 0.539116978645325 0.456853002309799 0.477254986763
0.4617959856987 0.462999999523163 0.438028007745743 0.439951002597809 0.445125013589859 0.413845986127853 0.413886994123459 0.426916986703873 0.447728008031845 0.446298003196716 0.478408992290497 0.463375002145767 0.311535000801086 0.44642299413681 0.48555999994278 0.475627988576889 0.474876999855042 0.473197996616364 0.479050010442734 0.486254006624222 0.465562999248505 0.48199799656868 0.507417976856232 0.510583996772766 0.506267011165619 0.516628980636597 0.525272011756897 0.527290999889374 0.526790976524353 0.511767029762268 0.517619013786316 0.510567009449005 0.513414025306702 0.51400899887085 0.52317202091217 0.498923987150192 0.518151998519897 0.526661992073059 0.507880985736847 0.526108026504517 0.517014980316162 0.514467000961304 0.276811003684998 0.300994008779526 0.492985993623734 0.450693011283875 0.248942002654076 0.378334999084473 0.498811990022659 0.604578018188477 0.607484996318817 0.619228005409241
0.464960008859634 0.464423000812531 0.462738990783691 0.459434986114502 0.448433011770248 0.424365013837814 0.441897988319397 0.419180989265442 0.424059987068176 0.435580998659134 0.347375988960266 0.469155013561249 0.502762019634247 0.462264001369476 0.315775990486145 0.316536009311676 0.165196001529694 0.270310997962952 0.354553014039993 0.406466990709305 0.40777000784874 0.232270002365112 0.388776987791061 0.380472987890244 0.461968988180161 0.511243999004364 0.471424996852875 0.517166972160339 0.504482984542847 0.501231014728546 0.498104006052017 0.519532978534698 0.519580006599426 0.52003800868988 0.511999011039734 0.51085901260376 0.514976978302002 0.482621997594833 0.493566989898682 0.518724024295807 0.503863990306854 0.503399014472961 0.517603993415833 0.320459008216858 0.309464991092682 0.327087998390198 0.460967004299164 0.519787013530731 0.43147599697113 0.471078008413315 0.596827983856201 0.592456996440887
0.468311011791229 0.463732004165649 0.462577998638153 0.466444998979568 0.459167003631592 0.427498012781143 0.413343995809555 0.403685003519058 0.45135098695755 0.465956002473831 0.356254994869232 0.34926301240921 0.42424800992012 0.419393002986908 0.420226007699966 0.417055010795593 0.488748997449875 0.430759012699127 0.417490005493164 0.474370002746582 0.412001997232437 0.520151972770691 0.32855299115181 0.232262998819351 0.234280005097389 0.42493799328804 0.525286018848419 0.505160987377167 0.508231997489929 0.482616990804672 0.469197005033493 0.508179008960724 0.507346987724304 0.50032901763916 0.498984009027481 0.50482702255249 0.47340801358223 0.549615979194641 0.457722008228302 0.523101985454559 0.530821025371552 0.464827001094818 0.508644998073578 0.516970992088318 0.500328004360199 0.462556004524231 0.297044992446899 0.358069986104965 0.393462985754013 0.41244700551033 0.374776005744934 0.452827990055084
0.469942986965179 0.469709992408752 0.469265013933182 0.467216998338699 0.469556987285614 0.45702400803566 0.445073992013931 0.438250988721848 0.416453987360001 0.465166002511978 0.448895007371902 0.41407299041748 0.395900011062622 0.318064987659454 0.331364989280701 0.331593006849289 0.223600998520851 0.371760010719299 0.443565011024475 0.464448004961014 0.479039996862411 0.400622993707657 0.353237003087997 0.525543987751007 0.284188002347946 0.24889799952507 0.353282988071442 0.491167992353439 0.419638991355896 0.454165995121002 0.486286997795105 0.506699979305267 0.489704996347427 0.511407971382141 0.494762986898422 0.516867995262146 0.536035001277924 0.478976011276245 0.556661009788513 0.400141000747681 0.531994998455048 0.532940983772278 0.478334993124008 0.507094025611877 0.513227999210358 0.490222990512848 0.495276987552643 0.503278970718384 0.508147001266479 0.459345012903214 0.575062990188599 0.422847002744675
0.47419399023056 0.474738001823425 0.471547991037369 0.471693992614746 0.471226990222931 0.467909008264542 0.465490013360977 0.46459099650383 0.433270007371902 0.443044990301132 0.456272006034851 0.449916988611221 0.44395500421524 0.418368995189667 0.394989013671875 0.395137012004852 0.405750006437302 0.42765200138092 0.323453992605209 0.477043002843857 0.444779992103577 0.456681996583939 0.316547006368637 0.243826001882553 0.524125993251801 0.351651012897491 0.291543006896973 0.189821004867554 0.178172007203102 0.400362014770508 0.467521011829376 0.459145992994308 0.515367984771729 0.493149995803833 0.502368986606598 0.503582000732422 0.496176987886429 0.555405020713806 0.535816013813019 0.535319983959198 0.502232015132904 0.53999000787735 0.52045202255249 0.523370981216431 0.472847014665604 0.512166976928711 0.487825006246567 0.511168003082275 0.501098990440369 0.516396999359131 0.429179012775421 0.484899014234543
0.477131009101868 0.476630985736847 0.473064005374908 0.472784012556076 0.473576009273529 0.471778988838196 0.468905001878738 0.468968003988266 0.466140985488892 0.449167013168335 0.454679012298584 0.46085399389267 0.468762993812561 0.46263399720192 0.460914999246597 0.460240006446838 0.439767986536026 0.429892003536224 0.337240010499954 0.152825996279716 0.41780099272728 0.308044999837875 0.350816011428833 0.3836590051651 0.260055989027023 0.486633986234665 0.355962008237839 0.304578989744186 0.305812001228333 0.243336006999016 0.343356013298035 0.456115007400513 0.493609011173248 0.476684987545013 0.472624987363815 0.486387997865677 0.51425302028656 0.544387996196747 0.540638983249664 0.519662022590637 0.521017014980316 0.497489988803864 0.500954985618591 0.51255202293396 0.521040022373199 0.488141000270844 0.466376006603241 0.50669401884079 0.433418989181519 0.483557999134064 0.490096986293793 0.548102974891663
0.480185002088547 0.478707998991013 0.477093994617462 0.475652009248734 0.474765002727509 0.474988013505936 0.471233993768692 0.470178008079529 0.470050990581512 0.467842012643814 0.455792009830475 0.461759001016617 0.468703001737595 0.469164997339249 0.468802988529205 0.465799987316132 0.464181005954742 0.455237001180649 0.453615993261337 0.338214010000229 0.197527006268501 0.329921990633011 0.297775000333786 0.394681006669998 0.316718012094498 0.171528995037079 0.477180987596512 0.515864014625549 0.387033998966217 0.258408010005951 0.20430999994278 0.349752992391586 0.521634995937347 0.479485005140305 0.347333997488022 0.517162024974823 0.461136996746063 0.530941009521484 0.528600990772247 0.503892004489899 0.505806982517242 0.505886971950531 0.491614997386932 0.400263011455536 0.526310980319977 0.488388985395432 0.514629006385803 0.403061002492905 0.507471024990082 0.530893981456757 0.519415020942688 0.506955981254578
0.480498999357224 0.479844003915787 0.477218985557556 0.475749999284744 0.474391996860504 0.476368993520737 0.475082010030746 0.473672986030579 0.473040014505386 0.471745014190674 0.468989014625549 0.46245801448822 0.468849986791611 0.472465991973877 0.469877004623413 0.46900200843811 0.466520011425018 0.468926012516022 0.463782012462616 0.457085996866226 0.433638006448746 0.413599997758865 0.242050006985664 0.266232013702393 0.266591012477875 0.163005992770195 0.211917996406555 0.217535004019737 0.482331991195679 0.429850995540619 0.261133998632431 0.082899197936058 0.37117201089859 0.325432986021042 0.469045013189316 0.397478997707367 0.512804985046387 0.479795008897781 0.511111974716187 0.515272974967957 0.438522011041641 0.470241010189056 0.445506989955902 0.454755008220673 0.357905000448227 0.511988997459412 0.50238698720932 0.454340010881424 0.500393986701965 0.419542014598846 0.495460003614426 0.480080991983414
0.48039299249649 0.478229999542236 0.475840985774994 0.474074989557266 0.473955988883972 0.474898993968964 0.473421007394791 0.474723994731903 0.477212011814117 0.473996996879578 0.475100010633469 0.465734988451004 0.472079008817673 0.471311986446381 0.472925007343292 0.473883986473083 0.471603989601135 0.470952987670898 0.470090001821518 0.468187987804413 0.469888001680374 0.453487008810043 0.431129992008209 0.418294996023178 0.375205993652344 0.159786999225616 0.180426999926567 0.143799006938934 0.129525005817413 0.314112991094589 0.516571998596191 0.359867006540298 0.143433004617691 0.308737993240356 0.475701004266739 0.305779993534088 0.433268010616302 0.391288995742798 0.489901006221771 0.472292989492416 0.467678010463715 0.484324991703033 0.459758013486862 0.505343019962311 0.442689001560211 0.37594598531723 0.473033994436264 0.51699697971344 0.46043199300766 0.492871999740601 0.403187990188599 0.509413003921509
0.479218006134033 0.479216992855072 0.477697014808655 0.476980000734329 0.476186990737915 0.476482003927231 0.473688989877701 0.476108998060226 0.47503399848938 0.476844996213913 0.478906005620956 0.476399004459381 0.476009994745255 0.474709004163742 0.477589994668961 0.474963009357452 0.472950011491776 0.47359099984169 0.47453299164772 0.474788993597031 0.466895014047623 0.465317010879517 0.464560002088547 0.462442010641098 0.44964998960495 0.336852014064789 0.223008006811142 0.186245992779732 0.149038001894951 0.14257900416851 0.199678003787994 0.420264005661011 0.508008003234863 0.453770995140076 0.434976994991302 0.475317001342773 0.477221995592117 0.360873013734818 0.381866008043289 0.500199973583221 0.502231001853943 0.494107007980347 0.475059002637863 0.524102985858917 0.52369099855423 0.452160000801086 0.350840985774994 0.471249014139175 0.505060970783234 0.447216004133224 0.504288971424103 0.455801993608475
0.479506999254227 0.477869987487793 0.476610988378525 0.476110994815826 0.475295007228851 0.474501997232437 0.476548999547958 0.477564007043839 0.47494900226593 0.478165000677109 0.479586005210876 0.479012995958328 0.476668000221252 0.476794004440308 0.47699099779129 0.476476013660431 0.47834101319313 0.476832985877991 0.477710008621216 0.474988013505936 0.477340012788773 0.474433988332748 0.470649003982544 0.469637989997864 0.469969004392624 0.452396988868713 0.369713991880417 0.285883009433746 0.279803991317749 0.269033998250961 0.140387997031212 0.0995713993906975 0.262089014053345 0.431461006402969 0.442900002002716 0.273710995912552 0.426066011190414 0.5380579829216 0.412717014551163 0.45380300283432 0.481905996799469 0.476893991231918 0.490478992462158 0.500126004219055 0.502058029174805 0.483090996742249 0.479909002780914 0.395655006170273 0.450084000825882 0.45252600312233 0.506105005741119 0.426236987113953
0.477037012577057 0.476599991321564 0.47631898522377 0.478231012821198 0.47842401266098 0.478312999010086 0.477625012397766 0.478199005126953 0.479945987462997 0.479461997747421 0.478570997714996 0.478933990001678 0.477169007062912 0.47834500670433 0.478657007217407 0.48046600818634 0.477988988161087 0.478974014520645 0.478367000818253 0.478426992893219 0.477212011814117 0.47834900021553 0.474593997001648 0.475210011005402 0.472200989723206 0.474137008190155 0.463642001152039 0.406076014041901 0.333718985319138 0.349191009998322 0.35394099354744 0.199208006262779 0.281284987926483 0.275011986494064 0.144740998744965 0.164226993918419 0.40174999833107 0.365729004144669 0.502368986606598 0.484728008508682 0.484306007623672 0.465216994285583 0.491798996925354 0.51282000541687 0.438547998666763 0.500545024871826 0.48742601275444 0.435478985309601 0.448471009731293 0.410522997379303 0.484925985336304 0.456209003925323
0.476559013128281 0.477200001478195 0.47638800740242 0.477937996387482 0.478718012571335 0.477622985839844 0.478635996580124 0.479012995958328 0.478098005056381 0.478004992008209 0.478031992912292 0.478042989969254 0.478403985500336 0.475820988416672 0.475681006908417 0.477652996778488 0.478929996490479 0.479593008756638 0.476864993572235 0.477183014154434 0.478321999311447 0.47681400179863 0.477003991603851 0.47664999961853 0.475764006376266 0.476518005132675 0.475095003843307 0.469240993261337 0.453447997570038 0.383879989385605 0.384559988975525 0.271869003772736 0.343006998300552 0.268256992101669 0.26877099275589 0.410028010606766 0.410248011350632 0.422091990709305 0.468239992856979 0.429500013589859 0.434628993272781 0.468892991542816 0.478004992008209 0.482033997774124 0.507292985916138 0.473610013723373 0.444220006465912 0.432125985622406 0.488523006439209 0.397471994161606 0.410466998815536 0.489816009998322
0.476595997810364 0.476711004972458 0.477187991142273 0.476532995700836 0.478065013885498 0.477008998394012 0.477513998746872 0.477858006954193 0.478646993637085 0.478060990571976 0.477225989103317 0.476464986801147 0.476144999265671 0.475163996219635 0.475142002105713 0.475331991910934 0.477557986974716 0.478134006261826 0.478965014219284 0.476700991392136 0.478621006011963 0.479499012231827 0.477373003959656 0.478527992963791 0.478891998529434 0.476325988769531 0.475814998149872 0.475634008646011 0.474647998809814 0.467956990003586 0.424192994832993 0.360033988952637 0.254157990217209 0.356438994407654 0.460703998804092 0.462695986032486 0.431995004415512 0.41610199213028 0.452603995800018 0.455139994621277 0.386317998170853 0.461540013551712 0.464504987001419 0.436311990022659 0.40411901473999 0.457729995250702 0.449378997087479 0.38323900103569 0.419313997030258 0.478558003902435 0.256835997104645 0.33610999584198
0.477948993444443 0.478729993104935 0.477820992469788 0.47639998793602 0.475856989622116 0.476269006729126 0.47665798664093 0.475600987672806 0.475326001644135 0.477589011192322 0.477270990610123 0.476801007986069 0.4757060110569 0.474707990884781 0.474478989839554 0.475414991378784 0.473829001188278 0.47606098651886 0.476972013711929 0.477079004049301 0.478404998779297 0.47674098610878 0.478700011968613 0.478047996759415 0.47886198759079 0.479750990867615 0.47596201300621 0.477710992097855 0.474992990493774 0.473527997732162 0.470360994338989 0.451941013336182 0.408941000699997 0.423866987228394 0.463907986879349 0.453507989645004 0.427354991436005 0.44683301448822 0.440463006496429 0.451898992061615 0.400761008262634 0.423776000738144 0.405898004770279 0.450735002756119 0.443762987852097 0.371829986572266 0.264411985874176 0.471424996852875 0.37065601348877 0.505796015262604 0.447176992893219 0.260861992835999
