Erophylla_bombifrons.asc
ncols  804
nrows  378
xllcorner  -74.6418056
yllcorner  17.2248604
cellsize 0.00833333370646766
NODATA_value  -9999
[rows 230 to 252 of 378, columns 416 to 467 of 804]
0.496540009975433 0.494884997606277 0.502597987651825 0.503098011016846 0.503050029277802 0.494720995426178 0.499758988618851 0.497815996408463 0.505418002605438 0.503656983375549 0.500602006912231 0.501214981079102 0.50271999835968 0.47716099023819 0.486559003591537 0.487704008817673 0.507878005504608 0.517641007900238 0.512179970741272 0.52625697851181 0.525660991668701 0.530131995677948 0.531571984291077 0.531553983688354 0.53548401594162 0.535658001899719 0.535084009170532 0.538927018642426 0.540229022502899 0.538954019546509 0.541011989116669 0.537257015705109 0.537850975990295 0.53845602273941 0.540970981121063 0.539911985397339 0.540987014770508 0.543159008026123 0.545908987522125 0.543435990810394 0.543954014778137 0.548232018947601 0.549413025379181 0.551688015460968 0.554300010204315 0.555140018463135 0.553406000137329 0.55322402715683 0.552479982376099 0.551923990249634 0.551496028900146 0.552641987800598
0.503100991249084 0.502144992351532 0.505477011203766 0.503129005432129 0.498971998691559 0.50831800699234 0.507546007633209 0.505770027637482 0.502125024795532 0.480251014232635 0.437175005674362 0.49762499332428 0.483833998441696 0.500889003276825 0.502110004425049 0.506691992282867 0.513999998569489 0.516645014286041 0.517654001712799 0.528923988342285 0.525893986225128 0.528630971908569 0.53117299079895 0.539632976055145 0.538317024707794 0.538362979888916 0.538470983505249 0.542850971221924 0.54230797290802 0.542285978794098 0.544746994972229 0.544229984283447 0.545951008796692 0.54695600271225 0.544579982757568 0.54498702287674 0.54610401391983 0.544707000255585 0.54746800661087 0.546045005321503 0.549324989318848 0.552420020103455 0.553795993328094 0.55662202835083 0.5589280128479 0.561609029769897 0.559965014457703 0.559532999992371 0.559387028217316 0.559238970279694 0.559499025344849 0.562322020530701
0.507246017456055 0.504903018474579 0.507399022579193 0.506137013435364 0.499520003795624 0.507322013378143 0.508776009082794 0.50654000043869 0.503282010555267 0.478053987026215 0.434228003025055 0.498766988515854 0.481934010982513 0.501618981361389 0.506030023097992 0.508024990558624 0.51384299993515 0.518715977668762 0.515673995018005 0.528454005718231 0.52632600069046 0.531863987445831 0.532518982887268 0.542968988418579 0.542559027671814 0.544203996658325 0.541572988033295 0.54621297121048 0.549302995204926 0.548021972179413 0.550792992115021 0.54959899187088 0.55460798740387 0.553112983703613 0.549871981143951 0.55179899930954 0.549283027648926 0.547930002212524 0.551437973976135 0.550830006599426 0.553452014923096 0.556318998336792 0.558211028575897 0.561779022216797 0.562547981739044 0.565315008163452 0.565298020839691 0.564327001571655 0.564007997512817 0.56545102596283 0.567623019218445 0.567795991897583
0.511224985122681 0.508181989192963 0.510707974433899 0.510731995105743 0.512722015380859 0.511007010936737 0.505477011203766 0.494509994983673 0.486113995313644 0.433468997478485 0.482039004564285 0.497938990592957 0.473939001560211 0.491775006055832 0.500495970249176 0.505239009857178 0.495142012834549 0.509005010128021 0.516111016273499 0.524782001972198 0.528756976127625 0.53218001127243 0.526368975639343 0.534488022327423 0.543340027332306 0.547836005687714 0.550902009010315 0.545605003833771 0.553273022174835 0.551217019557953 0.552962005138397 0.552747011184692 0.552820980548859 0.55697101354599 0.557099997997284 0.555689990520477 0.556721985340118 0.557838976383209 0.552061975002289 0.557253003120422 0.559090971946716 0.560846984386444 0.563663005828857 0.566304981708527 0.568143010139465 0.567498981952667 0.570402979850769 0.569801986217499 0.570384979248047 0.57207202911377 0.572902023792267 0.574118971824646
0.515025019645691 0.513836026191711 0.51233297586441 0.514636993408203 0.514406979084015 0.506666004657745 0.485345989465714 0.479479014873505 0.459017992019653 0.475560992956161 0.502186000347137 0.444126009941101 0.492294996976852 0.494713008403778 0.435896009206772 0.443246990442276 0.460981994867325 0.50440901517868 0.516861975193024 0.521520018577576 0.525027990341187 0.536210000514984 0.531979978084564 0.526880025863647 0.541324019432068 0.544911026954651 0.545926988124847 0.545668005943298 0.553987979888916 0.560706973075867 0.559623003005981 0.562668979167938 0.561622023582458 0.55977600812912 0.55900102853775 0.563318014144897 0.561824977397919 0.559405028820038 0.561205983161926 0.561523973941803 0.561873018741608 0.565057992935181 0.568422019481659 0.569449007511139 0.571282982826233 0.572279989719391 0.570352971553802 0.571772992610931 0.572399973869324 0.576415002346039 0.576737999916077 0.578689992427826
0.517493009567261 0.517998993396759 0.516169011592865 0.516925990581512 0.506085991859436 0.461645990610123 0.423889011144638 0.461890012025833 0.450594007968903 0.502099990844727 0.42833000421524 0.444606989622116 0.436093002557755 0.361185014247894 0.195041000843048 0.196684002876282 0.262347996234894 0.326281994581223 0.438966006040573 0.519465029239655 0.503435015678406 0.513589978218079 0.532791972160339 0.520017027854919 0.511570990085602 0.535050988197327 0.545647025108337 0.554485976696014 0.557699024677277 0.548361003398895 0.566563010215759 0.565194010734558 0.565235018730164 0.569899022579193 0.566029012203217 0.567292988300323 0.566229999065399 0.566484987735748 0.565095007419586 0.5660560131073 0.568440973758698 0.570012986660004 0.570316970348358 0.570958971977234 0.571226000785828 0.57429701089859 0.57558399438858 0.57719099521637 0.577912986278534 0.578930020332336 0.578471004962921 0.580781996250153
0.520690023899078 0.518994987010956 0.516031980514526 0.4966039955616 0.458638995885849 0.448691993951797 0.501559019088745 0.507411003112793 0.505276024341583 0.478026002645493 0.458375990390778 0.431546002626419 0.270716995000839 0.153167992830276 0.198164001107216 0.202402994036675 0.297715991735458 0.355076998472214 0.357347995042801 0.469063997268677 0.452551990747452 0.271629989147186 0.345982998609543 0.505270004272461 0.498780012130737 0.505892992019653 0.539004027843475 0.547761023044586 0.561684012413025 0.564517974853516 0.559172987937927 0.568610012531281 0.569379985332489 0.571564972400665 0.571524977684021 0.570057988166809 0.572140991687775 0.56954699754715 0.566648006439209 0.568747997283936 0.56878000497818 0.572899997234344 0.575178980827332 0.574549973011017 0.572701990604401 0.572839021682739 0.573651015758514 0.574908971786499 0.577892005443573 0.575303018093109 0.575816988945007 0.578913986682892
0.521417021751404 0.515222012996674 0.504186987876892 0.50118499994278 0.504633009433746 0.504472970962524 0.492523998022079 0.497559010982513 0.492249011993408 0.479496985673904 0.455908000469208 0.29075101017952 0.27946200966835 0.454533010721207 0.476823002099991 0.479162007570267 0.453684002161026 0.328978985548019 0.334291994571686 0.179078996181488 0.33967199921608 0.303319990634918 0.133953005075455 0.173357993364334 0.313876003026962 0.486705005168915 0.502942979335785 0.541895985603333 0.523966014385223 0.552444994449615 0.565919995307922 0.565397024154663 0.572209000587463 0.576107025146484 0.575546026229858 0.569872975349426 0.575720012187958 0.572624981403351 0.572368979454041 0.573220014572144 0.574760019779205 0.576390981674194 0.574936985969543 0.575735986232758 0.57634299993515 0.576403975486755 0.57702898979187 0.576285004615784 0.576340973377228 0.57659900188446 0.576790988445282 0.575655996799469
0.521063029766083 0.521844029426575 0.522629976272583 0.51553601026535 0.519895017147064 0.516394972801208 0.511298000812531 0.501682996749878 0.495727002620697 0.471684008836746 0.435010999441147 0.41500198841095 0.38433900475502 0.327457010746002 0.268703013658524 0.272150009870529 0.310216993093491 0.26894998550415 0.17196199297905 0.178930997848511 0.172385007143021 0.437224000692368 0.386994004249573 0.123291000723839 0.0706823021173477 0.154265999794006 0.293882995843887 0.439476013183594 0.44225800037384 0.483253002166748 0.509087026119232 0.56207799911499 0.57192200422287 0.579701006412506 0.582660973072052 0.579658985137939 0.576843976974487 0.578514993190765 0.575878024101257 0.575877010822296 0.575087010860443 0.578074991703033 0.580152988433838 0.578401029109955 0.576238989830017 0.577180981636047 0.578256011009216 0.579604029655457 0.579290986061096 0.579530000686646 0.579356014728546 0.508199989795685
0.527989983558655 0.527193009853363 0.509868979454041 0.519259989261627 0.513872981071472 0.519142985343933 0.492796987295151 0.448900014162064 0.364271998405457 0.310588002204895 0.304928988218307 0.224751994013786 0.175905004143715 0.375084012746811 0.208410993218422 0.207553997635841 0.333761990070343 0.442658990621567 0.458685010671616 0.394859999418259 0.214238002896309 0.318417012691498 0.379931002855301 0.422930985689163 0.196346998214722 0.0455884002149105 0.113571003079414 0.317795008420944 0.459773004055023 0.445942997932434 0.48054501414299 0.436695992946625 0.570122003555298 0.583544015884399 0.587644994258881 0.585290014743805 0.578032970428467 0.581179022789001 0.576843976974487 0.577066004276276 0.579554975032806 0.581292986869812 0.582038998603821 0.578629016876221 0.577701985836029 0.577690005302429 0.577941000461578 0.578581988811493 0.579241991043091 0.577588021755219 0.580748021602631 0.542685985565186
0.516700029373169 0.497848004102707 0.518486976623535 0.511784970760345 0.51029497385025 0.475632011890411 0.477925002574921 0.414779990911484 0.395772993564606 0.433625996112823 0.358366012573242 0.234510004520416 0.350003987550735 0.327071011066437 0.21603000164032 0.215615004301071 0.270179986953735 0.319599002599716 0.222706004977226 0.31344199180603 0.470836997032166 0.410925000905991 0.331169992685318 0.459980994462967 0.38783198595047 0.324102997779846 0.123976998031139 0.212902992963791 0.505694985389709 0.481860011816025 0.484261989593506 0.542132019996643 0.543678998947144 0.576806008815765 0.58397102355957 0.580950975418091 0.584249019622803 0.582762002944946 0.58041900396347 0.580659985542297 0.581939995288849 0.583119988441467 0.581919014453888 0.581225991249084 0.580771028995514 0.580102026462555 0.580466985702515 0.581303000450134 0.581474006175995 0.582536995410919 0.557869017124176 0.380154013633728
0.530022978782654 0.509554028511047 0.47809100151062 0.535009980201721 0.526548981666565 0.495213985443115 0.395860999822617 0.325675994157791 0.193210005760193 0.162931993603706 0.173962995409966 0.100556001067162 0.107698999345303 0.16762800514698 0.104290001094341 0.101383998990059 0.13119700551033 0.134930998086929 0.162244006991386 0.258890002965927 0.396043986082077 0.335940986871719 0.487210988998413 0.462361991405487 0.374341994524002 0.315438985824585 0.316076010465622 0.304659008979797 0.331891000270844 0.455870002508163 0.52513200044632 0.550000011920929 0.580381989479065 0.585286974906921 0.583249986171722 0.586499989032745 0.58602100610733 0.587795972824097 0.583267986774445 0.583109974861145 0.583774983882904 0.584656000137329 0.585043013095856 0.584773004055023 0.584070980548859 0.582853972911835 0.583890020847321 0.580627024173737 0.577278971672058 0.539623975753784 0.44540199637413 0.584289014339447
0.542602002620697 0.542765021324158 0.537009000778198 0.542101979255676 0.537672996520996 0.539903998374939 0.512417018413544 0.531054019927979 0.520044028759003 0.370947986841202 0.292230993509293 0.229760006070137 0.0986139997839928 0.060428898781538 0.0896999016404152 0.0863315016031265 0.0405091010034084 0.0878349989652634 0.164399996399879 0.166912004351616 0.283221006393433 0.40149000287056 0.199034005403519 0.369984000921249 0.475439012050629 0.0959314033389091 0.317959010601044 0.401259005069733 0.375788003206253 0.479124009609222 0.528056025505066 0.558384001255035 0.574419975280762 0.588347971439362 0.593397974967957 0.59254002571106 0.592355012893677 0.590016007423401 0.587536990642548 0.585995018482208 0.586094975471497 0.587002992630005 0.588401973247528 0.587050020694733 0.587670981884003 0.586672008037567 0.582597970962524 0.576116025447845 0.586652994155884 0.591812014579773 0.565891981124878 0.472561985254288
0.548291981220245 0.54805600643158 0.547502994537354 0.547271013259888 0.548120975494385 0.54706597328186 0.547761976718903 0.544377982616425 0.544273972511292 0.532639026641846 0.521270990371704 0.433093994855881 0.341479003429413 0.291096985340118 0.235242992639542 0.232999995350838 0.0784991011023521 0.191729992628098 0.136472001671791 0.0577085018157959 0.0521609000861645 0.337442010641098 0.34612500667572 0.198268994688988 0.303883999586105 0.352997004985809 0.0945376977324486 0.194784998893738 0.434760987758636 0.523977994918823 0.532756984233856 0.5625 0.57940399646759 0.588681995868683 0.593339025974274 0.595996022224426 0.596418023109436 0.594944000244141 0.590086996555328 0.591673016548157 0.59026300907135 0.593029022216797 0.591827988624573 0.59424501657486 -9999 0.594515025615692 0.593249022960663 0.591847002506256 0.591149985790253 0.587343990802765 0.587441027164459 0.605678975582123
0.554219007492065 0.553556025028229 0.555711984634399 0.557036995887756 0.556559979915619 0.555095970630646 0.553457021713257 0.554409027099609 0.554068028926849 0.55280601978302 0.549754977226257 0.543003022670746 0.520743012428284 0.50950300693512 0.437893003225327 0.438226014375687 0.366297990083694 0.235196992754936 0.188091993331909 0.0685632973909378 0.0700512006878853 0.145361006259918 0.369969010353088 0.157138004899025 0.298079013824463 0.230056002736092 0.135518997907639 0.40201398730278 0.500903010368347 0.515420973300934 0.549436986446381 0.562960982322693 0.575959980487823 0.5869380235672 0.595255970954895 0.598908007144928 0.598634004592896 0.596692025661469 0.595924973487854 0.595124006271362 0.595475018024445 0.596436023712158 0.59784597158432 0.597827970981598 -9999 -9999 -9999 -9999 -9999 -9999 -9999 -9999
0.561331987380981 0.561372995376587 0.561851024627686 0.562628984451294 0.561995029449463 0.561052024364471 0.559392988681793 0.558400988578796 0.558688998222351 0.558157980442047 0.557451009750366 0.558310985565186 0.55324399471283 0.538657009601593 0.538742005825043 0.537608981132507 0.538348019123077 0.435528993606567 0.426008999347687 0.322576999664307 0.117008000612259 0.101847000420094 0.147367998957634 0.266193002462387 0.228630006313324 0.343695014715195 0.436951011419296 0.187383994460106 0.293660014867783 0.475098997354507 0.559831023216248 0.581836998462677 0.579676985740662 0.585430026054382 0.596563994884491 0.59893399477005 0.603483021259308 0.600944995880127 0.598277986049652 0.598028004169464 0.599243998527527 0.599811017513275 0.600589990615845 -9999 -9999 -9999 -9999 -9999 -9999 -9999 -9999 -9999
0.566586017608643 0.567885994911194 0.568067014217377 0.568318009376526 0.567788004875183 0.565904974937439 0.564342021942139 0.564239978790283 0.564109027385712 0.562380015850067 0.562636971473694 0.562206983566284 0.562681019306183 0.563468992710114 0.562913000583649 0.560500025749207 0.558143973350525 0.562555015087128 0.55995500087738 0.540960013866425 0.424255013465881 0.232183992862701 0.0795636028051376 0.115717999637127 0.150211006402969 0.434733003377914 0.36149799823761 0.383352011442184 0.388226985931396 0.391029000282288 0.47596400976181 0.554368019104004 0.558840990066528 0.588495016098022 0.603061974048615 0.604606986045837 0.604429006576538 0.602802991867065 0.600080013275146 0.600690007209778 -9999 -9999 -9999 -9999 -9999 -9999 -9999 -9999 -9999 -9999 -9999 -9999
0.570537984371185 0.571722984313965 0.570999026298523 0.570942997932434 0.572220027446747 0.571157991886139 0.569705009460449 0.568987011909485 0.568192005157471 0.568385004997253 0.567767977714539 0.568430006504059 0.567314028739929 0.567736029624939 0.567566990852356 0.56692498922348 0.566707015037537 0.566555023193359 0.567656993865967 0.562695980072021 0.547873973846436 0.520011007785797 0.433450996875763 0.134545996785164 0.113411001861095 0.237969994544983 0.426636010408401 0.438385993242264 0.398945987224579 0.487583994865417 0.45422101020813 0.571915984153748 0.480367004871368 0.52056097984314 0.609875023365021 0.606920003890991 0.607602000236511 0.605036020278931 -9999 -9999 -9999 -9999 -9999 -9999 -9999 -9999 -9999 -9999 -9999 -9999 -9999 -9999
0.573665022850037 0.573930978775024 0.57533597946167 0.57574999332428 0.576153993606567 0.575192987918854 0.575199007987976 0.573912978172302 0.573562026023865 0.572637021541595 0.571657001972198 0.571429014205933 0.57389897108078 -9999 -9999 -9999 0.571677029132843 0.570625007152557 0.571277976036072 0.572319984436035 0.570243000984192 0.568051993846893 0.532029986381531 0.268422991037369 0.281805008649826 0.303442001342773 0.341603010892868 0.408188998699188 0.554500997066498 0.393424987792969 0.458972007036209 0.5952969789505 0.473280012607574 0.436085999011993 0.613912999629974 0.609436988830566 0.61055201292038 -9999 -9999 -9999 -9999 -9999 -9999 -9999 -9999 -9999 -9999 -9999 -9999 -9999 -9999 -9999
0.577126979827881 0.578782021999359 0.579551994800568 0.579793989658356 0.580052018165588 0.580632984638214 0.580712020397186 0.580892980098724 0.57879900932312 0.577015995979309 0.57845401763916 0.578540027141571 -9999 -9999 -9999 -9999 -9999 -9999 -9999 0.576852023601532 0.577318012714386 0.577493011951447 0.571056008338928 0.441666007041931 0.167637005448341 0.460482001304626 0.353459000587463 0.361088991165161 0.329111993312836 0.529229998588562 0.440697997808456 0.503304004669189 0.5225949883461 0.526552975177765 0.571530997753143 0.613501012325287 -9999 -9999 -9999 -9999 -9999 -9999 -9999 -9999 -9999 -9999 -9999 -9999 -9999 -9999 -9999 -9999
0.582790017127991 0.583580017089844 0.584061980247498 0.5850750207901 0.584858000278473 0.584914982318878 0.585797011852264 0.585476994514465 0.582403004169464 0.583683013916016 0.582853019237518 -9999 -9999 -9999 -9999 -9999 -9999 -9999 -9999 -9999 -9999 0.581399977207184 0.582593977451324 0.579653024673462 0.22715100646019 0.118995003402233 0.448031008243561 0.493885010480881 0.337559998035431 0.315479010343552 0.271849006414413 0.493171989917755 0.467552006244659 0.476805001497269 0.55451101064682 0.616167008876801 -9999 -9999 -9999 -9999 -9999 -9999 -9999 -9999 -9999 -9999 -9999 -9999 -9999 -9999 -9999 -9999
0.58609801530838 0.586731970310211 0.587768018245697 0.588715970516205 0.58958899974823 0.589902997016907 0.590551018714905 0.590039014816284 0.588352978229523 0.587274014949799 -9999 -9999 -9999 -9999 -9999 -9999 -9999 -9999 -9999 -9999 -9999 -9999 0.584859013557434 0.587980985641479 0.510569989681244 0.163488000631332 0.225172996520996 0.476895987987518 0.389064013957977 0.364120006561279 0.318356990814209 0.400330007076263 0.513374984264374 0.568346977233887 0.616882026195526 -9999 -9999 -9999 -9999 -9999 -9999 -9999 -9999 -9999 -9999 -9999 -9999 -9999 -9999 -9999 -9999 -9999
0.589389026165009 0.589940011501312 0.591064989566803 0.591683983802795 0.592598021030426 0.593523979187012 0.593869984149933 0.593285977840424 0.59288102388382 -9999 -9999 -9999 -9999 -9999 -9999 -9999 -9999 -9999 -9999 -9999 -9999 -9999 -9999 0.591813027858734 0.526349008083344 0.17043000459671 0.231626003980637 0.490218997001648 0.410517007112503 0.377775996923447 0.324061006307602 0.418325006961823 0.505302011966705 -9999 -9999 -9999 -9999 -9999 -9999 -9999 -9999 -9999 -9999 -9999 -9999 -9999 -9999 -9999 -9999 -9999 -9999 -9999
