Erophylla_bombifrons.asc
ncols  804
nrows  378
xllcorner  -74.6418056
yllcorner  17.2248604
cellsize 0.00833333370646766
NODATA_value  -9999
[rows 230 to 252 of 378, columns 520 to 571 of 804]
0.169034004211426 0.539930999279022 0.632182002067566 0.626479029655457 0.245196998119354 0.529823005199432 0.526588976383209 0.262814998626709 0.456079989671707 0.345043987035751 0.676351010799408 0.706304013729095 0.701483011245728 0.689597010612488 0.701415002346039 0.694675028324127 0.694181978702545 0.688048005104065 0.696847021579742 0.70033198595047 0.716072976589203 0.699307024478912 0.694871008396149 0.681555986404419 0.733900010585785 0.732843995094299 0.737775981426239 0.738138020038605 0.730701982975006 0.726306021213531 0.727958023548126 0.731353998184204 0.732649981975555 0.73158997297287 0.721081018447876 0.710904002189636 0.702696025371552 0.706395983695984 0.72238701581955 0.741199016571045 0.751179993152618 0.756907999515533 0.762911021709442 0.766520023345947 0.764369010925293 0.75670999288559 0.749140024185181 0.74362701177597 0.740023016929626 0.738211989402771 -9999 -9999
0.191679000854492 0.0177468005567789 0.213378995656967 0.190573006868362 0.623776018619537 0.564185976982117 0.574195027351379 0.307114988565445 0.46925300359726 0.52249801158905 0.60029399394989 0.683192014694214 0.713153004646301 0.687579989433289 0.707794010639191 0.694092988967896 0.692561984062195 0.697957992553711 0.72493702173233 0.722495973110199 0.716498017311096 0.697560012340546 0.696105003356934 0.686923980712891 0.707772970199585 0.731855988502502 0.737927973270416 0.734721004962921 0.727169990539551 0.725109994411469 0.72623997926712 0.733237981796265 0.741307020187378 0.744022011756897 0.734860002994537 0.716401994228363 0.709667980670929 0.711341023445129 0.731526017189026 0.749006986618042 0.754254996776581 0.758320987224579 0.758064985275269 0.759416997432709 0.755316019058228 0.750802993774414 0.743291974067688 -9999 -9999 -9999 -9999 -9999
0.17722299695015 0.0174071993678808 0.213493004441261 0.194947004318237 0.643845975399017 0.585376977920532 0.58610999584198 0.302251011133194 0.457581996917725 0.519326984882355 0.588235974311829 0.680584013462067 0.714721977710724 0.698897004127502 0.724439978599548 0.70871502161026 0.704367995262146 0.700637996196747 0.720387995243073 0.717736005783081 0.71431702375412 0.700549006462097 0.69675201177597 0.678498029708862 0.691954016685486 0.714857995510101 0.728612005710602 0.733353972434998 0.729767978191376 0.72306501865387 0.720622003078461 0.730688989162445 0.743318021297455 0.749024987220764 0.736249983310699 0.720573008060455 0.716839015483856 0.720763981342316 0.73906797170639 0.747277021408081 0.750086009502411 0.75082802772522 0.75024002790451 0.749135971069336 0.743880987167358 0.742879986763 -9999 -9999 -9999 -9999 -9999 -9999
0.398461014032364 0.481718987226486 0.222605004906654 0.0703746974468231 0.63067102432251 0.524990022182465 0.64497697353363 0.49617400765419 0.388388007879257 0.646129012107849 0.6560959815979 0.613951981067657 0.689064979553223 0.718338012695313 0.7151939868927 0.721572995185852 0.719937026500702 0.723609983921051 0.724152028560638 0.719651997089386 0.716552972793579 0.706121981143951 0.703325986862183 0.686888992786407 0.688449025154114 0.701546013355255 0.722432017326355 0.729952991008759 0.731603980064392 0.726621985435486 0.724343001842499 0.73404598236084 0.746360003948212 0.748408019542694 0.73350602388382 0.722890019416809 0.720341980457306 0.7308030128479 0.736504018306732 0.740306973457336 0.738223016262054 0.737630009651184 0.738424003124237 0.737904012203217 0.741119980812073 -9999 -9999 -9999 -9999 -9999 -9999 -9999
0.338342994451523 0.229379996657372 0.114569999277592 0.150242000818253 0.557884991168976 0.607092022895813 0.64954000711441 0.598451018333435 0.521714985370636 0.506438016891479 0.604606986045837 0.633002996444702 0.712401986122131 0.698786020278931 0.706974029541016 0.70872300863266 0.726315021514893 0.734471023082733 0.730479001998901 0.725323975086212 0.717366993427277 0.720048010349274 0.714474976062775 0.707319974899292 0.696735978126526 0.695240020751953 0.713621020317078 0.72852498292923 0.736084997653961 0.73506897687912 0.735877990722656 0.742042005062103 0.751707971096039 0.748870015144348 0.730799973011017 0.724570989608765 0.724879026412964 0.727855026721954 0.731230020523071 0.730791985988617 0.731543004512787 -9999 -9999 -9999 -9999 -9999 -9999 -9999 -9999 -9999 -9999 -9999
0.157902002334595 0.152440994977951 0.285784989595413 0.494870007038116 0.570191025733948 0.555980980396271 0.647487998008728 0.634113013744354 0.641254007816315 0.618385016918182 0.657119989395142 0.685698986053467 0.719440996646881 0.711477994918823 0.72332102060318 0.730284988880157 0.721845984458923 0.726484000682831 0.731190979480743 0.727770984172821 0.727970004081726 0.730297029018402 0.7308269739151 0.718869984149933 0.705644011497498 0.699344992637634 0.70702201128006 0.725418984889984 0.73701000213623 0.741482973098755 0.745481014251709 0.747080028057098 0.754113972187042 0.739871978759766 0.732275009155273 0.727660000324249 -9999 -9999 -9999 -9999 -9999 -9999 -9999 -9999 -9999 -9999 -9999 -9999 -9999 -9999 -9999 -9999
0.0765997990965843 0.489865005016327 0.282546013593674 0.605576992034912 0.54830402135849 0.650474011898041 0.641317009925842 0.592675983905792 0.603036999702454 0.604659020900726 0.507833003997803 0.521547973155975 0.668183982372284 0.710443019866943 0.623045027256012 0.678664982318878 0.716324985027313 0.727385997772217 0.726191997528076 0.722392976284027 0.729844987392426 0.731661021709442 0.728563010692596 0.727694988250732 0.720342993736267 0.711849987506866 0.7082279920578 0.721419990062714 0.737263023853302 0.74338299036026 0.751775026321411 0.752475023269653 0.741145014762878 0.738485991954803 0.735403001308441 -9999 -9999 -9999 -9999 -9999 -9999 -9999 -9999 -9999 -9999 -9999 -9999 -9999 -9999 -9999 -9999 -9999
0.623320996761322 0.644596993923187 0.61744898557663 0.645859003067017 0.466758012771606 0.596078991889954 0.599901974201202 0.620603024959564 0.639651000499725 0.454077988862991 0.516797006130219 0.495997995138168 0.549417018890381 0.669368028640747 0.720458984375 0.642170011997223 0.633843004703522 0.710344970226288 0.735044002532959 0.732554972171783 0.734296977519989 0.73292201757431 0.728401005268097 0.716508984565735 0.731981992721558 0.730443000793457 0.727602005004883 0.729475021362305 0.739648997783661 0.745314002037048 0.750705003738403 0.745181977748871 0.73786997795105 0.736447989940643 -9999 -9999 -9999 -9999 -9999 -9999 -9999 -9999 -9999 -9999 -9999 -9999 -9999 -9999 -9999 -9999 -9999 -9999
0.668994009494781 0.467756986618042 0.452302008867264 0.491632997989655 0.609066009521484 0.542569994926453 0.648114025592804 0.657689988613129 0.596753001213074 0.496401011943817 0.501576006412506 0.525234997272491 0.665450990200043 0.658191978931427 0.574577987194061 0.632323980331421 0.691577017307281 0.729820013046265 0.733129978179932 0.730974018573761 0.73089599609375 0.72869598865509 0.721413016319275 0.728015005588531 0.726131021976471 0.734660983085632 0.743192970752716 0.744154989719391 0.74344801902771 0.743430018424988 0.74210000038147 0.737452983856201 0.735006988048553 0.731549978256226 -9999 -9999 -9999 -9999 -9999 -9999 -9999 -9999 -9999 -9999 -9999 -9999 -9999 -9999 -9999 -9999 -9999 -9999
0.680925011634827 0.593979001045227 0.537109971046448 0.631675004959106 0.485329002141953 0.54848700761795 0.638732016086578 0.611379027366638 0.638043999671936 0.672335028648376 0.541799008846283 0.55315899848938 0.604291975498199 0.634838998317719 0.699702024459839 0.707765996456146 0.727373003959656 0.730126976966858 0.72937798500061 0.72986900806427 0.728101015090942 0.726785004138947 0.723752975463867 0.723608016967773 0.738034009933472 0.73869001865387 0.738829970359802 0.750360012054443 0.750030994415283 0.737004995346069 0.739664971828461 0.734604001045227 0.731784999370575 -9999 -9999 -9999 -9999 -9999 -9999 -9999 -9999 -9999 -9999 -9999 -9999 -9999 -9999 -9999 -9999 -9999 -9999 -9999
0.324698001146317 0.603522002696991 0.648123979568481 0.611368000507355 0.555480003356934 0.51127701997757 0.602280020713806 0.644370973110199 0.600681006908417 0.67953497171402 0.627131998538971 0.663330972194672 0.702001988887787 0.709268987178802 0.726993978023529 0.724653005599976 0.726275980472565 0.728888988494873 0.725521981716156 0.72475802898407 0.722428023815155 0.718958020210266 0.719596028327942 0.729494988918304 0.738161027431488 0.749191999435425 0.758255004882813 0.75705897808075 0.745525002479553 0.743075013160706 0.736194014549255 0.731612026691437 -9999 -9999 -9999 -9999 -9999 -9999 -9999 -9999 -9999 -9999 -9999 -9999 -9999 -9999 -9999 -9999 -9999 -9999 -9999 -9999
0.685864984989166 0.533523976802826 0.521248996257782 0.648213982582092 0.669912993907928 0.666607022285461 0.615257978439331 0.598439991474152 0.636020004749298 0.646084010601044 0.645798027515411 0.681114017963409 0.723241984844208 0.7187579870224 0.721334993839264 0.711574018001556 0.723954021930695 0.724484026432037 0.717859983444214 0.713714003562927 0.710355997085571 0.708819985389709 0.717710971832275 0.724376022815704 0.744547009468079 0.758341014385223 0.76130598783493 0.759455978870392 0.751824021339417 0.741887986660004 0.734124004840851 -9999 -9999 -9999 -9999 -9999 -9999 -9999 -9999 -9999 -9999 -9999 -9999 -9999 -9999 -9999 -9999 -9999 -9999 -9999 -9999 -9999
0.628289997577667 0.629882991313934 0.534982025623322 0.52163702249527 0.660969018936157 0.647880017757416 0.66984897851944 0.62525999546051 0.642516016960144 0.622991979122162 0.653174996376038 0.719124019145966 0.719718992710114 0.707942008972168 0.709339022636414 0.713928997516632 0.715210020542145 0.717094004154205 0.718352019786835 0.71355801820755 0.705896019935608 0.702145993709564 0.703835010528564 0.727433025836945 0.753228008747101 0.761449992656708 0.757638990879059 0.753446996212006 0.748368978500366 0.738951027393341 -9999 -9999 -9999 -9999 -9999 -9999 -9999 -9999 -9999 -9999 -9999 -9999 -9999 -9999 -9999 -9999 -9999 -9999 -9999 -9999 -9999 -9999
0.699761986732483 0.625014007091522 0.678406000137329 0.56809002161026 0.608784019947052 0.695116996765137 0.686803996562958 0.658123016357422 0.655884027481079 0.626311004161835 0.699633002281189 0.714268982410431 0.70660001039505 0.718828022480011 0.710887014865875 0.704387009143829 0.704644978046417 0.710025012493134 0.714461982250214 0.713895976543427 0.706691026687622 0.69861501455307 0.712246000766754 0.727771997451782 0.757266998291016 0.759298980236053 0.753606975078583 0.752981007099152 0.746240973472595 0.736549973487854 -9999 -9999 -9999 -9999 -9999 -9999 -9999 -9999 -9999 -9999 -9999 -9999 -9999 -9999 -9999 -9999 -9999 -9999 -9999 -9999 -9999 -9999
0.635197997093201 0.674818992614746 0.585851013660431 0.676060974597931 0.66695100069046 0.690904021263123 0.653958976268768 0.700398027896881 0.676446974277496 0.674274981021881 0.69064199924469 0.703839004039764 0.712449014186859 0.711813986301422 0.703813016414642 0.696578979492188 0.663067996501923 0.709721028804779 0.722009003162384 0.729077994823456 0.727693021297455 0.710069000720978 0.723645985126495 0.732388019561768 0.75401097536087 0.754151999950409 0.755165994167328 0.752354979515076 0.742397010326385 -9999 -9999 -9999 -9999 -9999 -9999 -9999 -9999 -9999 -9999 -9999 -9999 -9999 -9999 -9999 -9999 -9999 -9999 -9999 -9999 -9999 -9999 -9999
0.642872989177704 0.696340978145599 0.662407994270325 0.701601028442383 0.709335029125214 0.717477977275848 0.677479982376099 0.603981971740723 0.697359979152679 0.683471977710724 0.685540974140167 0.693139970302582 0.707571983337402 0.703343987464905 0.697156012058258 0.647796988487244 0.692553997039795 0.705030024051666 0.732064008712769 0.741451025009155 0.741026997566223 0.738220989704132 0.738336980342865 0.739075005054474 0.74593597650528 0.752649009227753 0.758101999759674 0.747411012649536 0.737101972103119 -9999 -9999 -9999 -9999 -9999 -9999 -9999 -9999 -9999 -9999 -9999 -9999 -9999 -9999 -9999 -9999 -9999 -9999 -9999 -9999 -9999 -9999 -9999
0.691709995269775 0.622909009456635 0.684193015098572 0.690878987312317 0.676250994205475 0.683995008468628 0.720220983028412 0.626487016677856 0.706906974315643 0.691119015216827 0.68629002571106 0.689588010311127 0.697501003742218 0.694074988365173 0.649469017982483 0.679248988628387 0.701538980007172 0.720970988273621 0.739457011222839 0.746731996536255 0.748510003089905 0.747093021869659 0.743453979492188 0.744293987751007 0.749148011207581 0.757139980792999 0.751321017742157 0.743017017841339 -9999 -9999 -9999 -9999 -9999 -9999 -9999 -9999 -9999 -9999 -9999 -9999 -9999 -9999 -9999 -9999 -9999 -9999 -9999 -9999 -9999 -9999 -9999 -9999
0.655620992183685 0.676927983760834 0.699468970298767 0.668811976909637 0.700586020946503 0.688843011856079 0.70685201883316 0.67766398191452 0.710228979587555 0.696457028388977 0.692601978778839 0.691349983215332 0.691136002540588 0.665808022022247 0.659645020961761 0.699325978755951 0.711973011493683 0.734476983547211 0.744135975837708 0.748598992824554 0.752400994300842 0.752771019935608 0.745714008808136 0.750554025173187 0.751473009586334 0.747439980506897 0.744521975517273 0.738560020923615 -9999 -9999 -9999 -9999 -9999 -9999 -9999 -9999 -9999 -9999 -9999 -9999 -9999 -9999 -9999 -9999 -9999 -9999 -9999 -9999 -9999 -9999 -9999 -9999
0.676082015037537 0.691254019737244 0.704572975635529 0.705637991428375 0.698475003242493 0.711552977561951 0.677111983299255 0.703562021255493 0.715076982975006 0.702027022838593 0.695101976394653 0.693372011184692 0.690505027770996 0.665767014026642 0.671443998813629 0.707691013813019 0.727714002132416 0.742388010025024 0.746043026447296 0.748386979103088 0.752004981040955 0.753183007240295 0.753692984580994 0.749454975128174 0.744112014770508 0.739727020263672 0.737396001815796 -9999 -9999 -9999 -9999 -9999 -9999 -9999 -9999 -9999 -9999 -9999 -9999 -9999 -9999 -9999 -9999 -9999 -9999 -9999 -9999 -9999 -9999 -9999 -9999 -9999
0.683718979358673 0.681599974632263 0.689592003822327 0.698895990848541 0.686131000518799 0.691156983375549 0.701623022556305 0.720207989215851 0.695679008960724 0.707394003868103 0.699899017810822 0.695299983024597 0.694926023483276 0.669775009155273 0.682344019412994 0.714030981063843 0.738826990127563 0.745052993297577 0.746545970439911 0.749460995197296 0.756681025028229 0.752978980541229 0.753318011760712 0.74769401550293 0.739355027675629 -9999 -9999 -9999 -9999 -9999 -9999 -9999 -9999 -9999 -9999 -9999 -9999 -9999 -9999 -9999 -9999 -9999 -9999 -9999 -9999 -9999 -9999 -9999 -9999 -9999 -9999 -9999
0.682088017463684 0.686847984790802 0.695100009441376 0.696222007274628 0.701930999755859 0.708392024040222 0.720556974411011 0.705107986927032 0.716260015964508 0.70871502161026 0.706676006317139 0.695082008838654 0.700218021869659 0.693472027778625 0.687018990516663 0.719437003135681 0.740742981433868 0.749053001403809 0.751227021217346 0.75450998544693 0.753938019275665 0.756026029586792 0.750181019306183 0.743161022663116 -9999 -9999 -9999 -9999 -9999 -9999 -9999 -9999 -9999 -9999 -9999 -9999 -9999 -9999 -9999 -9999 -9999 -9999 -9999 -9999 -9999 -9999 -9999 -9999 -9999 -9999 -9999 -9999
0.684270024299622 0.685087025165558 0.689372003078461 0.710898995399475 0.710300981998444 0.717190980911255 0.719007015228271 0.715222001075745 0.709860980510712 0.708859026432037 0.709558010101318 0.709271013736725 0.702391982078552 0.7014319896698 0.697694003582001 0.72026801109314 0.739934027194977 0.749957025051117 0.754951000213623 0.755993008613586 0.755039989948273 0.752025008201599 0.746064007282257 0.742486000061035 -9999 -9999 -9999 -9999 -9999 -9999 -9999 -9999 -9999 -9999 -9999 -9999 -9999 -9999 -9999 -9999 -9999 -9999 -9999 -9999 -9999 -9999 -9999 -9999 -9999 -9999 -9999 -9999
0.685034990310669 0.687510013580322 0.68877899646759 0.70721697807312 0.708090007305145 0.717844009399414 0.712177991867065 0.708450019359589 0.704374015331268 0.710157990455627 0.714908003807068 0.720887005329132 0.71449601650238 0.710016012191772 0.704109013080597 0.71849399805069 0.737182974815369 0.748749971389771 0.754813015460968 0.755173027515411 0.751313984394073 0.746572017669678 0.741442978382111 -9999 -9999 -9999 -9999 -9999 -9999 -9999 -9999 -9999 -9999 -9999 -9999 -9999 -9999 -9999 -9999 -9999 -9999 -9999 -9999 -9999 -9999 -9999 -9999 -9999 -9999 -9999 -9999 -9999
