Erophylla_bombifrons.asc
ncols  804
nrows  378
xllcorner  -74.6418056
yllcorner  17.2248604
cellsize 0.00833333370646766
NODATA_value  -9999
[rows 69 to 91 of 378, columns 364 to 415 of 804]
0.470602005720139 0.469839006662369 0.468823999166489 0.469067007303238 0.46747300028801 0.46628001332283 0.467364996671677 0.467584997415543 0.46492999792099 0.46645000576973 0.465229988098145 0.463418006896973 0.465972006320953 0.46068000793457 0.458508998155594 0.462444007396698 0.460732996463776 0.45890200138092 0.463521003723145 0.462101995944977 0.464464992284775 0.466645985841751 0.464195996522903 0.465388000011444 0.467853993177414 0.46731498837471 0.469810992479324 0.471119999885559 0.475493997335434 0.454910010099411 0.47767499089241 0.484943002462387 0.471249014139175 0.487190991640091 0.479562997817993 0.479234009981155 0.478556007146835 0.471098005771637 0.472842007875443 0.490947991609573 0.483639985322952 0.431567996740341 0.343111991882324 0.461578011512756 0.423642009496689 0.37907800078392 0.3524110019207 0.406967997550964 0.440474987030029 0.38323301076889 0.322827994823456 0.347333014011383
0.469756007194519 0.469116985797882 0.468264997005463 0.46798700094223 0.467144995927811 0.467256009578705 0.465995997190475 0.465000003576279 0.464551985263824 0.462345004081726 0.463492006063461 0.458759009838104 0.4549820125103 0.461086988449097 0.460709005594254 0.463135987520218 0.465564996004105 0.468611985445023 0.464745998382568 0.461923986673355 0.461324006319046 0.460721999406815 0.465595990419388 0.463037997484207 0.46560001373291 0.466140002012253 0.466771006584167 0.465395003557205 0.466259002685547 0.467516988515854 0.45236799120903 0.457534998655319 0.495402991771698 0.452104985713959 0.479048997163773 0.476833999156952 0.473358005285263 0.472252011299133 0.461775004863739 0.465961009263992 0.464756011962891 0.469265997409821 0.431611001491547 0.46815299987793 0.453747004270554 0.441648006439209 0.457976996898651 0.373394012451172 0.40879499912262 0.420841008424759 0.43171900510788 0.351999998092651
0.469976991415024 0.468991011381149 0.468400001525879 0.468282014131546 0.468118011951447 0.466989010572433 0.466152995824814 0.464940011501312 0.465582013130188 0.465382009744644 0.461600005626678 0.461001992225647 0.45881199836731 0.457884013652802 0.458451002836227 0.457845002412796 0.453424006700516 0.458420008420944 0.467090010643005 0.455381006002426 0.456335008144379 0.460483014583588 0.462235003709793 0.462406992912292 0.462516993284225 0.461290001869202 0.469168990850449 0.462839007377625 0.463937014341354 0.468181997537613 0.423965990543365 0.469648003578186 0.475663989782333 0.484670013189316 0.460846990346909 0.473695009946823 0.474891006946564 0.469727993011475 0.469312012195587 0.470331013202667 0.456140995025635 0.43655601143837 0.450886011123657 0.464700996875763 0.462372004985809 0.436767995357513 0.393747985363007 0.456734985113144 0.471473008394241 0.357989996671677 0.442714005708694 0.37881600856781
0.46977698802948 0.469509989023209 0.467972010374069 0.468591004610062 0.467866986989975 0.467108011245728 0.466307997703552 0.465059012174606 0.464352011680603 0.46467798948288 0.463728994131088 0.461802005767822 0.460474014282227 0.460934996604919 0.457949995994568 0.456494987010956 0.45542499423027 0.45601698756218 0.461210012435913 0.459986001253128 0.459006994962692 0.464460998773575 0.459526002407074 0.462805986404419 0.459004014730453 0.458142995834351 0.43156498670578 0.457637012004852 0.455006986856461 0.451380997896194 0.47053000330925 0.463086009025574 0.474597007036209 0.48242399096489 0.482197999954224 0.45371401309967 0.443509012460709 0.47309198975563 0.465855002403259 0.468037009239197 0.471424996852875 0.466096997261047 0.458196014165878 0.466168999671936 0.448152989149094 0.445524007081985 0.424111992120743 0.337778002023697 0.250658988952637 0.371674001216888 0.450879007577896 0.485413998365402
0.468836009502411 0.46816098690033 0.46773698925972 0.468288987874985 0.469056993722916 0.468225002288818 0.466866999864578 0.465707987546921 0.465528011322021 0.465339004993439 0.464776992797852 0.46390300989151 0.46297299861908 0.461681008338928 0.460718989372253 0.461582988500595 0.458748996257782 0.452338010072708 0.464736998081207 0.45490100979805 0.46239098906517 0.454010009765625 0.461131989955902 0.45550000667572 0.462509989738464 0.462350010871887 0.44853401184082 0.438142001628876 0.453651010990143 0.451624989509583 0.444783002138138 0.469534009695053 0.481294989585876 0.468358010053635 0.4792720079422 0.48225399851799 0.4339439868927 0.466540992259979 0.449191987514496 0.467000007629395 0.453839004039764 0.472860991954803 0.474027007818222 0.467819005250931 0.462570995092392 0.454079002141953 0.443513989448547 0.424006998538971 0.320517003536224 0.239904999732971 0.302758991718292 0.283194988965988
0.467678993940353 0.467653006315231 0.467842996120453 0.468273013830185 0.468380987644196 0.468466013669968 0.466143995523453 0.465638011693954 0.466226994991302 0.465752989053726 0.465133994817734 0.465308994054794 0.463611990213394 0.462693005800247 0.460781991481781 0.461091995239258 0.462437003850937 0.455897003412247 0.460586994886398 0.457551002502441 0.462599992752075 0.460907012224197 0.454003006219864 0.453561991453171 0.457323014736176 0.462067008018494 0.460978001356125 0.46060499548912 0.461766004562378 0.455058991909027 0.449939012527466 0.444936007261276 0.473868012428284 0.481775999069214 0.477524995803833 0.419905006885529 0.435541987419128 0.430296987295151 0.448785006999969 0.467202991247177 0.477017998695374 0.455642014741898 0.455814003944397 0.469659000635147 0.468874990940094 0.468807995319366 0.465862989425659 0.462228000164032 0.432514011859894 0.350196987390518 0.385309994220734 0.338066011667252
0.466504991054535 0.467689007520676 0.467247009277344 0.466262012720108 0.467402994632721 0.466852992773056 0.466646999120712 0.465990006923676 0.466488003730774 0.466518014669418 0.465853989124298 0.464724004268646 0.464278012514114 0.4634830057621 0.462226003408432 0.462329000234604 0.462621986865997 0.462615996599197 0.455599009990692 0.46306499838829 0.462361991405487 0.465012013912201 0.462072998285294 0.461463004350662 0.462022989988327 0.459917008876801 0.46094599366188 0.461014986038208 0.461876004934311 0.461400002241135 0.462312012910843 0.459161013364792 0.455410003662109 0.472936004400253 0.464951992034912 0.457046985626221 0.470508992671967 0.46026799082756 0.440203994512558 0.456355005502701 0.442750006914139 0.464861005544662 0.477344989776611 0.47468501329422 0.468557000160217 0.468021988868713 0.468562990427017 0.45958399772644 0.466574013233185 0.463182985782623 0.452013999223709 0.399744004011154
0.465236991643906 0.465920001268387 0.465831011533737 0.464738994836807 0.465656995773315 0.465588003396988 0.466805994510651 0.465499997138977 0.466908991336823 0.465196996927261 0.465858995914459 0.465389013290405 0.46611499786377 0.465422004461288 0.464145988225937 0.462186992168427 0.462222009897232 0.462848991155624 0.456191003322601 0.464199006557465 0.461825013160706 0.4617780148983 0.460406988859177 0.460029989480972 0.458923995494843 0.46102300286293 0.461809009313583 0.460613995790482 0.461401998996735 0.463375985622406 0.463328003883362 0.462794005870819 0.456955999135971 0.47146201133728 0.458510011434555 0.454127997159958 0.466316998004913 0.459531009197235 0.437352001667023 0.451413005590439 0.436791002750397 0.462752997875214 0.476747989654541 0.475086987018585 0.469384998083115 0.468163013458252 0.46825098991394 0.455920994281769 0.465626001358032 0.461665987968445 0.44903901219368 0.401641011238098
0.464834988117218 0.463714003562927 0.46357199549675 0.46408998966217 0.464969992637634 0.464644014835358 0.46467798948288 0.46526700258255 0.465272009372711 0.465337991714478 0.465485990047455 0.464780986309052 0.465494990348816 0.465176999568939 0.464273989200592 0.463196992874146 0.462994992733002 0.463557004928589 0.463135987520218 0.46204799413681 0.462296009063721 0.461674988269806 0.460447013378143 0.461414992809296 0.461239010095596 0.459051996469498 0.461245000362396 0.463077008724213 0.459482997655869 0.461033999919891 0.471614003181458 0.473787009716034 0.471500992774963 0.470418989658356 0.456892997026443 0.467458993196487 0.46697399020195 0.461510002613068 0.461412996053696 0.465259999036789 0.46814700961113 0.474142998456955 0.477876991033554 0.474380999803543 0.469763994216919 0.468555003404617 0.443589001893997 0.466297000646591 0.460453003644943 0.4653480052948 0.463977009057999 0.463236004114151
0.464484989643097 0.462594985961914 0.462161988019943 0.461515992879868 0.462451010942459 0.463685005903244 0.464271008968353 0.464641988277435 0.464875996112823 0.464424014091492 0.463862985372543 0.464516013860703 0.46501299738884 0.464468002319336 0.46425399184227 0.464293003082275 0.462343007326126 0.462745010852814 0.461517989635468 0.461223006248474 0.462128013372421 0.461127012968063 0.460523992776871 0.459012001752853 0.459735006093979 0.458963006734848 0.461246997117996 0.457563996315002 0.458819985389709 0.470629006624222 0.473183006048203 0.477468997240067 0.477295011281967 0.473809003829956 0.470349013805389 0.468493014574051 0.466226011514664 0.464758008718491 0.462637007236481 0.455704987049103 0.465362995862961 0.472160011529922 0.477169990539551 0.46484100818634 0.47222501039505 0.466778993606567 0.467260003089905 0.448271989822388 0.464561998844147 0.468573987483978 0.466737002134323 0.46671599149704
0.462556004524231 0.460981994867325 0.461097985506058 0.460597991943359 0.461950987577438 0.46238499879837 0.463423013687134 0.463602989912033 0.463869005441666 0.464944005012512 0.462770998477936 0.463167011737823 0.464284986257553 0.464756995439529 0.464156985282898 0.462354987859726 0.461885988712311 0.461225003004074 0.461136996746063 0.460615009069443 0.461374014616013 0.460545003414154 0.459987998008728 0.458608001470566 0.459722995758057 0.461180001497269 0.461519986391068 0.459082990884781 0.463557004928589 0.469390004873276 0.473782002925873 0.474671006202698 0.477030992507935 0.473722010850906 0.471594005823135 0.46798700094223 0.46637099981308 0.464507013559341 0.466578006744385 0.46493199467659 0.456880003213882 0.465795010328293 0.47248700261116 0.471112012863159 0.47011199593544 0.468057006597519 0.466437011957169 0.469556987285614 0.46738201379776 0.46935099363327 0.467581003904343 0.468106001615524
0.460606008768082 0.45965901017189 0.457509994506836 0.460130006074905 0.460777014493942 0.463584989309311 0.46432700753212 0.464450001716614 0.463380008935928 0.462442994117737 0.46212899684906 0.463802993297577 0.463362991809845 0.462273001670837 0.462063014507294 0.461645007133484 0.46212700009346 0.460680991411209 0.460025995969772 0.460150003433228 0.460370987653732 0.460029006004333 0.458941012620926 0.458117008209229 0.457657992839813 0.456892013549805 0.462065011262894 0.46662500500679 0.466843008995056 0.467435985803604 0.470654010772705 0.476734012365341 0.473479002714157 0.471996009349823 0.471172004938126 0.469379991292953 0.469824999570847 0.465424001216888 0.466962993144989 0.466520994901657 0.466585993766785 0.463398009538651 0.465310007333755 0.469141989946365 0.469628989696503 0.468008995056152 0.469350010156631 0.468486994504929 0.470467001199722 0.472842991352081 0.472344011068344 0.472456991672516
0.458674997091293 0.457771986722946 0.455529004335403 0.458683997392654 0.461299002170563 0.461681008338928 0.461248010396957 0.460662007331848 0.461544007062912 0.461064010858536 0.461488991975784 0.463402986526489 0.462927013635635 0.461304992437363 0.460804998874664 0.459868013858795 0.461232990026474 0.460281997919083 0.458442002534866 0.460290014743805 0.45983499288559 0.46000599861145 0.460256993770599 0.458584010601044 0.455042988061905 0.459683001041412 0.463972002267838 0.465384006500244 0.471074998378754 0.471186995506287 0.472443997859955 0.474476009607315 0.474202990531921 0.474509000778198 0.470389991998672 0.470248013734818 0.468665987253189 0.465882986783981 0.466852992773056 0.466735005378723 0.467871993780136 0.466594994068146 0.462936997413635 0.47162801027298 0.468136012554169 0.464293003082275 0.468147993087769 0.469635009765625 0.472539007663727 0.473684996366501 0.473701000213623 0.47536900639534
0.457439988851547 0.456376999616623 0.454793989658356 0.455633014440536 0.460891991853714 0.459221988916397 0.460673004388809 0.461398005485535 0.46186500787735 0.462319999933243 0.462668985128403 0.461102992296219 0.46077498793602 0.458972007036209 0.459120005369186 0.458189994096756 0.459778994321823 0.462552011013031 0.457904011011124 0.458234995603561 0.461176991462708 0.460994005203247 0.461466014385223 0.459031999111176 0.458425998687744 0.456497997045517 0.456438004970551 0.46884098649025 0.470690995454788 0.471841990947723 0.470854014158249 0.472676008939743 0.474732011556625 0.472142994403839 0.469738006591797 0.468706011772156 0.467997014522552 0.469359010457993 0.470212012529373 0.469669997692108 0.466771990060806 0.467447012662888 0.470679998397827 0.468768000602722 0.469788998365402 0.46832999587059 0.468450009822845 0.470670014619827 0.473610013723373 0.475053995847702 0.476619005203247 0.477786988019943
0.458424001932144 0.454784005880356 0.453653007745743 0.456793010234833 0.457441985607147 0.457276999950409 0.460025012493134 0.461154013872147 0.461185991764069 0.460191011428833 0.460117995738983 0.460314005613327 0.459886014461517 0.4582259953022 0.459232985973358 0.457044005393982 0.461739003658295 0.461398005485535 0.461677998304367 0.461650997400284 0.462861001491547 0.460020989179611 0.462383985519409 0.461230993270874 0.460478991270065 0.460702002048492 0.461537003517151 0.461641997098923 0.470358997583389 0.468620985746384 0.470546007156372 0.471264988183975 0.471433997154236 0.472117990255356 0.470003008842468 0.468259006738663 0.469146996736526 0.468407988548279 0.467907011508942 0.466856986284256 0.468234002590179 0.469543009996414 0.468769013881683 0.46832600235939 0.469695001840591 0.471424996852875 0.469810992479324 0.470057010650635 0.47128900885582 0.474130988121033 0.478870987892151 0.478807002305984
0.456692010164261 0.457350999116898 0.455347001552582 0.454883009195328 0.455686002969742 0.456609010696411 0.459179997444153 0.459286987781525 0.459082007408142 0.459553986787796 0.459888994693756 0.459033012390137 0.458454012870789 0.45686998963356 0.459134995937347 0.461418002843857 0.461605995893478 0.461948990821838 0.460290998220444 0.461093008518219 0.461387991905212 0.46135601401329 0.462343990802765 0.46153599023819 0.460541993379593 0.460781991481781 0.464735001325607 0.465155988931656 0.464273989200592 0.467812985181808 0.468760013580322 0.470212996006012 0.471356004476547 0.469390988349915 0.468591004610062 0.467148989439011 0.468304991722107 0.468656003475189 0.468495011329651 0.469197005033493 0.469448000192642 0.468104988336563 0.468250006437302 0.470326006412506 0.471060991287231 0.46866300702095 0.472180992364883 0.47272801399231 0.471563011407852 0.477122008800507 0.479898989200592 0.48115000128746
0.454591989517212 0.453682988882065 0.453182995319366 0.454023987054825 0.455574989318848 0.457747995853424 0.458056002855301 0.456919014453888 0.457329988479614 0.456921994686127 0.45634600520134 0.46084401011467 0.459381997585297 0.459338992834091 0.4599289894104 0.459024995565414 0.458007007837296 0.459188997745514 0.458514004945755 0.459428012371063 0.459850013256073 0.465054988861084 0.465256005525589 0.463238000869751 0.4600949883461 0.461239993572235 0.464798986911774 0.466273009777069 0.46500501036644 0.466688990592957 0.465985000133514 0.468445003032684 0.469383001327515 0.469049990177155 0.467976987361908 0.46866500377655 0.469511985778809 0.46806600689888 0.469116985797882 0.470126003026962 0.470005005598068 0.470955014228821 0.469545990228653 0.469752997159958 0.469159007072449 0.472743004560471 0.47129499912262 0.471843004226685 0.472346991300583 0.478727012872696 0.479093998670578 0.48029300570488
0.451867997646332 0.45270699262619 0.453851997852325 0.454732000827789 0.459288001060486 0.45958000421524 0.456853002309799 0.455682009458542 0.455783009529114 0.457830995321274 0.45763298869133 0.45626899600029 0.455004006624222 0.455677002668381 0.455877989530563 0.456488996744156 0.461153000593185 0.458602994680405 0.457949012517929 0.460281997919083 0.461901992559433 0.466179013252258 0.464143991470337 0.459776014089584 0.456934005022049 0.458148986101151 0.465297013521194 0.465310990810394 0.470914006233215 0.466989010572433 0.46603798866272 0.466802000999451 0.466946989297867 0.466881990432739 0.467494994401932 0.467622995376587 0.470120012760162 0.469875991344452 0.470986992120743 0.470351010560989 0.471220999956131 0.470068991184235 0.470118999481201 0.470685988664627 0.470477998256683 0.470818012952805 0.471188992261887 0.471201002597809 0.474976986646652 0.476089000701904 0.479416996240616 0.481175988912582
0.448998004198074 0.448309004306793 0.45211198925972 0.457121998071671 0.459529012441635 0.46263200044632 0.459369987249374 0.455258995294571 0.455908000469208 0.456070989370346 0.454364985227585 0.453000009059906 0.452125012874603 0.45583701133728 0.45542898774147 0.457560002803802 0.458175987005234 0.458433002233505 0.458730012178421 0.458754986524582 0.46501898765564 0.465146005153656 0.462334990501404 0.457859992980957 0.454878002405167 0.455570012331009 0.45525199174881 0.465819001197815 0.460702002048492 0.470155000686646 0.469621986150742 0.45846700668335 0.463784992694855 0.466226994991302 0.467489004135132 0.470402002334595 0.473129987716675 0.472714990377426 0.471331000328064 0.473906993865967 0.471017003059387 0.471606999635696 0.471423000097275 0.470492988824844 0.471340000629425 0.471540987491608 0.471940994262695 0.471426010131836 0.472737014293671 0.478246986865997 0.479395002126694 0.47995799779892
0.445201992988586 0.444182008504868 0.453020006418228 0.463398993015289 0.468154013156891 0.460045993328094 0.459136992692947 0.4512560069561 0.45678898692131 0.454847007989883 0.453494995832443 0.450549989938736 0.450019001960754 0.453557997941971 0.455103009939194 0.45525598526001 0.454598009586334 0.454254001379013 0.454311013221741 0.457435011863708 0.462114006280899 0.463780999183655 0.460557997226715 0.455500990152359 0.452053010463715 0.451873004436493 0.454239010810852 0.455906987190247 0.468849003314972 0.465725988149643 0.46068599820137 0.456894993782043 0.457073003053665 0.466818988323212 0.469410985708237 0.468798011541367 0.473084002733231 0.477005988359451 0.475775003433228 0.476173996925354 0.475697994232178 0.474343985319138 0.473618000745773 0.473316013813019 0.472869008779526 0.472939997911453 0.471520006656647 0.471316993236542 0.472162008285522 0.474415987730026 0.478397011756897 0.47859001159668
0.44412100315094 0.442869991064072 0.450738996267319 0.461003988981247 0.469255000352859 0.465577006340027 0.456896990537643 0.457488000392914 0.450742989778519 0.457421988248825 0.453597009181976 0.44540199637413 0.449739992618561 0.451950997114182 0.453534007072449 0.45440399646759 0.455965012311935 0.45532101392746 0.454580992460251 0.458090990781784 0.462698012590408 0.462671011686325 0.458494007587433 0.451377004384995 0.44870001077652 0.445235013961792 0.441280990839005 0.450026005506516 0.462770998477936 0.469556003808975 0.481674998998642 0.476962000131607 0.460213005542755 0.46450799703598 0.472954988479614 0.471661001443863 0.473702013492584 0.477432012557983 0.479524999856949 0.481139004230499 0.48047000169754 0.47646701335907 0.473746985197067 0.474117994308472 0.472411006689072 0.471819013357162 0.471765011548996 0.471902996301651 0.471742004156113 0.472582012414932 0.474606990814209 0.476599007844925
0.44141098856926 0.435871005058289 0.444133996963501 0.443955987691879 0.467299997806549 0.462090998888016 0.454802989959717 0.455565005540848 0.459358006715775 0.446007013320923 0.45762699842453 0.452401012182236 0.448605000972748 0.45024698972702 0.449193000793457 0.452661991119385 0.454250007867813 0.454589009284973 0.456173002719879 0.456948012113571 0.460197001695633 0.463126987218857 0.457062005996704 0.447988986968994 0.446112006902695 0.437065988779068 0.424829006195068 0.447627007961273 0.459973007440567 0.474299997091293 0.482174009084702 0.481840997934341 0.478163987398148 0.448341012001038 0.474900990724564 0.472506999969482 0.471329987049103 0.4757080078125 0.479618012905121 0.481747001409531 0.479090988636017 0.478224009275436 0.475427985191345 0.474963992834091 0.47350600361824 0.471670985221863 0.471332013607025 0.470784991979599 0.471184998750687 0.472203999757767 0.473143994808197 0.474860012531281
0.440326988697052 0.436244994401932 0.406742006540298 0.456737995147705 0.458894014358521 0.45770800113678 0.449930995702744 0.446346998214722 0.462541997432709 0.468059003353119 0.443812012672424 0.454012989997864 0.446774989366531 0.445441991090775 0.444579988718033 0.449613004922867 0.449970006942749 0.451963007450104 0.456450998783112 0.459728986024857 0.462832003831863 0.457410991191864 0.452342987060547 0.444727003574371 0.442007005214691 0.441222995519638 0.428660005331039 0.43172898888588 0.448442995548248 0.466636002063751 0.473894000053406 0.478760987520218 0.484907001256943 0.452075004577637 0.433537006378174 0.476137012243271 0.476199001073837 0.475279986858368 0.480931013822556 0.482230991125107 0.480048000812531 0.477982997894287 0.476637989282608 0.473623007535934 0.471828997135162 0.470858007669449 0.469720989465714 0.468901008367538 0.46917998790741 0.471179008483887 0.474061995744705 0.476229012012482
