Lasiurus_minor.asc
ncols  804
nrows  378
xllcorner  -74.6418056
yllcorner  17.2248604
cellsize 0.00833333370646766
NODATA_value  -9999
[rows 230 to 252 of 378, columns 156 to 207 of 804]
0.669242978096008 0.657051980495453 0.603465020656586 0.554086983203888 0.705218970775604 0.651125013828278 0.679448008537292 0.712655007839203 0.731355011463165 0.682726979255676 0.487132012844086 0.389607012271881 0.628778994083405 0.645008981227875 0.662322998046875 0.655965983867645 0.668721973896027 0.699518024921417 0.556367993354797 0.737119972705841 0.62696897983551 0.51138699054718 0.581305027008057 0.645402014255524 0.607275009155273 0.622474014759064 0.638449013233185 0.627399027347565 0.640057027339935 0.637269973754883 -9999 -9999 0.606743991374969 0.604680001735687 0.555315971374512 0.618909001350403 0.677594006061554 0.538860976696014 0.68699699640274 0.583958029747009 0.448659986257553 0.70701801776886 0.708791971206665 0.669826984405518 0.673407971858978 0.690693974494934 0.665899991989136 0.658200025558472 0.64471298456192 0.620393991470337 0.579638004302979 0.607442021369934
0.571475028991699 0.446469008922577 0.559547007083893 0.580053985118866 0.737541019916534 0.655098974704742 0.659278988838196 0.709923028945923 0.723426997661591 0.670765995979309 0.738813996315002 0.517324984073639 0.489448994398117 0.443587005138397 0.577023983001709 0.628741979598999 0.588416993618011 0.509108006954193 0.369296997785568 0.626833021640778 0.754086017608643 0.658605992794037 0.447670996189117 0.614715993404388 0.565032005310059 0.580404996871948 0.616667985916138 0.527882993221283 0.545159995555878 0.590036988258362 0.613349974155426 0.628911972045898 0.628964006900787 0.644726991653442 0.639011979103088 0.628440976142883 0.603263974189758 0.671039998531342 0.663757979869843 0.663532972335815 0.639234006404877 0.469415009021759 0.590116024017334 0.413612008094788 0.541204988956451 0.596525013446808 0.560918986797333 0.588732004165649 0.622480988502502 0.560132026672363 0.610688984394073 0.611836016178131
0.568192005157471 0.470802009105682 0.596823990345001 0.586221992969513 0.717545986175537 0.667711973190308 0.672589004039764 0.702188014984131 0.699599027633667 0.646856009960175 0.7464439868927 0.566447019577026 0.556183993816376 0.499942004680634 0.625620007514954 0.667144000530243 0.651431977748871 0.599105000495911 0.444420993328094 0.656926989555359 0.735605001449585 0.673326015472412 0.486203014850616 0.644945025444031 0.602922976016998 0.616311013698578 0.659451007843018 0.585685014724731 0.613220989704132 0.640967011451721 0.65736597776413 0.659389019012451 0.664597988128662 0.655440986156464 0.637233018875122 0.603721022605896 0.567517995834351 0.643283009529114 0.668950974941254 0.648657023906708 0.616087973117828 0.415490001440048 0.537819027900696 0.355017989873886 0.476581007242203 0.534951984882355 0.500545978546143 0.532607018947601 0.576954007148743 0.51434201002121 0.572058022022247 0.585326015949249
0.513719022274017 0.555656015872955 0.682049989700317 0.566784024238586 0.360008001327515 0.367633998394012 0.369446009397507 0.44657900929451 0.45168000459671 0.634950995445251 0.733972012996674 0.812629997730255 0.452217012643814 0.362118005752563 0.370427995920181 0.391057997941971 0.57677698135376 0.448657006025314 0.339502990245819 0.262962996959686 0.456824004650116 0.758562982082367 0.774542987346649 0.695770025253296 0.666890978813171 0.686861991882324 0.641995012760162 0.639108002185822 0.6234530210495 0.637607991695404 0.671024024486542 0.637605011463165 0.653191983699799 0.643168985843658 0.605529010295868 0.608479022979736 0.62602698802948 0.636112987995148 0.64307302236557 0.64029997587204 0.562294006347656 0.580331027507782 0.54434597492218 0.587924003601074 0.630092978477478 0.657149016857147 0.660209000110626 0.642001986503601 0.619796991348267 0.621046006679535 0.624947011470795 0.622138977050781
0.402027010917664 0.712900996208191 0.754666984081268 0.673205971717834 0.755472004413605 0.792500972747803 0.792096018791199 0.721921026706696 0.449869006872177 0.28575798869133 0.393487006425858 0.350041002035141 0.454246997833252 0.680873990058899 0.47979399561882 0.422039985656738 0.409388989210129 0.3940150141716 0.679017007350922 0.717440009117126 0.400992006063461 0.508885025978088 0.751025021076202 0.810827970504761 0.729402005672455 0.729727983474731 0.667716979980469 0.710825026035309 0.679252982139587 0.657252013683319 0.66217702627182 0.671760976314545 0.67092102766037 0.634132981300354 0.642672002315521 0.63313102722168 0.635398983955383 0.631292998790741 0.600814998149872 0.634285986423492 0.626749992370605 0.609369993209839 0.62652599811554 0.623166024684906 0.619871973991394 0.613753020763397 0.644101023674011 0.63873702287674 0.635625004768372 0.634783029556274 0.59468400478363 0.595242023468018
0.667324006557465 0.59214198589325 0.600925028324127 0.641629993915558 0.468446999788284 0.474150985479355 0.498337000608444 0.480489999055862 0.682066977024078 0.866396009922028 0.860131978988647 0.788064002990723 0.803138971328735 0.830125987529755 0.764747023582458 0.761255025863647 0.674516022205353 0.838378012180328 0.866419017314911 0.863862991333008 0.845073997974396 0.751245021820068 0.683983027935028 0.782936990261078 0.743315994739532 0.777363002300262 0.713389992713928 0.605306029319763 0.647373974323273 0.681020975112915 0.676506996154785 0.67619001865387 0.65293300151825 0.644653975963593 0.64658397436142 0.64470100402832 0.642715990543365 0.643715977668762 0.641991972923279 0.644388973712921 0.638418972492218 0.636047005653381 0.633988976478577 0.63474702835083 0.630433022975922 0.629714012145996 0.638626992702484 0.632026016712189 0.614544987678528 0.601028025150299 0.602246999740601 0.560512006282806
0.640242993831635 0.66711699962616 0.695541977882385 0.736355006694794 0.747036993503571 0.746966004371643 0.758518993854523 0.749988973140717 0.369899988174438 0.341134011745453 0.490900009870529 0.535776972770691 0.726997017860413 0.72350400686264 0.883064985275269 0.886740028858185 0.883186995983124 0.87695699930191 0.891147017478943 0.891762971878052 0.889662981033325 0.870616972446442 0.834093987941742 0.786543011665344 0.823001980781555 0.798794984817505 0.686812996864319 0.613397002220154 0.689849019050598 0.682954013347626 0.672756016254425 0.667961001396179 0.655848979949951 0.651603996753693 0.649253010749817 0.647621989250183 0.645682990550995 0.642242014408112 0.643417000770569 0.641434013843536 0.575811982154846 0.533996999263763 0.596310019493103 0.553269028663635 0.565158009529114 0.554427981376648 0.579464972019196 0.626314997673035 0.616784989833832 0.629194021224976 0.590707004070282 0.604152023792267
0.695263981819153 0.739714980125427 0.738928020000458 0.776969015598297 0.772863984107971 0.780941009521484 0.781539976596832 0.775671005249023 0.757535994052887 0.691138029098511 0.500581026077271 0.41184800863266 0.330790013074875 0.156823992729187 0.201458007097244 0.75899201631546 0.796446025371552 0.857671022415161 0.889283001422882 0.885649025440216 0.881990015506744 0.868506014347076 0.827793002128601 0.836789011955261 0.795985996723175 0.813750982284546 0.681764006614685 0.560429990291595 0.56927102804184 0.652050971984863 0.683494985103607 0.647143006324768 0.649585008621216 0.651219010353088 0.648312985897064 0.632718026638031 0.607518017292023 0.61870801448822 0.623107016086578 0.486400008201599 0.331948012113571 0.49736300110817 0.500692009925842 0.435281991958618 0.43520200252533 0.506842017173767 0.628354012966156 0.531520009040833 0.577318012714386 0.629967987537384 0.526966989040375 0.654361009597778
0.77647602558136 0.789381980895996 0.796902000904083 0.786038994789124 0.775565981864929 0.741261005401611 0.750375986099243 0.72614198923111 0.773317992687225 0.768754005432129 0.755339026451111 0.755774974822998 0.748211979866028 0.740804016590118 0.137275993824005 0.173686996102333 0.274592995643616 0.611159026622772 0.720584988594055 0.85513299703598 0.85061901807785 0.846798002719879 0.829508006572723 0.821510970592499 0.605651021003723 0.658837020397186 0.579088985919952 0.44582000374794 0.585877001285553 0.669477999210358 0.67127400636673 0.638132989406586 0.590960025787354 0.493418991565704 0.422610014677048 0.395985007286072 0.395577013492584 0.641386985778809 0.602261006832123 0.399486988782883 0.573019981384277 0.609187006950378 0.443901002407074 0.367758005857468 0.336629986763 0.439280986785889 0.571985006332397 0.499713987112045 0.5190349817276 0.455617010593414 0.520199000835419 0.437471985816956
0.769742012023926 0.749544024467468 0.760550022125244 0.760237991809845 0.722388982772827 0.751223027706146 0.756538987159729 0.744925022125244 0.709856986999512 0.755396008491516 0.739929020404816 0.766884028911591 0.768655002117157 0.755402982234955 0.685669004917145 0.451858997344971 0.383736997842789 0.361180007457733 0.410614997148514 0.520778000354767 0.669992983341217 0.550508975982666 0.607441008090973 0.421638011932373 0.474402010440826 0.553393006324768 0.653205990791321 0.687494993209839 0.713882029056549 0.714321970939636 0.711033999919891 0.671657025814056 0.634877979755402 0.581166982650757 0.457812994718552 0.477261990308762 0.482145011425018 0.561648011207581 0.496713012456894 0.525390028953552 0.611133992671967 0.435485005378723 0.419526994228363 0.570770025253296 0.596379995346069 0.398961007595062 0.319180011749268 0.271522998809814 0.466136008501053 0.170967996120453 0.360895991325378 0.298974007368088
0.752837002277374 0.748739004135132 0.73590099811554 0.725193023681641 0.750536024570465 0.753311991691589 0.754804015159607 0.753863990306854 0.748520970344543 0.749253988265991 0.75909298658371 0.756834983825684 0.759850978851318 0.750078976154327 0.773603975772858 0.778090000152588 0.77945202589035 0.644914984703064 0.557465016841888 0.433941006660461 0.430653005838394 0.720237016677856 0.652128994464874 0.661098003387451 0.72004097700119 0.702253997325897 0.736310005187988 0.711708009243011 0.718111991882324 0.730663001537323 0.722535014152527 0.74073201417923 0.738182008266449 0.728543996810913 0.719148993492126 0.755800008773804 0.738843023777008 0.628935992717743 0.62582802772522 0.647958993911743 0.511519014835358 0.614817023277283 0.658410012722015 0.784138023853302 0.698819994926453 0.647687971591949 0.423622012138367 0.677802979946136 0.443338006734848 0.604321002960205 0.661014974117279 0.229154005646706
0.751954019069672 0.750958979129791 0.747072994709015 0.726234972476959 0.712525010108948 0.677634000778198 0.679588973522186 0.692153990268707 0.697494983673096 0.744961977005005 0.759700000286102 0.762124001979828 0.765026986598969 0.769056975841522 0.770143985748291 0.777368009090424 0.770439028739929 0.763234972953796 0.723939001560211 0.683384001255035 0.763553023338318 0.715013980865479 0.737581014633179 0.744109988212585 0.738563001155853 0.735333025455475 0.725807011127472 0.730013012886047 0.725546002388 0.73581999540329 0.727778971195221 0.737469971179962 0.741254985332489 0.736956000328064 0.699279010295868 0.728940010070801 0.74924498796463 0.756549000740051 0.718667984008789 0.611204981803894 0.640271008014679 0.673201024532318 0.813992023468018 0.804986000061035 0.762984991073608 0.77266401052475 0.860920011997223 0.893387973308563 0.879342019557953 0.861962020397186 0.749661028385162 0.877609014511108
0.760550022125244 0.75482702255249 0.663172006607056 0.698776006698608 0.741849005222321 0.801154017448425 0.803780972957611 0.74125200510025 0.664057016372681 0.680616974830627 0.755648970603943 0.74432498216629 0.770693004131317 0.730415999889374 0.747812986373901 0.753951013088226 0.770506024360657 0.767368018627167 0.759352028369904 0.748175978660583 0.703979015350342 0.770982980728149 0.708908021450043 0.709281027317047 0.757748007774353 0.731710970401764 0.734134018421173 0.723634004592896 0.720781981945038 0.716607987880707 0.703127026557922 0.735252022743225 0.741548001766205 0.738749027252197 0.744956970214844 0.735867023468018 0.71637499332428 0.76164299249649 0.737388014793396 0.721247971057892 0.770308017730713 0.823194980621338 0.765362024307251 0.793417990207672 0.84408301115036 0.787090003490448 0.814809024333954 0.848590016365051 0.72561901807785 0.777098000049591 0.841508984565735 0.749695003032684
0.643652975559235 0.73691201210022 0.710635006427765 0.766106009483337 0.813022971153259 0.79823899269104 0.806935012340546 0.819526970386505 0.77606600522995 0.635989010334015 0.741909980773926 0.774577975273132 0.765205025672913 0.748004972934723 0.802105009555817 0.792266011238098 0.754794001579285 0.667653024196625 0.659717977046967 0.633008003234863 0.604511022567749 0.730762004852295 0.653316020965576 0.683211028575897 0.733614027500153 0.750090003013611 0.740768015384674 0.725203990936279 0.718047022819519 0.729699015617371 0.680671989917755 0.700607001781464 0.768186986446381 0.717157006263733 0.719367980957031 0.669834017753601 0.737025022506714 0.767197012901306 0.789959013462067 0.736760020256042 0.742251992225647 0.827404975891113 0.811873018741608 0.732473015785217 0.71146297454834 0.786563992500305 0.822282016277313 0.715303003787994 0.809926986694336 0.563004970550537 0.839869976043701 0.773934006690979
0.613421022891998 0.648084998130798 0.478053003549576 0.517470002174377 0.599466025829315 0.696739971637726 0.692059993743896 0.694507002830505 0.638297975063324 0.754763007164001 0.792560994625092 0.806198000907898 0.803490996360779 0.752012014389038 0.765982985496521 0.80852997303009 0.788847029209137 0.666993021965027 0.729959011077881 0.754442989826202 0.741394996643066 0.604230999946594 0.695145010948181 0.766568005084991 0.659259021282196 0.755554974079132 0.759889006614685 0.747635006904602 0.73444002866745 0.703311026096344 0.72256201505661 0.656395018100739 0.687913000583649 0.711104989051819 0.714533984661102 0.694552004337311 0.71806401014328 0.692744016647339 0.767132997512817 0.697610020637512 0.659914016723633 0.732141971588135 0.77928102016449 0.805257976055145 0.704101979732513 0.80365401506424 0.687400996685028 0.842346012592316 0.831296980381012 0.769942998886108 0.813692986965179 0.672954022884369
0.716659009456635 0.70134299993515 0.701884984970093 0.670976996421814 0.619634985923767 0.584824025630951 0.594138979911804 0.601711988449097 0.707217991352081 0.769379019737244 0.674243986606598 0.733520984649658 0.630936980247498 0.663128018379211 0.707597970962524 0.675815999507904 0.716962993144989 0.721827983856201 0.679471015930176 0.712029993534088 0.676509022712708 0.775041997432709 0.812547028064728 0.80747401714325 0.769231021404266 0.720205008983612 0.776185989379883 0.781181991100311 0.767212986946106 0.722102999687195 0.710117995738983 0.731446027755737 0.714963972568512 0.655658006668091 0.68986701965332 0.714594006538391 0.753189980983734 0.750734984874725 0.725266993045807 0.752698004245758 0.586953997612 0.778312027454376 0.816214978694916 0.803484976291656 0.802865028381348 0.715125024318695 0.78904002904892 0.803111970424652 0.7899090051651 0.686908006668091 0.813211023807526 0.38051301240921
0.712154984474182 0.708135008811951 0.708109021186829 0.698738992214203 0.704421997070313 0.690429985523224 0.69506299495697 0.68545800447464 0.708701014518738 0.724098026752472 0.739013016223907 0.696775019168854 0.731971979141235 0.715115010738373 0.742210984230042 0.738367021083832 0.731929004192352 0.742268025875092 0.710829973220825 0.698687970638275 0.777786016464233 0.773726999759674 0.805198013782501 0.77776300907135 0.791552007198334 0.794879972934723 0.770987987518311 0.778479993343353 0.769442975521088 0.738258004188538 0.736295998096466 0.750629007816315 0.728977024555206 0.696875989437103 0.663659989833832 0.777799010276794 0.754691004753113 0.778419017791748 0.741719007492065 0.762075006961823 0.698480010032654 0.583024978637695 0.82948899269104 0.748946011066437 0.726535022258759 0.67308098077774 0.710485994815826 0.742603003978729 0.835219979286194 0.752780973911285 0.665800988674164 0.543932020664215
0.712890982627869 0.709973990917206 0.707620024681091 0.708666026592255 0.706502974033356 0.704783022403717 0.713438987731934 0.721714973449707 0.729023993015289 0.72673100233078 0.752029001712799 0.745389997959137 0.739506006240845 0.735553979873657 0.732953011989594 0.734746992588043 0.733722984790802 0.729331016540527 0.721872985363007 0.437536001205444 0.748138010501862 0.670648992061615 0.797504007816315 0.813217997550964 0.785197973251343 0.788929998874664 0.787841022014618 0.776293992996216 0.77095502614975 0.768612027168274 0.713231980800629 0.742106974124908 0.737904012203217 0.723594009876251 0.641502022743225 0.591953992843628 0.764010012149811 0.744611024856567 0.737555980682373 0.748964011669159 0.678560018539429 0.708849012851715 0.76929897069931 0.761986970901489 0.745518982410431 0.740212023258209 0.66161698102951 0.681748986244202 0.709499001502991 0.829584002494812 0.698172986507416 0.809005975723267
0.713787019252777 0.709968984127045 0.710139989852905 0.711602985858917 0.709627985954285 0.705296993255615 0.712734997272491 0.674639999866486 0.695976972579956 0.71245801448822 0.584500014781952 0.673016011714935 0.64019501209259 0.668021976947784 0.578644990921021 0.554265022277832 0.556201994419098 0.709524989128113 0.718397974967957 0.568781018257141 0.523505985736847 0.798038005828857 0.722175002098083 0.714479982852936 0.773540019989014 0.788613021373749 0.793033003807068 0.770645976066589 0.775255978107452 0.733707010746002 0.768741011619568 0.768887996673584 0.712387025356293 0.680810987949371 0.738493978977203 0.671693027019501 0.650483012199402 0.737905979156494 0.736093997955322 0.640644013881683 0.63474702835083 0.805248975753784 0.782948970794678 0.681376993656158 0.777513027191162 0.759917020797729 0.803233981132507 0.761690020561218 0.78618597984314 0.828929007053375 0.535085022449493 0.679247975349426
0.717575013637543 0.709380984306335 0.709632992744446 0.708962023258209 0.710525989532471 0.707674980163574 0.711829006671906 0.696880996227264 0.617896020412445 0.647186994552612 0.726487994194031 0.791953027248383 0.746411979198456 0.66346400976181 0.705467998981476 0.587069988250732 0.524815022945404 0.469525992870331 0.706529974937439 0.507541000843048 0.557825028896332 0.785777986049652 0.810325980186462 0.768364012241364 0.683377027511597 0.777200996875763 0.771054983139038 0.752987027168274 0.779007017612457 0.752533972263336 0.765479981899261 0.744746029376984 0.758973002433777 0.770357012748718 0.705377995967865 0.72971099615097 0.736045002937317 0.727073013782501 0.687941014766693 0.586470007896423 0.742685973644257 0.829312026500702 0.795535981655121 0.786006987094879 0.767165005207062 0.744844973087311 0.746013998985291 0.805557012557983 0.831358015537262 0.680661976337433 0.369821012020111 0.698337018489838
0.71399199962616 0.713060021400452 0.711871981620789 0.711930990219116 0.711070001125336 0.707679986953735 0.712418973445892 0.697098970413208 0.728186011314392 0.769394993782043 0.776669979095459 0.756151974201202 0.790690004825592 0.7848100066185 0.76171600818634 0.767225027084351 0.68519401550293 0.562057971954346 0.725655972957611 0.487756013870239 0.789133012294769 0.843289017677307 0.795395970344543 0.801765024662018 0.741634011268616 0.753013014793396 0.772852003574371 0.754423022270203 0.713020980358124 0.74517297744751 0.751955986022949 0.745127975940704 0.752583026885986 0.711452007293701 0.700435996055603 0.69685298204422 0.722234010696411 0.663493990898132 0.69684499502182 0.535188019275665 0.658882021903992 0.844078004360199 0.69481098651886 0.659657001495361 0.776296019554138 0.733384013175964 0.542087972164154 0.792537987232208 0.770527005195618 0.407297998666763 0.768593013286591 0.550926029682159
0.712401986122131 0.701475024223328 0.675875008106232 0.718989014625549 0.714380025863647 0.713612020015717 0.716758012771606 0.709980010986328 0.680366992950439 0.765214025974274 0.737227022647858 0.759137988090515 0.758805990219116 0.758198976516724 0.797302007675171 0.730853974819183 0.749907970428467 0.714752972126007 0.719702005386353 0.572974979877472 0.584814012050629 0.807925999164581 0.783927023410797 0.777835011482239 0.80730801820755 0.755438029766083 0.761761009693146 0.777655005455017 0.786033987998962 0.736442983150482 0.753593981266022 0.758490025997162 0.760035991668701 0.69988602399826 0.722746014595032 0.711363017559052 0.503947973251343 0.713952004909515 0.759687006473541 0.762686014175415 0.667870998382568 0.718680024147034 0.858923971652985 0.733174979686737 0.665674984455109 0.703954994678497 0.543514013290405 0.442595988512039 0.496957004070282 0.624059975147247 0.420226991176605 0.77761298418045
0.714649021625519 0.704751014709473 0.694214999675751 0.747748970985413 0.727724015712738 0.730059027671814 0.740826010704041 0.71713399887085 0.695423007011414 0.777079999446869 0.732888996601105 0.734108984470367 0.754422008991241 0.739036023616791 0.772469997406006 0.694041013717651 0.722038984298706 0.695351004600525 0.718627989292145 0.564059019088745 0.574896991252899 0.811007976531982 0.750192999839783 0.761241972446442 0.821213006973267 0.773849010467529 0.76697301864624 0.784210026264191 0.799017012119293 0.747929990291595 0.765404999256134 0.759972989559174 0.755389988422394 0.707518994808197 0.729564011096954 0.713882029056549 0.490303993225098 0.680981993675232 0.753695011138916 0.745387971401215 0.634396970272064 0.695312976837158 0.837639987468719 0.729507029056549 0.692333996295929 0.722537994384766 0.522589981555939 0.401394009590149 0.467992007732391 0.616686999797821 0.426396012306213 0.766487002372742
