Lasiurus_minor.asc
ncols  804
nrows  378
xllcorner  -74.6418056
yllcorner  17.2248604
cellsize 0.00833333370646766
NODATA_value  -9999
[rows 184 to 206 of 378, columns 572 to 623 of 804]
0.685088992118835 0.686568975448608 0.69114100933075 0.676156997680664 0.717903017997742 0.691127002239227 0.701242983341217 0.696987986564636 0.701200008392334 0.705044984817505 0.709850013256073 0.71781200170517 0.713549017906189 0.700116991996765 0.702525973320007 0.701848983764648 0.719106018543243 0.703149974346161 0.711142003536224 0.723055005073547 0.715804994106293 0.719762980937958 0.729892015457153 0.725287020206451 0.730665028095245 0.726862013339996 0.722765028476715 0.724857985973358 0.721180021762848 0.761385977268219 0.755632996559143 0.733006000518799 0.729807019233704 0.727584004402161 0.721297025680542 0.726891994476318 0.743264973163605 0.73914498090744 0.74243700504303 0.750980019569397 0.74906599521637 0.756017029285431 0.758759021759033 0.752644002437592 0.749001979827881 0.748345017433167 0.749378979206085 0.74624502658844 0.75134402513504 0.759110987186432 0.765731990337372 0.751941978931427
0.69064599275589 0.68963897228241 0.693144023418427 0.695843994617462 0.678029000759125 0.701714992523193 0.69623202085495 0.694957971572876 0.698086977005005 0.701817989349365 0.701426982879639 0.710157990455627 0.718137979507446 0.700169026851654 0.699717998504639 0.700340986251831 0.695681989192963 0.688400983810425 0.711974024772644 0.719609975814819 0.733510971069336 0.72962498664856 0.713391005992889 0.720692992210388 0.734094977378845 0.723519027233124 0.721324980258942 0.713120996952057 0.738417983055115 0.784166991710663 0.713329970836639 0.722096979618073 0.730355978012085 0.724542021751404 0.726698994636536 0.728708028793335 0.720417022705078 0.730346977710724 0.74098002910614 0.747510015964508 0.751320004463196 0.76011997461319 0.761991024017334 0.754675984382629 0.746749997138977 0.744488000869751 0.744274020195007 0.748917996883392 0.752722024917603 0.761231005191803 0.764720022678375 0.743755996227264
0.691461026668549 0.689966022968292 0.69023597240448 0.691841006278992 0.692651987075806 0.69778299331665 0.698231995105743 0.695138990879059 0.700187027454376 0.701829016208649 0.703706026077271 0.705116987228394 0.704542994499207 0.70414400100708 0.696187019348145 0.694217026233673 0.700966000556946 0.704661011695862 0.723060011863708 0.736169993877411 0.723964989185333 0.715978980064392 0.70855700969696 0.718375027179718 0.725814998149872 0.718384981155396 0.720704972743988 0.716292023658752 0.712837994098663 0.692036986351013 0.761668026447296 0.684877991676331 0.723619997501373 0.722401022911072 0.721693992614746 0.733040988445282 0.729174971580505 0.719766020774841 0.735228002071381 0.745615005493164 0.749071002006531 0.771462023258209 0.771921992301941 0.748655021190643 0.740635991096497 0.734194993972778 0.730656027793884 0.750163018703461 0.767587006092072 0.731679975986481 0.717480003833771 0.728667020797729
0.696381986141205 0.698576986789703 0.698602974414825 0.693050980567932 0.693363010883331 0.696678996086121 0.697170972824097 0.694593012332916 0.700164020061493 0.705783009529114 0.701384007930756 0.700861990451813 0.699526011943817 0.706241011619568 0.698522984981537 0.697640001773834 0.698409020900726 0.699302017688751 0.715161979198456 0.745112001895905 0.728805005550385 0.707872986793518 0.706734001636505 0.714169025421143 0.716615974903107 0.719889998435974 0.716544985771179 0.716521978378296 0.717226982116699 0.738717019557953 0.687003016471863 0.723011016845703 0.721974015235901 0.720317006111145 0.720019996166229 0.726602017879486 0.724353015422821 0.725194990634918 0.726113975048065 0.731029987335205 0.712621986865997 0.767781972885132 0.711565017700195 0.756928026676178 0.728266000747681 0.733012020587921 0.734584987163544 0.753600001335144 0.747999012470245 0.719606995582581 0.700779974460602 0.719316005706787
0.698512017726898 0.697843015193939 0.701735019683838 0.698054015636444 0.693654000759125 0.693637013435364 0.697971999645233 0.697731971740723 0.700959980487823 0.70345801115036 0.702804982662201 0.69998699426651 0.701537013053894 0.701783001422882 0.700348973274231 0.697763025760651 0.699001014232635 0.703338980674744 0.70685601234436 0.728374004364014 0.722425997257233 0.711374998092651 0.713806986808777 0.715155005455017 0.721652984619141 0.715142011642456 0.713689982891083 0.714354991912842 0.718167006969452 0.729951024055481 0.731921970844269 0.726006984710693 0.719111025333405 0.720313012599945 0.72484302520752 0.726161003112793 0.726114988327026 0.725685000419617 0.725530028343201 0.73172801733017 0.750379979610443 0.726458013057709 0.748887002468109 0.743519008159637 0.734175026416779 0.732953011989594 0.737372994422913 0.756879985332489 0.754944026470184 0.73957097530365 0.709810972213745 0.70440399646759
0.700441002845764 0.700582027435303 0.706209003925323 0.700277984142303 0.696529984474182 0.694449007511139 0.696712970733643 0.70024299621582 0.702566981315613 0.705245018005371 0.703776001930237 0.696223020553589 0.696344017982483 0.696632027626038 0.694988012313843 0.697238028049469 0.698091983795166 0.703745007514954 0.713433027267456 0.722006022930145 0.723623991012573 0.718756020069122 0.711923003196716 0.717087984085083 0.722885012626648 0.723347008228302 0.715982973575592 0.71511298418045 0.718635022640228 0.725319981575012 0.72706401348114 0.728591978549957 0.720852017402649 0.720488011837006 0.727984011173248 0.725643992424011 0.725507974624634 0.723859012126923 0.72300398349762 0.72904098033905 0.744852006435394 0.746654987335205 0.737752020359039 0.733141005039215 0.727558016777039 0.729077994823456 0.732981979846954 0.727046012878418 0.745355010032654 0.726143002510071 0.735149025917053 0.73048597574234
0.694911003112793 0.702132999897003 0.707453012466431 0.703781008720398 0.698796987533569 0.697297990322113 0.697472989559174 0.701831996440887 0.701290011405945 0.704540014266968 0.703006029129028 0.697910010814667 0.696784973144531 0.696547985076904 0.695909023284912 0.696355998516083 0.702078998088837 0.708181023597717 0.715852975845337 0.721939980983734 0.723568975925446 0.719734013080597 0.71355402469635 0.720076978206635 0.724897027015686 0.721212029457092 0.716184973716736 0.714818000793457 0.716956973075867 0.720223009586334 0.719694972038269 0.721430003643036 0.720833003520966 0.721382975578308 0.733532011508942 0.736620008945465 0.730452001094818 0.728524029254913 0.723546981811523 0.727627992630005 0.733412027359009 0.738672018051147 0.727351009845734 0.72733598947525 0.725739002227783 0.730867981910706 0.733976006507874 0.744188010692596 0.740679979324341 0.732819020748138 0.732451975345612 0.739682018756866
0.694184005260468 0.700627028942108 0.705381989479065 0.703592002391815 0.700940012931824 0.699513018131256 0.696730971336365 0.701133012771606 0.697631001472473 0.695837020874023 0.69634997844696 0.697393000125885 0.696712017059326 0.696376979351044 0.698570013046265 0.708222985267639 0.71499902009964 0.711620986461639 0.712800025939941 0.723613977432251 0.723523020744324 0.722001016139984 0.715444028377533 0.725166022777557 0.719847977161407 0.719820976257324 0.714684009552002 0.715439021587372 0.715698003768921 0.719410002231598 0.715525984764099 0.719299018383026 0.721979022026062 0.721131026744843 0.726760983467102 0.731284976005554 0.725169003009796 0.725377976894379 0.724287986755371 0.724606990814209 0.731194019317627 0.731564998626709 0.727620005607605 0.725201010704041 0.729559004306793 0.73048198223114 0.734197020530701 0.739368975162506 0.736189007759094 0.731751024723053 0.728492021560669 0.734310984611511
0.692355990409851 0.701698005199432 0.705320000648499 0.7049720287323 0.701694011688232 0.701240003108978 0.696313977241516 0.696904003620148 0.696274995803833 0.69583797454834 0.695742011070251 0.697520017623901 0.699720025062561 0.706679999828339 0.711036026477814 0.721736013889313 0.721966028213501 0.717950999736786 0.718874990940094 0.719413995742798 0.718801975250244 0.718662023544312 0.715726971626282 0.720072984695435 0.716933012008667 0.721457004547119 0.718933999538422 0.714569985866547 0.718168020248413 0.71881902217865 0.716744005680084 0.717664003372192 0.716816008090973 0.718755006790161 0.722697019577026 0.721900999546051 0.727523028850555 0.72825700044632 0.72561901807785 0.727204024791718 0.727093994617462 0.727298974990845 0.726773977279663 0.729565024375916 0.732052981853485 0.732742011547089 0.734893977642059 0.730745017528534 0.732535004615784 0.728106021881104 0.726517975330353 0.728860974311829
0.695994019508362 0.702799022197723 0.705197989940643 0.704289019107819 0.705618023872375 0.703629016876221 0.700686991214752 0.698646008968353 0.697935998439789 0.69378000497818 0.696452975273132 0.697508990764618 0.706030011177063 0.710788011550903 0.721576988697052 0.723843991756439 0.721311986446381 0.721661984920502 0.725786983966827 0.72086501121521 0.720161020755768 0.712966978549957 0.715996026992798 0.72155499458313 0.718428015708923 0.717745006084442 0.71842497587204 0.720849990844727 0.720344007015228 0.718101978302002 0.714075982570648 0.717721998691559 0.716008007526398 0.718755006790161 0.719914019107819 0.72173398733139 0.723523020744324 0.72835499048233 0.727496981620789 0.721723973751068 0.724915027618408 0.72672700881958 0.729987025260925 0.734722018241882 0.731864988803864 0.732308983802795 0.734884977340698 0.733848989009857 0.733482003211975 0.730180025100708 0.730342984199524 0.725912988185883
0.698520004749298 0.70448899269104 0.702019989490509 0.701982975006104 0.699582993984222 0.702705979347229 0.699245989322662 0.699967980384827 0.697905004024506 0.693278014659882 0.696528971195221 0.706713974475861 0.711973011493683 0.715415000915527 0.717981994152069 0.71686202287674 0.719310998916626 0.721159994602203 0.721185028553009 0.72163999080658 0.714978992938995 0.712082028388977 0.715735018253326 0.718119978904724 0.717369019985199 0.716997981071472 0.710555970668793 0.716244995594025 0.722428977489471 0.721414029598236 0.714559972286224 0.715978980064392 0.716791987419128 0.717857003211975 0.722672998905182 0.720259010791779 0.728151977062225 0.730686008930206 0.72240799665451 0.722344994544983 0.722117006778717 0.724500000476837 0.732487976551056 0.736029982566833 0.734363973140717 0.732828974723816 0.734251022338867 0.735637009143829 0.73240202665329 0.730216979980469 0.734107971191406 0.725744009017944
0.694342017173767 0.698235988616943 0.700204014778137 0.698746025562286 0.697699010372162 0.697103023529053 0.700057983398438 0.700465977191925 0.69767701625824 0.691797971725464 0.698399007320404 0.708370983600616 0.715475976467133 0.718102991580963 0.714911997318268 0.715233981609344 0.715288996696472 0.717962980270386 0.720260977745056 0.713446974754333 0.714137971401215 0.719950020313263 0.725916981697083 0.715840995311737 0.713719010353088 0.715564012527466 0.713054001331329 0.713406026363373 0.718034982681274 0.720727980136871 0.715907990932465 0.714474976062775 0.714716017246246 0.714707016944885 0.721002995967865 0.722945988178253 0.728398978710175 0.726265013217926 0.7257120013237 0.724169015884399 0.724983990192413 0.730745017528534 0.735174000263214 0.737836003303528 0.736799001693726 0.733078002929688 0.737497985363007 0.738727986812592 0.733928978443146 0.729686975479126 0.727860987186432 0.725562989711761
0.686182975769043 0.689444005489349 0.701624989509583 0.696875989437103 0.692651987075806 0.694171011447906 0.699280023574829 0.701184988021851 0.699919998645782 0.696403026580811 0.700102984905243 0.706044018268585 0.717279016971588 0.721249997615814 0.718127012252808 0.713319003582001 0.710380017757416 0.713629007339478 0.713204026222229 0.71076101064682 0.712288975715637 0.726221024990082 0.727467000484467 0.716593980789185 0.715119004249573 0.716223001480103 0.716989994049072 0.717110991477966 0.715677976608276 0.720960021018982 0.71628999710083 0.714554011821747 0.714595973491669 0.716838002204895 0.724191009998322 0.725462973117828 0.72699898481369 0.723972976207733 0.721763014793396 0.725666999816895 0.72630500793457 0.734014987945557 0.736182987689972 0.737200021743774 0.737496018409729 0.733934998512268 0.737895011901855 0.738256990909576 0.73285299539566 0.728937983512878 0.729511976242065 0.728968977928162
0.684817016124725 0.685643970966339 0.694899022579193 0.69266802072525 0.691941976547241 0.690127015113831 0.697529971599579 0.69983297586441 0.693692982196808 0.693588018417358 0.701647996902466 0.707638025283813 0.714896976947784 0.724303007125854 0.717546999454498 0.71170300245285 0.711342990398407 0.711574018001556 0.71043199300766 0.710251986980438 0.712393999099731 0.726562023162842 0.721846997737885 0.716512978076935 0.717477023601532 0.719135999679565 0.71848601102829 0.717117011547089 0.716096997261047 0.717647016048431 0.715862989425659 0.715071022510529 0.715317010879517 0.717487990856171 0.722917020320892 0.725853025913239 0.726324021816254 0.721916019916534 0.722989976406097 0.725786983966827 0.730220973491669 0.732177019119263 0.736621975898743 0.738560974597931 0.73411101102829 0.738031983375549 0.743164002895355 0.738412022590637 0.735054016113281 0.728066980838776 0.724340975284576 0.72697502374649
0.683849990367889 0.685949981212616 0.6875079870224 0.689495027065277 0.69021201133728 0.69045501947403 0.694926977157593 0.694534003734589 0.693163990974426 0.69455498456955 0.703684985637665 0.706524014472961 0.71358197927475 0.723464012145996 0.718622982501984 0.711863994598389 0.710188984870911 0.711668014526367 0.713015973567963 0.712904989719391 0.714915990829468 0.71679699420929 0.719217002391815 0.718284010887146 0.717785000801086 0.720283985137939 0.719412982463837 0.71561598777771 0.717051982879639 0.717935979366302 0.714627981185913 0.714699983596802 0.714865028858185 0.717342019081116 0.724449992179871 0.720324993133545 0.720439016819 0.719730973243713 0.724525988101959 0.729637026786804 0.731109023094177 0.733627021312714 0.736804008483887 0.73429799079895 0.734862983226776 0.739248991012573 0.745307981967926 0.737712979316711 0.733896017074585 0.728760004043579 0.727105975151062 0.723881006240845
0.687146008014679 0.685851991176605 0.685173988342285 0.686075985431671 0.689134001731873 0.692269027233124 0.693853974342346 0.693929016590118 0.694491028785706 0.702409982681274 0.706309020519257 0.709878981113434 0.71289598941803 0.71722400188446 0.718205988407135 0.712652981281281 0.707849979400635 0.71067601442337 0.713575005531311 0.714947998523712 0.717195987701416 0.718867003917694 0.717855989933014 0.71713799238205 0.719223976135254 0.719596028327942 0.719669997692108 0.713729023933411 0.716567993164063 0.716535985469818 0.714493989944458 0.716325998306274 0.715288996696472 0.719114005565643 0.717774987220764 0.717786014080048 0.719229996204376 0.720688998699188 0.729349970817566 0.731386005878448 0.733035981655121 0.734426975250244 0.734345018863678 0.733613014221191 0.734230995178223 0.739602029323578 0.747759997844696 0.742130994796753 0.736015021800995 0.730072021484375 0.725914001464844 0.7223219871521
0.690684020519257 0.688566029071808 0.686479985713959 0.685782015323639 0.690689027309418 0.694913029670715 0.695915997028351 0.695330023765564 0.695133984088898 0.698240995407104 0.706471025943756 0.70795601606369 0.712837994098663 0.713604986667633 0.717266023159027 0.711826980113983 0.707740008831024 0.714493989944458 0.716470003128052 0.718351006507874 0.716956973075867 0.716488003730774 0.715470016002655 0.715237975120544 0.717348992824554 0.717673003673553 0.713589012622833 0.713307976722717 0.717005014419556 0.718017995357513 0.713596999645233 0.714287996292114 0.716995000839233 0.716965019702911 0.717553973197937 0.718577027320862 0.720224976539612 0.727499008178711 0.730467021465302 0.73242598772049 0.732379019260406 0.735539972782135 0.734852015972137 0.733354985713959 0.735621988773346 0.741357982158661 0.747888028621674 0.740483999252319 0.737505972385406 0.732191979885101 0.726198971271515 0.721475005149841
0.692003011703491 0.69156801700592 0.69139701128006 0.687308013439178 0.691469013690948 0.694774985313416 0.69707202911377 0.695463001728058 0.697399973869324 0.697296977043152 0.707940995693207 0.706012010574341 0.710034012794495 0.712436020374298 0.713753998279572 0.709088981151581 0.707176983356476 0.710388004779816 0.715318024158478 0.717179000377655 0.711390018463135 0.711793005466461 0.712401986122131 0.714083015918732 0.71434497833252 0.714187979698181 0.712409973144531 0.712604999542236 0.714972019195557 0.710828006267548 0.713331997394562 0.714630007743835 0.717761993408203 0.719940006732941 0.719600975513458 0.721432983875275 0.729336023330688 0.732033014297485 0.733236014842987 0.733507990837097 0.732746005058289 0.736045002937317 0.732492983341217 0.735044002532959 0.734156012535095 0.740945994853973 0.745256006717682 0.743151009082794 0.738548994064331 0.733503997325897 0.728899002075195 0.723146975040436
0.698722004890442 0.694839000701904 0.69481897354126 0.688759028911591 0.691744983196259 0.695098996162415 0.695398986339569 0.697148025035858 0.699271976947784 0.704544007778168 0.70983099937439 0.707985997200012 0.707976996898651 0.707912981510162 0.713088989257813 0.70855301618576 0.709294021129608 0.707328021526337 0.711583971977234 0.711305022239685 0.711502015590668 0.709764003753662 0.710029006004333 0.715541005134583 0.711122989654541 0.712854027748108 0.711341023445129 0.71305900812149 0.710731983184814 0.713578999042511 0.718217015266418 0.718952000141144 0.718818008899689 0.719721972942352 0.719781994819641 0.725543022155762 0.727730989456177 0.728259980678558 0.729773998260498 0.7292839884758 0.732349991798401 0.734215021133423 0.736042976379395 0.730494976043701 0.735732972621918 0.738022983074188 0.743453979492188 0.743000984191895 0.73914098739624 0.736661016941071 0.729188024997711 0.724039018154144
0.704881012439728 0.70058798789978 0.696412980556488 0.694023013114929 0.691358983516693 0.694370985031128 0.694755971431732 0.697393000125885 0.699733972549438 0.704897999763489 0.709635019302368 0.708633005619049 0.708603024482727 0.708319008350372 0.711636006832123 0.711820006370544 0.711201012134552 0.708988010883331 0.711345016956329 0.710979998111725 0.711712002754211 0.71262401342392 0.713895976543427 0.711230993270874 0.713034987449646 0.712105989456177 0.712460994720459 0.711610972881317 0.714300990104675 0.716193974018097 0.718223989009857 0.720543026924133 0.721208989620209 0.719192028045654 0.725521981716156 0.726417005062103 0.726476013660431 0.724418997764587 0.7257239818573 0.726490020751953 0.732400000095367 0.736442029476166 0.733228981494904 0.731374025344849 0.733579993247986 0.739024996757507 0.740729987621307 0.743303000926971 0.744700014591217 0.737295985221863 0.736711025238037 0.723662972450256
0.706212997436523 0.703432023525238 0.701645016670227 0.698108971118927 0.692991018295288 0.69505900144577 0.691824972629547 0.695981025695801 0.702145993709564 0.706903994083405 0.707732975482941 0.711080014705658 0.709267020225525 0.708907008171082 0.710507988929749 0.714178025722504 0.711015999317169 0.710407018661499 0.709897994995117 0.712450981140137 0.711410999298096 0.71382600069046 0.712700009346008 0.713958024978638 0.712284028530121 0.712022006511688 0.711854994297028 0.712679028511047 0.711097002029419 0.713460028171539 0.718931019306183 0.718330025672913 0.720331013202667 0.72188001871109 0.722877979278564 0.72316300868988 0.725206017494202 0.725098013877869 0.726813018321991 0.727683007717133 0.729909002780914 0.731791019439697 0.731198012828827 0.729797005653381 0.731185019016266 0.734829008579254 0.740773975849152 0.743767976760864 0.743595004081726 0.738973021507263 0.73565798997879 0.726517975330353
0.705160021781921 0.704509973526001 0.703059017658234 0.698512017726898 0.694133996963501 0.693138003349304 0.693145990371704 0.699630975723267 0.701273024082184 0.705704987049103 0.707795977592468 0.706970989704132 0.707934021949768 0.710218012332916 0.710793018341064 0.711193978786469 0.712527990341187 0.711530029773712 0.707846999168396 0.708544015884399 0.709733009338379 0.712853014469147 0.713186979293823 0.710397005081177 0.711126983165741 0.712091982364655 0.712813019752502 0.711547017097473 0.71443098783493 0.718367993831635 0.722181975841522 0.723122000694275 0.723599970340729 0.723950028419495 0.726679980754852 0.724987983703613 0.724946022033691 0.724884986877441 0.724963009357452 0.727829992771149 0.72904098033905 0.730678975582123 0.729758977890015 0.730292975902557 0.73071700334549 0.734050989151001 0.738445997238159 0.740567982196808 0.740797996520996 0.738143980503082 0.73667299747467 0.733959972858429
0.706539988517761 0.70212197303772 0.700307011604309 0.696039974689484 0.694934010505676 0.695003986358643 0.695019006729126 0.7012739777565 0.701762974262238 0.70430201292038 0.706927001476288 0.704811990261078 0.707674980163574 0.708492994308472 0.71143102645874 0.711497008800507 0.7099289894104 0.709991991519928 0.708248972892761 0.708582997322083 0.709858000278473 0.711154997348785 0.710278987884521 0.711313009262085 0.711045026779175 0.711217999458313 0.712164998054504 0.714219987392426 0.714675009250641 0.719875991344452 0.723191976547241 0.725327014923096 0.72680801153183 0.725925981998444 0.723499000072479 0.720983028411865 0.720930993556976 0.721960008144379 0.724389970302582 0.725485980510712 0.726131975650787 0.728339016437531 0.727500021457672 0.729297995567322 0.730647027492523 0.730479001998901 0.733563005924225 0.735333025455475 0.737285017967224 0.738633990287781 0.736652016639709 0.735445022583008
