Lasiurus_minor.asc
ncols  804
nrows  378
xllcorner  -74.6418056
yllcorner  17.2248604
cellsize 0.00833333370646766
NODATA_value  -9999
[rows 184 to 206 of 378, columns 364 to 415 of 804]
0.44862499833107 0.4461629986763 0.444988995790482 0.442135006189346 0.445657014846802 0.441348999738693 0.449375987052917 0.450706988573074 0.45473700761795 0.456836998462677 0.456786006689072 0.452235013246536 0.452650994062424 0.458447992801666 0.460114002227783 0.471601009368896 0.476841986179352 0.475777000188828 0.475997000932693 0.48403000831604 0.477517992258072 0.474810987710953 0.47707599401474 0.480316013097763 0.484504997730255 0.484165996313095 0.485163986682892 0.482208013534546 0.479021012783051 0.477555990219116 0.473821014165878 0.472418010234833 0.469514012336731 0.468046993017197 0.466143012046814 0.467739999294281 0.464230000972748 0.465382993221283 0.464807003736496 0.463649988174438 0.462314009666443 0.464219987392426 0.464370012283325 0.46399599313736 0.466096013784409 0.466679990291595 0.466935992240906 0.466921001672745 0.468784004449844 0.469525992870331 0.475571990013123 0.471343994140625
0.450861006975174 0.449315994977951 0.446150988340378 0.449205994606018 0.448814988136292 0.443304985761642 0.433357000350952 0.451620995998383 0.466190993785858 0.465131998062134 0.459630995988846 0.432408004999161 0.419250994920731 0.425960004329681 0.431080996990204 0.405535995960236 0.444622993469238 0.479990988969803 0.480691999197006 0.491111010313034 0.493420004844666 0.488070994615555 0.485621988773346 0.480017006397247 0.488406985998154 0.488808006048203 0.488339990377426 0.485962986946106 0.483083993196487 0.481436997652054 0.480643004179001 0.479479014873505 0.476108998060226 0.473434001207352 0.469018012285233 0.468876987695694 0.469150990247726 0.463625997304916 0.462002992630005 0.45872700214386 0.464920997619629 0.467494994401932 0.467247992753983 0.466049998998642 0.466899007558823 0.46670201420784 0.467216014862061 0.469112992286682 0.468703985214233 0.469208985567093 0.473084986209869 0.472914010286331
0.391525000333786 0.434819996356964 0.44505301117897 0.426099002361298 0.45108699798584 0.447136014699936 0.405584990978241 0.457201987504959 0.462518006563187 0.481211990118027 0.450156986713409 0.404572010040283 0.283133000135422 0.225406005978584 0.227721005678177 0.154312998056412 0.176175996661186 0.22639599442482 0.388810992240906 0.491216003894806 0.498010009527206 0.48633199930191 0.490927994251251 0.501586973667145 0.494801014661789 0.494664013385773 0.491481006145477 0.491452991962433 0.490440994501114 0.488844007253647 0.484690994024277 0.485534012317657 0.480913996696472 0.478549003601074 0.477531999349594 0.471843004226685 0.470993995666504 0.469716995954514 0.465824991464615 0.465245008468628 0.463220000267029 0.467658013105392 0.467249006032944 0.465770989656448 0.465932995080948 0.466778010129929 0.466996014118195 0.466895997524261 0.468232989311218 0.471009999513626 0.469877004623413 0.472194999456406
0.252083986997604 0.273566991090775 0.25654399394989 0.264750987291336 0.378926008939743 0.449948012828827 0.429569989442825 0.466794013977051 0.477100998163223 0.484759002923965 0.437702000141144 0.306751012802124 0.371286988258362 0.406035989522934 0.417589992284775 0.331319987773895 0.0729445964097977 0.0179389007389545 0.0506247989833355 0.209441006183624 0.321574985980988 0.489288002252579 0.514542996883392 0.510222017765045 0.507661998271942 0.490698993206024 0.472241997718811 0.492397010326385 0.499256014823914 0.494987010955811 0.491190999746323 0.490550994873047 0.487064987421036 0.48353299498558 0.48047798871994 0.479743987321854 0.47129100561142 0.475353002548218 0.467808991670609 0.469217002391815 0.468506008386612 0.467889994382858 0.467384994029999 0.468883991241455 0.467366009950638 0.469613999128342 0.468151986598969 0.468820989131927 0.469736009836197 0.471166998147964 0.471666991710663 0.470362991094589
0.4098159968853 0.565900981426239 0.44124099612236 0.329726994037628 0.301441013813019 0.252858012914658 0.198014006018639 0.403984993696213 0.46772301197052 0.431416988372803 0.488916009664536 0.449609011411667 0.317036986351013 0.213689997792244 0.230388998985291 0.143985003232956 0.3994460105896 0.555298984050751 0.188416004180908 0.0600246004760265 0.0300978999584913 0.135578006505966 0.380739003419876 0.518474996089935 0.521435022354126 0.513566970825195 0.514279007911682 0.481094986200333 0.511511027812958 0.504869997501373 0.498118996620178 0.496470987796783 0.491717010736465 0.489683002233505 0.487722009420395 0.480646014213562 0.482499986886978 0.47562500834465 0.474061012268066 0.471763998270035 0.470228999853134 0.46976500749588 0.469348013401031 0.469671994447708 0.466639012098312 0.470012992620468 0.469224005937576 0.469359010457993 0.467898994684219 0.472416996955872 0.472541987895966 0.472921013832092
0.29764398932457 0.300119012594223 0.42281499505043 0.518714010715485 0.524887979030609 0.316004008054733 0.329203009605408 0.223011001944542 0.211683005094528 0.456301003694534 0.453224003314972 0.49073800444603 0.474171996116638 0.411394000053406 0.449036985635757 0.311325013637543 0.120203003287315 0.156311005353928 0.426710993051529 0.502578020095825 0.494408011436462 0.116873003542423 0.100602999329567 0.221560001373291 0.367446005344391 0.527782022953033 0.536450028419495 0.515707015991211 0.49277999997139 0.51323801279068 0.50297600030899 0.504637002944946 0.499172985553741 0.491524994373322 0.491721004247665 0.486135989427567 0.48216301202774 0.480313986539841 0.478040009737015 0.474721997976303 0.473506987094879 0.469208985567093 0.468142002820969 0.468903005123138 0.469278007745743 0.470748007297516 0.469677001237869 0.471276998519897 0.470158994197845 0.47053599357605 0.473327994346619 0.4706149995327
0.404278993606567 0.496077001094818 0.320587009191513 0.308889001607895 0.337597012519836 0.380412012338638 0.484019011259079 0.589968979358673 0.553296983242035 0.30265998840332 0.346688985824585 0.504666984081268 0.500369012355804 0.49330198764801 0.508688986301422 0.548958003520966 0.576775014400482 0.540333986282349 0.489675998687744 0.439947992563248 0.50856602191925 0.634734988212585 0.566650986671448 0.325473994016647 0.187249004840851 0.198034003376961 0.403672993183136 0.518411993980408 0.499494999647141 0.504378020763397 0.50220799446106 0.498456001281738 0.512116014957428 0.496618002653122 0.494450986385345 0.494711995124817 0.488761991262436 0.48343300819397 0.484941005706787 0.480827987194061 0.478612989187241 0.477508991956711 0.474895000457764 0.473190009593964 0.471592992544174 0.470806002616882 0.470874011516571 0.47181099653244 0.47222700715065 0.47138300538063 0.467184007167816 0.468342989683151
0.170969992876053 0.307687997817993 0.477373987436295 0.511973023414612 0.423301011323929 0.324822008609772 0.269248992204666 0.27801901102066 0.307604998350143 0.414238005876541 0.538791000843048 0.505225002765656 0.451029986143112 0.338995009660721 0.341098994016647 0.28685998916626 0.24592299759388 0.305658012628555 0.484580010175705 0.610846996307373 0.635864973068237 0.633724987506866 0.585541009902954 0.548232018947601 0.47563898563385 0.199083998799324 0.125880002975464 0.171470999717712 0.218675002455711 0.31750899553299 0.487996995449066 0.43614199757576 0.485691994428635 0.509513020515442 0.503194987773895 0.497655987739563 0.498683005571365 0.498214989900589 0.488902002573013 0.480233997106552 0.484338998794556 0.48259899020195 0.479234993457794 0.473192989826202 0.471092998981476 0.470683008432388 0.469146996736526 0.470899999141693 0.473158001899719 0.470811992883682 0.471109986305237 0.470643997192383
0.333786010742188 0.276787996292114 0.389708995819092 0.468023985624313 0.513943016529083 0.514833986759186 0.490700989961624 0.459641009569168 0.450994998216629 0.507089972496033 0.551088988780975 0.541445970535278 0.494237005710602 0.348322004079819 0.366488009691238 0.260805010795593 0.244292005896568 0.264389991760254 0.28533598780632 0.300024002790451 0.401459991931915 0.295024991035461 0.344705998897552 0.488043010234833 0.479409992694855 0.493842005729675 0.283387005329132 0.150745004415512 0.118087999522686 0.10122200101614 0.240799993276596 0.232957005500793 0.437638998031616 0.454780012369156 0.490173012018204 0.509517014026642 0.504710018634796 0.496482014656067 0.497103005647659 0.497649013996124 0.486164003610611 0.48786199092865 0.481561988592148 0.476787000894547 0.476814985275269 0.47452899813652 0.472297996282578 0.472290009260178 0.473868012428284 0.473004996776581 0.473048001527786 0.472359985113144
0.366156011819839 0.311724007129669 0.423348009586334 0.478747993707657 0.508719980716705 0.489499986171722 0.452434003353119 0.41567999124527 0.399605989456177 0.473080009222031 0.531619012355804 0.529218018054962 0.500334978103638 0.377052992582321 0.403719991445541 0.304710000753403 0.292151004076004 0.304156988859177 0.312718987464905 0.321494996547699 0.42638498544693 0.326213985681534 0.3785679936409 0.522706985473633 0.509455025196075 0.521915018558502 0.314788997173309 0.167432993650436 0.134969994425774 0.113347999751568 0.272464007139206 0.259779989719391 0.473152011632919 0.484189003705978 0.512780010700226 0.524223983287811 0.509796977043152 0.506718993186951 0.506739020347595 0.500892996788025 0.49268901348114 0.49634200334549 0.490927994251251 0.490043014287949 0.484174996614456 0.483134001493454 0.477311998605728 0.473953008651733 0.474067986011505 0.472279012203217 0.473664999008179 0.476242005825043
0.543222010135651 0.402384012937546 0.394244998693466 0.492040991783142 0.504095017910004 0.513396024703979 0.506707012653351 0.518454015254974 0.521802008152008 0.495020985603333 0.536520004272461 0.540314018726349 0.453424006700516 0.347822993993759 0.385230988264084 0.342435002326965 0.275620013475418 0.379016011953354 0.347200989723206 0.428258001804352 0.561715006828308 0.597490012645721 0.55995100736618 0.572670996189117 0.622500002384186 0.630351006984711 0.531247973442078 0.568929016590118 0.551474988460541 0.363507002592087 0.296048998832703 0.200752004981041 0.233297005295753 0.322180986404419 0.503116011619568 0.525313019752502 0.523585021495819 0.517684996128082 0.503323018550873 0.5069540143013 0.506974995136261 0.501500010490417 0.498760014772415 0.492213994264603 0.492089986801147 0.488779008388519 0.486773014068604 0.48183399438858 0.477344006299973 0.476206004619598 0.477319985628128 0.476455003023148
0.422367990016937 0.398254990577698 0.480437994003296 0.516995012760162 0.501736998558044 0.497042000293732 0.461894005537033 0.490054994821548 0.526820003986359 0.5261549949646 0.519029021263123 0.515761971473694 0.332276999950409 0.199214994907379 0.22351099550724 0.252591997385025 0.414896994829178 0.721762001514435 0.713630974292755 0.683588027954102 0.728756010532379 0.701433002948761 0.602666020393372 0.689767003059387 0.70661997795105 0.711407005786896 0.70492297410965 0.662145972251892 0.65039998292923 0.548712015151978 0.497296005487442 0.499172985553741 0.322474986314774 0.118417002260685 0.0350739993155003 0.149832993745804 0.513908982276917 0.501819014549255 0.517924010753632 0.519997000694275 0.52062600851059 0.506395995616913 0.500440001487732 0.508265972137451 0.49694699048996 0.495593011379242 0.488985985517502 0.483790010213852 0.483431994915009 0.488350003957748 0.482212990522385 0.474204003810883
0.371039986610413 0.443628996610641 0.530010998249054 0.529672980308533 0.521615982055664 0.477180987596512 0.546904981136322 0.515137016773224 0.510303020477295 0.517518997192383 0.533366024494171 0.444999009370804 0.315692991018295 0.348055005073547 0.378464013338089 0.491977989673615 0.51112300157547 0.496881991624832 0.556837022304535 0.599421977996826 0.636156976222992 0.531171023845673 0.507669985294342 0.425942987203598 0.465422987937927 0.660116016864777 0.723720014095306 0.744289994239807 0.737124025821686 0.616456985473633 0.476303994655609 0.558863997459412 0.490345001220703 0.459336012601852 0.295765995979309 0.0254383999854326 0.123154997825623 0.476898998022079 0.486312985420227 0.514217972755432 0.514496982097626 0.506608009338379 0.509214997291565 0.510066986083984 0.504781007766724 0.494801014661789 0.495146989822388 0.494266003370285 0.492258995771408 0.488002985715866 0.486425995826721 0.486113011837006
0.436369001865387 0.485439002513885 0.478062987327576 0.532481014728546 0.504550993442535 0.565198004245758 0.548403024673462 0.545379996299744 0.514774024486542 0.548395991325378 0.544324994087219 0.512242019176483 0.350807994604111 0.283978998661041 0.312070995569229 0.359223991632462 0.317681014537811 0.348132997751236 0.462143987417221 0.531985998153687 0.546609997749329 0.449827998876572 0.51011997461319 0.5103560090065 0.330383986234665 0.426306009292603 0.572772979736328 0.486580014228821 0.523755013942719 0.744172990322113 0.520923972129822 0.585272014141083 0.654232978820801 0.599412024021149 0.421027004718781 0.449054002761841 0.259501993656158 0.45270898938179 0.489398002624512 0.505459010601044 0.539911985397339 0.523913979530334 0.510116994380951 0.513945996761322 0.511570990085602 0.504746973514557 0.503938019275665 0.499300003051758 0.503291010856628 0.497987985610962 0.496134012937546 0.487809002399445
0.575263977050781 0.568148970603943 0.570025026798248 0.485675007104874 0.539879977703094 0.479045987129211 0.578338027000427 0.569068014621735 0.554310977458954 0.552640974521637 0.53183501958847 0.555335998535156 0.532119989395142 0.395740985870361 0.413264989852905 0.370454013347626 0.390895009040833 0.338734000921249 0.36362698674202 0.388538002967834 0.369771003723145 0.37949800491333 0.387333989143372 0.536903977394104 0.395886987447739 0.287636011838913 0.439177006483078 0.504992008209229 0.453016996383667 0.423904985189438 0.745889008045197 0.51001101732254 0.538213014602661 0.576361000537872 0.631265997886658 0.594012975692749 0.511008977890015 0.439837008714676 0.478128999471664 0.471976011991501 0.483500987291336 0.502256989479065 0.496212005615234 0.523122012615204 0.520973980426788 0.513563990592957 0.510767996311188 0.507097005844116 0.504454970359802 0.504621982574463 0.500826001167297 0.502186000347137
0.55534702539444 0.556815028190613 0.561932981014252 0.545565009117126 0.549987018108368 0.547515988349915 0.541321992874146 0.55417799949646 0.565889000892639 0.55944299697876 0.565532982349396 0.54314798116684 0.547513008117676 0.568665027618408 0.58026397228241 0.549408972263336 0.576394021511078 0.577349007129669 0.572632014751434 0.528174996376038 0.47027999162674 0.48929700255394 0.54498302936554 0.572551012039185 0.540482997894287 0.364517003297806 0.382429987192154 0.449793010950089 0.406531006097794 0.381314992904663 0.498396992683411 0.69758802652359 0.680037021636963 0.611459970474243 0.442685008049011 0.556822001934052 0.565877020359039 0.395455002784729 0.382523000240326 0.47418799996376 0.541921973228455 0.558559000492096 0.474308997392654 0.462430000305176 0.499516993761063 0.498501986265182 0.518732011318207 0.513130009174347 0.510710000991821 0.507444977760315 0.506085991859436 0.506214022636414
0.586320996284485 0.582395017147064 0.574895024299622 0.556649029254913 0.544394016265869 0.551164984703064 0.561838984489441 0.559988021850586 0.550019025802612 0.567875027656555 0.578873991966248 0.58032101392746 0.587159991264343 0.573418021202087 0.578274011611938 0.597699999809265 0.579268991947174 0.571527004241943 0.608238995075226 0.591778993606567 0.588508009910583 0.589583992958069 0.590303003787994 0.589860022068024 0.564256012439728 0.557492971420288 0.484622985124588 0.493923008441925 0.317607998847961 0.194874003529549 0.221064001321793 0.633045971393585 0.70463901758194 0.697610974311829 0.670208990573883 0.489208996295929 0.565092027187347 0.641025006771088 0.512030005455017 0.338591009378433 0.422212988138199 0.505226016044617 0.506851017475128 0.547980010509491 0.548353016376495 0.495086997747421 0.510043025016785 0.536509990692139 0.523211002349854 0.508350014686584 0.511047005653381 0.508767008781433
0.419966012239456 0.521488010883331 0.522863984107971 0.498589009046555 0.480996996164322 0.490119010210037 0.489856004714966 0.458860009908676 0.495723992586136 0.559301972389221 0.572085976600647 0.600179970264435 0.601580023765564 0.590487003326416 0.596445024013519 0.578324973583221 0.57831197977066 0.622600018978119 0.602213025093079 0.627948999404907 0.542396008968353 0.520241975784302 0.555962979793549 0.539063990116119 0.558748006820679 0.538680016994476 0.583617985248566 0.51970499753952 0.507580995559692 0.43708398938179 0.173192992806435 0.234809994697571 0.337700992822647 0.546742022037506 0.588051974773407 0.713865995407104 0.599825978279114 0.399271994829178 0.446781992912292 0.382912009954453 0.403634995222092 0.538788974285126 0.536927998065948 0.535830020904541 0.526063024997711 0.523913979530334 0.526347994804382 0.523975014686584 0.514900982379913 0.508211970329285 0.519312024116516 0.529725015163422
0.450524985790253 0.49889600276947 0.389878988265991 0.267224013805389 0.249271005392075 0.34595999121666 0.269923001527786 0.266187995672226 0.317422986030579 0.394391000270844 0.459477990865707 0.547097980976105 0.59002298116684 0.570641994476318 0.567251980304718 0.612585008144379 0.617651998996735 0.633808016777039 0.639356970787048 0.652390003204346 0.652231991291046 0.602394998073578 0.587879002094269 0.500470995903015 0.546993970870972 0.423193991184235 0.38630598783493 0.5624960064888 0.571478009223938 0.541437983512878 0.52853798866272 0.23989200592041 0.259777009487152 0.304646998643875 0.268312007188797 0.259779989719391 0.2691949903965 0.379364013671875 0.350344002246857 0.412647008895874 0.54354602098465 0.551860988140106 0.54646497964859 0.524230003356934 0.528204023838043 0.501366019248962 0.509082973003387 0.512265980243683 0.511376023292542 0.485534995794296 0.424113005399704 0.361368000507355
0.244930997490883 0.473973006010056 0.346249014139175 0.199209004640579 0.177331998944283 0.282168000936508 0.219468995928764 0.319828987121582 0.324072986841202 0.207609996199608 0.276349991559982 0.415030986070633 0.445107996463776 0.584984004497528 0.577255010604858 0.618682980537415 0.610481977462769 0.639639019966125 0.636205971240997 0.62644100189209 0.58578097820282 0.577270984649658 0.602701008319855 0.636409997940063 0.644311010837555 0.65022200345993 0.439722001552582 0.401973009109497 0.524197995662689 0.554714977741241 0.544171988964081 0.514716982841492 0.499101012945175 0.434071987867355 0.405198007822037 0.317110985517502 0.352903008460999 0.45490700006485 0.570590019226074 0.543949007987976 0.538465976715088 0.541818022727966 0.547249972820282 0.550700008869171 0.535295009613037 0.536857008934021 0.490132987499237 0.50416898727417 0.472624987363815 0.375508993864059 0.415482997894287 0.483987003564835
0.180518999695778 0.181000992655754 0.326698005199432 0.422580003738403 0.261285990476608 0.244405999779701 0.336026012897491 0.394021987915039 0.46798500418663 0.443428009748459 0.266696989536285 0.328990012407303 0.224684000015259 0.452048003673553 0.432282000780106 0.512386977672577 0.603459000587463 0.607571005821228 0.61769300699234 0.620127975940704 0.630662024021149 0.624930024147034 0.621142029762268 0.597093999385834 0.619637012481689 0.652108013629913 0.65446001291275 0.591118991374969 0.532050013542175 0.541181027889252 0.540377020835876 0.569667994976044 0.558140993118286 0.542156994342804 0.543453991413116 0.544794023036957 0.564420998096466 0.550242006778717 0.587155997753143 0.609591007232666 0.566223978996277 0.573714971542358 0.552434980869293 0.579578995704651 0.557465970516205 0.469713002443314 0.488265991210938 0.515124976634979 0.377813994884491 0.539182007312775 0.563106000423431 0.566960990428925
0.709146022796631 0.652860999107361 0.553148984909058 0.406989008188248 0.377263009548187 0.251475006341934 0.433144003152847 0.414633989334106 0.305168986320496 0.58262300491333 0.458947002887726 0.417726010084152 0.319765001535416 0.335150986909866 0.325230002403259 0.230120003223419 0.360828995704651 0.553746998310089 0.590574026107788 0.593872010707855 0.606441020965576 0.614387989044189 0.617304980754852 0.622736990451813 0.541314005851746 0.453878998756409 0.425577014684677 0.538751006126404 0.581086993217468 0.56897497177124 0.561957001686096 0.570398986339569 0.569544017314911 0.564007997512817 0.560602009296417 0.543576002120972 0.556258976459503 0.563008010387421 0.538972020149231 0.52851402759552 0.545165002346039 0.589053988456726 0.588024020195007 0.517166018486023 0.536458015441895 0.525286972522736 0.527872979640961 0.502840995788574 0.534951984882355 0.568645000457764 0.582539975643158 0.576725006103516
0.398997008800507 0.31742200255394 0.308638006448746 0.587302982807159 0.73554402589798 0.822435975074768 0.828907012939453 0.752758979797363 0.551150023937225 0.367529004812241 0.495512008666992 0.337536007165909 0.611797988414764 0.448442012071609 0.449705004692078 0.339540988206863 0.287916004657745 0.261215001344681 0.504584014415741 0.524519979953766 0.53022700548172 0.572241008281708 0.499794989824295 0.570672988891602 0.426816999912262 0.670383989810944 0.315575987100601 0.295417994260788 0.50953197479248 0.581140995025635 0.579348027706146 0.573747992515564 0.579322993755341 0.565171003341675 0.569778978824615 0.562775015830994 0.559022009372711 0.547062993049622 0.558559000492096 0.559410989284515 0.551757991313934 0.546545028686523 0.527525007724762 0.567242980003357 0.540311992168427 0.546999990940094 0.517844974994659 0.526389002799988 0.566699981689453 0.525339007377625 0.482205003499985 0.552133977413177
