Lasiurus_minor.asc
ncols  804
nrows  378
xllcorner  -74.6418056
yllcorner  17.2248604
cellsize 0.00833333370646766
NODATA_value  -9999
[rows 138 to 160 of 378, columns 520 to 571 of 804]
0.537177979946136 0.5400710105896 0.542219996452332 0.542891979217529 0.545046985149384 0.549073994159698 0.55113297700882 0.55248099565506 0.554207980632782 0.553295016288757 0.556481003761292 0.559143006801605 0.561152994632721 0.561097979545593 0.566868007183075 0.567297995090485 0.574447989463806 0.574478983879089 0.575509011745453 0.572884976863861 0.573900997638702 0.574306011199951 0.575205981731415 0.575302004814148 0.579129993915558 0.584047973155975 0.587619006633759 0.590146005153656 0.591099977493286 0.592860996723175 0.598667025566101 0.603514015674591 0.609929025173187 0.610028028488159 0.632430970668793 0.638154983520508 0.621818006038666 0.647686004638672 0.634455978870392 0.621815979480743 0.630237996578217 0.645816028118134 0.640114009380341 0.658810973167419 0.64861798286438 0.592664003372192 0.627332985401154 0.627615988254547 0.621474027633667 0.663403987884521 0.625506997108459 0.667298972606659
0.533261001110077 0.538366973400116 0.540785014629364 0.541396021842957 0.543942987918854 0.547101020812988 0.547201991081238 0.550293028354645 0.552641987800598 0.556073009967804 0.556976020336151 0.559476017951965 0.562372028827667 0.565437018871307 0.566537022590637 0.568588018417358 0.571323990821838 0.573417007923126 0.572714984416962 0.573895990848541 0.577669024467468 0.578571021556854 0.57913601398468 0.582955002784729 0.581306993961334 0.581095993518829 0.586727976799011 0.591951012611389 0.593491017818451 0.597738027572632 0.597272992134094 0.604786992073059 0.606840014457703 0.61480700969696 0.619328022003174 0.621644973754883 0.614966988563538 0.63331001996994 0.611549019813538 0.621043026447296 0.648953974246979 0.64621102809906 0.650565981864929 0.662378013134003 0.608631014823914 0.607402980327606 0.6338170170784 0.648341000080109 0.648554027080536 0.628203988075256 0.648649990558624 0.656868994235992
0.534968018531799 0.535651981830597 0.538376986980438 0.541616976261139 0.544385015964508 0.545576989650726 0.547667026519775 0.550375998020172 0.552914977073669 0.555217981338501 0.558642029762268 0.560689985752106 0.561989009380341 0.565319001674652 0.564113020896912 0.567707002162933 0.570083022117615 0.573162019252777 0.57449197769165 0.576740980148315 0.580745995044708 0.58193302154541 0.582961022853851 0.57921302318573 0.581412017345428 0.586503982543945 0.587273001670837 0.590071976184845 0.593316972255707 0.595533013343811 0.599179029464722 0.602966010570526 0.607667028903961 0.613933980464935 0.617269992828369 0.619783997535706 0.620445013046265 0.621259987354279 0.625549972057343 0.634465992450714 0.641340017318726 0.619304001331329 0.646439015865326 0.648585975170135 0.628445982933044 0.631802976131439 0.641758978366852 0.644052028656006 0.64767998456955 0.651178002357483 0.643727004528046 0.651516020298004
0.536377012729645 0.537288010120392 0.539999008178711 0.541445970535278 0.544797003269196 0.545910000801086 0.547681987285614 0.547847986221313 0.550366997718811 0.55493301153183 0.55562299489975 0.561990022659302 0.560811996459961 0.563543975353241 0.569630980491638 0.56795197725296 0.574222028255463 0.575040996074677 0.578755021095276 0.582055985927582 0.583940029144287 0.585274994373322 0.585455000400543 0.583718001842499 0.582621991634369 0.584559977054596 0.588760018348694 0.592432022094727 0.595507979393005 0.595884025096893 0.599847018718719 0.601859986782074 0.608476996421814 0.611889004707336 0.616195976734161 0.618425011634827 0.616437017917633 0.618816018104553 0.626021027565002 0.627689003944397 0.62781697511673 0.630315005779266 0.636523008346558 0.632847011089325 0.634221971035004 0.632875978946686 0.632613003253937 0.632057011127472 0.634347975254059 0.631124019622803 0.638489007949829 0.643736004829407
0.537892997264862 0.538249015808105 0.540467977523804 0.539497971534729 0.540950000286102 0.545463025569916 0.546811997890472 0.550310015678406 0.55425101518631 0.556495010852814 0.559412002563477 0.562472999095917 0.563127994537354 0.564429998397827 0.564342975616455 0.573047995567322 0.576137006282806 0.576686978340149 0.575891971588135 0.579815983772278 0.580042004585266 0.580132007598877 0.57922101020813 0.58073502779007 0.584681987762451 0.588024973869324 0.589357018470764 0.594111979007721 0.592992007732391 0.593200981616974 0.596601009368896 0.60182398557663 0.610292017459869 0.612839996814728 0.616500973701477 0.613385021686554 0.613896012306213 0.616599023342133 0.622502982616425 0.623924970626831 0.625288009643555 0.628838002681732 0.630195021629333 0.62950998544693 0.628940999507904 0.631141006946564 0.632539987564087 0.635122001171112 0.633641004562378 0.635680973529816 0.635511994361877 0.635379016399384
0.537566006183624 0.541015982627869 0.540876984596252 0.539102017879486 0.541810989379883 0.544471025466919 0.547428011894226 0.553498029708862 0.555356979370117 0.556910991668701 0.559535026550293 0.560602009296417 0.563358008861542 0.564074993133545 0.565023005008698 0.571754992008209 0.572791993618011 0.573141992092133 0.574144005775452 0.574907004833221 0.575996994972229 0.576847016811371 0.579200983047485 0.583373010158539 0.586737990379333 0.590012013912201 0.591073989868164 0.593623995780945 0.593358993530273 0.595080971717834 0.596293985843658 0.600368022918701 0.604996025562286 0.610550999641418 0.611635029315948 0.613354980945587 0.615433990955353 0.617720007896423 0.620009005069733 0.622834026813507 0.621550023555756 0.628077983856201 0.628422975540161 0.628775000572205 0.628111004829407 0.632198989391327 0.634420990943909 0.632474005222321 0.635954976081848 0.632853984832764 0.636923015117645 0.63925302028656
0.539533019065857 0.542151987552643 0.540992021560669 0.540816009044647 0.543168008327484 0.547104001045227 0.547957003116608 0.554597020149231 0.556079983711243 0.558167994022369 0.558978974819183 0.560657978057861 0.561688005924225 0.565869987010956 0.568014979362488 0.571052014827728 0.57411402463913 0.573004007339478 0.574186027050018 0.57743501663208 0.580407023429871 0.582561016082764 0.584030985832214 0.584922015666962 0.589347004890442 0.591524004936218 0.592561006546021 0.595089018344879 0.594272971153259 0.596998989582062 0.60114598274231 0.603241980075836 0.606176972389221 0.609788000583649 0.612042009830475 0.612836003303528 0.612941980361938 0.618453025817871 0.620227992534637 0.620043992996216 0.62202000617981 0.624517977237701 0.624670028686523 0.626007974147797 0.627637028694153 0.630331993103027 0.633431017398834 0.635312020778656 0.636385977268219 0.637638986110687 0.636988997459412 0.637202024459839
0.539472997188568 0.5382199883461 0.541059970855713 0.540844023227692 0.543119013309479 0.545261979103088 0.54993599653244 0.554632008075714 0.558127999305725 0.560679018497467 0.560782015323639 0.562237024307251 0.562566995620728 0.565271019935608 0.567462027072906 0.572044014930725 0.572992980480194 0.573965013027191 0.575532972812653 0.576763987541199 0.578170001506805 0.583925008773804 0.585484027862549 0.587478995323181 0.591162979602814 0.593924999237061 0.594132006168365 0.597222983837128 0.598039984703064 0.598187029361725 0.600682020187378 0.603537023067474 0.605332970619202 0.605961978435516 0.608650982379913 0.610467970371246 0.612684011459351 0.614876985549927 0.618219971656799 0.617426991462708 0.619322001934052 0.624186992645264 0.625913023948669 0.626911997795105 0.628467977046967 0.630119979381561 0.633094012737274 0.636454999446869 0.638604998588562 0.640613973140717 0.640792012214661 0.640339970588684
0.539059996604919 0.539969980716705 0.542679011821747 0.545861005783081 0.547747015953064 0.553541004657745 0.554238975048065 0.555163025856018 0.557433009147644 0.561101019382477 0.564082026481628 0.563763022422791 0.566375970840454 0.569609999656677 0.568147003650665 0.571537017822266 0.574202001094818 0.575001001358032 0.575546026229858 0.576600015163422 0.580871999263763 0.583514988422394 0.585988998413086 0.586670994758606 0.587894022464752 0.593433976173401 0.592774987220764 0.590887010097504 0.594298005104065 0.599358975887299 0.602433979511261 0.605611979961395 0.603863000869751 0.607093989849091 0.607897996902466 0.611142992973328 0.613246023654938 0.613789975643158 0.618131995201111 0.621002018451691 0.623371005058289 0.624512016773224 0.627331972122192 0.628099024295807 0.629260003566742 0.630834996700287 0.63325697183609 0.637484014034271 0.639347016811371 0.639701008796692 0.638050019741058 0.637160003185272
0.540081977844238 0.54321700334549 0.544903993606567 0.546734988689423 0.550549983978271 0.553402006626129 0.557025015354156 0.557092010974884 0.562054991722107 0.56225198507309 0.565441012382507 0.567134022712708 0.569491982460022 0.56912100315094 0.56978702545166 0.571675002574921 0.573755979537964 0.573041975498199 0.575637996196747 0.577335000038147 0.578760027885437 0.583739995956421 0.584285020828247 0.585826992988586 0.588239014148712 0.589290022850037 0.593459010124207 0.592854976654053 0.596970021724701 0.596185982227325 0.604103982448578 0.606013000011444 0.607146978378296 0.606956005096436 0.60828697681427 0.611654996871948 0.614719986915588 0.614337980747223 0.617196023464203 0.6198850274086 0.621335983276367 0.625109016895294 0.626769006252289 0.629669010639191 0.631501019001007 0.635093986988068 0.635442972183228 0.63935399055481 0.638966023921967 0.639073014259338 0.638545989990234 0.638845026493073
0.538843989372253 0.541222989559174 0.547623991966248 0.551326990127563 0.554327011108398 0.552614986896515 0.553609013557434 0.562443017959595 0.564302980899811 0.567601025104523 0.570649027824402 0.573858022689819 0.570785999298096 0.568107008934021 0.57005101442337 0.571354985237122 0.572719991207123 0.572777986526489 0.574656009674072 0.576250016689301 0.577484011650085 0.579536020755768 0.582849979400635 0.584568023681641 0.583299994468689 0.589497029781342 0.592406988143921 0.593644976615906 0.600953996181488 0.60565197467804 0.591157019138336 0.601770997047424 0.604668021202087 0.611005008220673 0.613169014453888 0.614452004432678 0.612630009651184 0.614731013774872 0.616124987602234 0.620200991630554 0.62117999792099 0.626241981983185 0.628135025501251 0.629696011543274 0.631166994571686 0.633780002593994 0.636803984642029 0.63529098033905 0.637263000011444 0.637189984321594 0.640461027622223 0.637389004230499
0.543025970458984 0.546151995658875 0.550378024578094 0.553460001945496 0.553901970386505 0.553582012653351 0.550553977489471 0.553471028804779 0.558925986289978 0.568265020847321 0.570167005062103 0.568888008594513 0.570201992988586 0.567891001701355 0.569196999073029 0.570122003555298 0.572188973426819 0.572620987892151 0.575640022754669 0.575169026851654 0.575276017189026 0.575581014156342 0.577422976493835 0.581910014152527 0.584514021873474 0.58933699131012 0.590790987014771 0.599475026130676 0.614430010318756 0.617012023925781 0.611038029193878 0.607281982898712 0.609183013439178 0.612300992012024 0.610827028751373 0.60682201385498 0.600583016872406 0.60513699054718 0.609052002429962 0.620256006717682 0.619454979896545 0.618266999721527 0.619415998458862 0.631771981716156 0.634667992591858 0.633848011493683 0.632833003997803 0.633126020431519 0.633235991001129 0.636035978794098 0.639209985733032 0.640626013278961
0.541240990161896 0.545131981372833 0.553399980068207 0.55544102191925 0.559567987918854 0.559108018875122 0.557208001613617 0.556685984134674 0.560132026672363 0.563818991184235 0.56659197807312 0.564863979816437 0.566783010959625 0.566763997077942 0.568856000900269 0.572140991687775 0.573628008365631 0.57378101348877 0.576489984989166 0.57736200094223 0.574397027492523 0.57839697599411 0.57651299238205 0.583072006702423 0.593725979328156 0.596081018447876 0.603245973587036 0.613681018352509 0.625391006469727 0.624460995197296 0.620715975761414 0.618345975875854 0.615635991096497 0.626461982727051 0.629052996635437 0.647983014583588 0.635280013084412 0.620370984077454 0.62338399887085 0.639236986637115 0.64027601480484 0.65495502948761 0.636043012142181 0.616205990314484 0.622503995895386 0.631596028804779 0.627449989318848 0.620715975761414 0.619526982307434 0.612724006175995 0.623557984828949 0.64010101556778
0.54229599237442 0.545212984085083 0.558145999908447 0.562736988067627 0.560651004314423 0.563627004623413 0.561875998973846 0.563951015472412 0.561004996299744 0.563113987445831 0.565748989582062 0.565392017364502 0.565783977508545 0.566829979419708 0.571448028087616 0.571117997169495 0.575470983982086 0.577108979225159 0.57955402135849 0.580118000507355 0.577539026737213 0.577790975570679 0.574627995491028 0.578842997550964 0.586027979850769 0.591098010540009 0.600323021411896 0.620458006858826 0.632129013538361 0.632863998413086 0.624262988567352 0.629983007907867 0.629096984863281 0.627687990665436 0.640892028808594 0.656130015850067 0.660184979438782 0.667667984962463 0.651167988777161 0.665175020694733 0.66533499956131 0.676551997661591 0.684283971786499 0.669701993465424 0.623327016830444 0.601347982883453 0.648629009723663 0.638899028301239 0.634626984596252 0.660109996795654 0.667352020740509 0.686653017997742
0.538600981235504 0.543730020523071 0.555895984172821 0.569552004337311 0.569773972034454 0.563134014606476 0.567362010478973 0.567851006984711 0.566428005695343 0.568831026554108 0.568459987640381 0.567600011825562 0.570949971675873 0.571295976638794 0.572683990001678 0.57598602771759 0.5799959897995 0.57788497209549 0.57855498790741 0.579343020915985 0.581143021583557 0.576344013214111 0.581097006797791 0.581400990486145 0.580039978027344 0.588454008102417 0.594879984855652 0.608502984046936 0.628652989864349 0.633888006210327 0.628805994987488 0.631352007389069 0.629998981952667 0.627883970737457 0.642221987247467 0.652100026607513 0.661554992198944 0.66728001832962 0.656630992889404 0.652568995952606 0.655915975570679 0.659968972206116 0.679421007633209 0.693656980991364 0.68572998046875 0.624351978302002 0.618233978748322 0.601172983646393 0.625797986984253 0.639918029308319 0.651169002056122 0.6633620262146
0.539035975933075 0.546066999435425 0.554861009120941 0.569742977619171 0.560491025447845 0.58175402879715 0.567919015884399 0.569938004016876 0.572318971157074 0.572102010250092 0.571671009063721 0.574027001857758 0.570630013942719 0.57020902633667 0.573496997356415 0.575778007507324 0.581210970878601 0.580187976360321 0.579316020011902 0.579285025596619 0.578649997711182 0.580393016338348 0.583019971847534 0.581906974315643 0.583109974861145 0.585537016391754 0.592243015766144 0.600539028644562 0.615772008895874 0.620667994022369 0.632109999656677 0.637449979782104 0.634443998336792 0.62951797246933 0.638248980045319 0.653114020824432 0.652742028236389 0.660683989524841 0.655785024166107 0.636969983577728 0.650496006011963 0.653539001941681 0.670876979827881 0.680895984172821 0.695146977901459 0.689338028430939 0.680751025676727 0.661436021327972 0.626689016819 0.609521985054016 0.667988002300262 0.690092980861664
0.54271799325943 0.543283998966217 0.554075002670288 0.576382994651794 0.579968988895416 0.590043008327484 0.574537992477417 0.576874017715454 0.57921701669693 0.575599014759064 0.575775027275085 0.576170980930328 0.577495992183685 0.577901005744934 0.57701301574707 0.580941021442413 0.581777989864349 0.580070018768311 0.577587008476257 0.580377995967865 0.581730008125305 0.584656000137329 0.58398300409317 0.584766983985901 0.589591979980469 0.590080976486206 0.589361011981964 0.598704993724823 0.609665989875793 0.620477974414825 0.630533993244171 0.639114022254944 0.636232018470764 0.636512994766235 0.635043978691101 0.644544005393982 0.639832973480225 0.647888004779816 0.641394972801208 0.619982004165649 0.638804018497467 0.640411019325256 0.655391991138458 0.668815016746521 0.682744979858398 0.691155016422272 0.68901801109314 0.670112013816833 0.631240010261536 0.617874026298523 0.664505004882813 0.699117004871368
0.542200982570648 0.544380009174347 0.55858701467514 0.564899981021881 0.597751021385193 0.570937991142273 0.578990995883942 0.588849008083344 0.586641013622284 0.582710027694702 0.583838999271393 0.582509994506836 0.583970010280609 0.580578982830048 0.579662978649139 0.579885005950928 0.57735401391983 0.577096998691559 0.578212976455688 0.579096019268036 0.579141020774841 0.581278026103973 0.584035992622375 0.595817983150482 0.593353986740112 0.589798986911774 0.590590000152588 0.600951015949249 0.618689000606537 0.624028027057648 0.63645201921463 0.648544013500214 0.653784990310669 0.650963008403778 0.647174000740051 0.642606973648071 0.646513998508453 0.624936997890472 0.614198982715607 0.641162991523743 0.635233998298645 0.632398009300232 0.630306005477905 0.651166021823883 0.673072993755341 0.688742995262146 0.692916989326477 0.633063971996307 0.626197993755341 0.59469598531723 0.689916014671326 0.701961994171143
0.543839991092682 0.543877005577087 0.53269499540329 0.564316987991333 0.581390976905823 0.579384028911591 0.590932011604309 0.600835978984833 0.596300005912781 0.589410006999969 0.591768026351929 0.592154026031494 0.584993004798889 0.579681992530823 0.579150974750519 0.57924097776413 0.579764008522034 0.580892980098724 0.584758996963501 0.582458972930908 0.582351982593536 0.583460986614227 0.585712015628815 0.595214009284973 0.603550970554352 0.595130980014801 0.589205980300903 0.600120007991791 0.60997200012207 0.61149001121521 0.634393990039825 0.646703004837036 0.659250974655151 0.661979019641876 0.655673027038574 0.64470899105072 0.620922982692719 0.612022995948792 0.637154996395111 0.635125994682312 0.631244003772736 0.629231989383698 0.624036014080048 0.649533987045288 0.666635990142822 0.679031014442444 0.679274022579193 0.626583993434906 0.632705986499786 0.611455976963043 0.691956996917725 0.699572026729584
0.54467499256134 0.547321975231171 0.495496988296509 0.580691993236542 0.549470007419586 0.598343014717102 0.596590995788574 0.602338016033173 0.589091002941132 0.591215014457703 0.596678018569946 0.602119028568268 0.585507988929749 0.578934013843536 0.579105973243713 0.581911027431488 0.591121971607208 0.589936971664429 0.592433989048004 0.592190027236938 0.586066007614136 0.586059987545013 0.586805999279022 0.593355000019073 0.597279012203217 0.598048985004425 0.593577980995178 0.594097971916199 0.599407970905304 0.605590999126434 0.62193900346756 0.644661009311676 0.660791993141174 0.66178297996521 0.653355002403259 0.631675004959106 0.617105007171631 0.626399993896484 0.638457000255585 0.633229970932007 0.627560973167419 0.625648021697998 0.633697986602783 0.648084998130798 0.669178009033203 0.672209978103638 0.666643977165222 0.618133008480072 0.632448017597198 0.615512013435364 0.693726003170013 0.701115012168884
0.543910980224609 0.550926029682159 0.545881986618042 0.512111008167267 0.577745020389557 0.590892970561981 0.592635989189148 0.596238017082214 0.585780024528503 0.599334001541138 0.602123975753784 0.588581025600433 0.57889997959137 0.574123978614807 0.583685994148254 0.598882019519806 0.605033993721008 0.607896983623505 0.60276597738266 0.596284985542297 0.598307013511658 0.593020975589752 0.589659988880157 0.59256899356842 0.59892600774765 0.600336015224457 0.596018016338348 0.594434022903442 0.599307000637054 0.60514098405838 0.620351016521454 0.638985991477966 0.662899017333984 0.662047982215881 0.653873026371002 0.625648975372314 0.619518995285034 0.626721978187561 0.626161992549896 0.628036022186279 0.634350001811981 0.631980001926422 0.640146970748901 0.639937996864319 0.668893992900848 0.681951999664307 0.639235019683838 0.577839016914368 0.584987998008728 0.602038979530334 0.692330002784729 0.703997015953064
0.556793987751007 0.565777003765106 0.566390991210938 0.568199992179871 0.566294014453888 0.572309970855713 0.599592983722687 0.570618987083435 0.595597982406616 0.604809999465942 0.618928015232086 0.593976974487305 0.57499098777771 0.56986802816391 0.565078020095825 0.581755995750427 0.622186005115509 0.579890012741089 0.616904973983765 0.607913970947266 0.599629998207092 0.595779001712799 0.595497012138367 0.592945992946625 0.598374009132385 0.602448999881744 0.600875020027161 0.597001016139984 0.600389003753662 0.605809986591339 0.618776023387909 0.635622978210449 0.656790018081665 0.662594020366669 0.645937025547028 0.635607004165649 0.633758008480072 0.638818025588989 0.634055018424988 0.627583980560303 0.628526985645294 0.629254996776581 0.638521015644073 0.658716976642609 0.675402998924255 0.690271019935608 0.620489001274109 0.605292022228241 0.574129998683929 0.616475999355316 0.68606698513031 0.700801014900208
0.556858003139496 0.573170006275177 0.581686973571777 0.59756600856781 0.609534025192261 0.610388994216919 0.600246012210846 0.596156001091003 0.591507971286774 0.601580023765564 0.61380398273468 0.588746011257172 0.549130976200104 0.560150980949402 0.549314975738525 0.624502003192902 0.604843020439148 0.656903028488159 0.575906991958618 0.558658003807068 0.605660974979401 0.603362023830414 0.600871980190277 0.600337028503418 0.600081980228424 0.603848993778229 0.606027007102966 0.604174017906189 0.60590797662735 0.609395980834961 0.618327021598816 0.637309014797211 0.655514001846313 0.660993993282318 0.649816989898682 0.643804013729095 0.642619013786316 0.646052002906799 0.645169973373413 0.636680006980896 0.626492023468018 0.638117015361786 0.656836986541748 0.671965003013611 0.678295016288757 0.658131003379822 0.588589012622833 0.630356013774872 0.576735019683838 0.61512702703476 0.688742995262146 0.696775019168854
