Macrotus_waterhousii.asc
ncols  804
nrows  378
xllcorner  -74.6418056
yllcorner  17.2248604
cellsize 0.00833333370646766
NODATA_value  -9999
[rows 253 to 275 of 378, columns 312 to 363 of 804]
0.28277400135994 0.649388015270233 0.661171972751617 0.483761012554169 0.522217988967896 0.615420997142792 0.600610017776489 0.459289014339447 0.485372006893158 0.567330002784729 0.563287973403931 0.466657996177673 0.441585004329681 0.503553986549377 0.49667501449585 0.488696992397308 0.488961011171341 0.468984991312027 0.471136003732681 0.360592007637024 0.398097991943359 0.385452002286911 0.281421989202499 0.259218007326126 0.317375987768173 0.27905398607254 0.270209014415741 0.256321012973785 0.222110003232956 0.269984990358353 0.248582005500793 0.191121995449066 0.208076000213623 0.169945999979973 0.143010005354881 0.140150994062424 0.120851002633572 0.112966999411583 0.113991998136044 0.106270998716354 0.0942436009645462 0.0982477962970734 0.0999690964818001 0.110862001776695 0.105714999139309 0.114759996533394 0.117972001433372 0.119020998477936 0.124086998403072 0.0640110969543457 0.124389998614788 0.179654002189636
0.60692697763443 0.696346998214722 0.66031801700592 0.659555971622467 0.640124976634979 0.628574013710022 0.612326979637146 0.577573001384735 0.575909018516541 0.565811991691589 0.514804005622864 0.458483010530472 0.438793003559113 0.508279979228973 0.518567025661469 0.494192987680435 0.519376993179321 0.497096985578537 0.480183005332947 0.420322000980377 0.338528007268906 0.371735006570816 0.350896000862122 0.285807996988297 0.230055004358292 0.365267008543015 0.355585992336273 0.302587985992432 0.351985991001129 0.320728003978729 0.289211004972458 0.25585401058197 0.231076002120972 0.202917993068695 0.167408004403114 0.146240994334221 0.134647995233536 0.119924999773502 0.13085600733757 0.125288993120193 0.11098700016737 0.10487599670887 0.106514997780323 0.0937115997076035 0.0957309976220131 0.110425002872944 0.11608300358057 0.111887998878956 0.136441007256508 0.123461000621319 0.0875722989439964 0.111468002200127
0.703436017036438 0.692992985248566 0.674368977546692 0.682592988014221 0.676491022109985 0.631807029247284 0.648696005344391 0.615091979503632 0.608650028705597 0.585855007171631 0.57701301574707 0.595776975154877 0.582460999488831 0.53864997625351 0.556261003017426 0.556294023990631 0.545485973358154 0.532944977283478 0.456425994634628 0.474756985902786 0.46306100487709 0.427096009254456 0.428214013576508 0.391274005174637 0.396883010864258 0.409927994012833 0.404146999120712 0.32166200876236 0.309177994728088 0.351128995418549 0.315622985363007 0.265370011329651 0.2603580057621 0.238988995552063 0.234818994998932 0.126008003950119 0.13740499317646 0.111235998570919 0.149307996034622 0.140144005417824 0.143560007214546 0.12644499540329 0.123752996325493 0.11582999676466 0.0852506011724472 0.0809725970029831 0.102402001619339 0.103924997150898 0.10020300000906 0.123397998511791 0.111047998070717 0.0982145965099335
0.726760983467102 0.724036991596222 0.722791016101837 0.688341975212097 0.68894898891449 0.658855020999908 0.622429013252258 0.622179985046387 0.637024998664856 0.616885006427765 0.59687602519989 0.599264979362488 0.581984996795654 0.543781995773315 0.537639021873474 0.573698997497559 0.564594984054565 0.505450010299683 0.48207899928093 0.457587987184525 0.472108006477356 0.470663011074066 0.504082024097443 0.489192992448807 0.483159989118576 0.465047985315323 0.439139991998672 0.440647006034851 0.285578012466431 0.375503987073898 0.399053007364273 0.355755001306534 0.310265988111496 0.283793985843658 0.304888010025024 0.223725005984306 0.148241996765137 0.096841000020504 0.135197997093201 0.170128002762794 0.149388000369072 0.14410799741745 0.14215399324894 0.140293002128601 0.125066995620728 0.088121198117733 0.0842666998505592 0.099959596991539 0.104097999632359 0.118819996714592 0.120197996497154 0.12168700248003
0.739923000335693 0.738745987415314 0.727841973304749 0.721720993518829 0.716521024703979 0.704204022884369 0.668841004371643 0.633334994316101 0.598499000072479 0.605108976364136 0.577560007572174 0.581544995307922 0.61115700006485 0.577363014221191 0.592772006988525 0.579564988613129 0.547834992408752 0.540989995002747 0.536302983760834 0.492381989955902 0.458009988069534 0.483830004930496 0.509222984313965 0.520195007324219 0.512376010417938 0.497474998235703 0.506339013576508 0.501430988311768 0.347624003887177 0.275377988815308 0.403138995170593 0.371273994445801 0.364042997360229 0.33788800239563 0.3558169901371 0.327012985944748 0.249686002731323 0.108511000871658 0.0793700963258743 0.167676001787186 0.15446500480175 0.137025997042656 0.139272004365921 0.143158003687859 0.13833299279213 0.126291006803513 0.103528000414371 0.0939252004027367 0.103040002286434 0.10504999756813 0.116579003632069 0.117944002151489
0.758468985557556 0.749092996120453 0.744262993335724 0.735183000564575 0.733503997325897 0.634029984474182 0.655205011367798 0.622359991073608 0.632354021072388 0.64902800321579 0.606463015079498 0.615513026714325 0.599591970443726 0.585790991783142 0.575201988220215 0.564661979675293 0.548677980899811 0.549413025379181 0.535447001457214 0.533272981643677 0.533360004425049 0.544874012470245 0.538564026355743 0.540546000003815 0.549556970596313 0.520147979259491 0.523515999317169 0.511691987514496 0.519546985626221 0.390195995569229 0.39656999707222 0.370276987552643 0.296750009059906 0.406576991081238 0.361883997917175 0.325055986642838 0.367659986019135 0.310577988624573 0.0745839029550552 0.102568000555038 0.154778003692627 0.139118000864983 0.118853002786636 0.122171998023987 0.132823005318642 0.139358997344971 0.134532004594803 0.114580996334553 0.1059740036726 0.109027996659279 0.114166997373104 0.113599002361298
0.755807995796204 0.758538007736206 0.746424973011017 0.749940991401672 0.743436992168427 0.653904974460602 0.6875159740448 0.668133974075317 0.68335497379303 0.654434025287628 0.667863011360168 0.668892979621887 0.645457029342651 0.593026995658875 0.579142987728119 0.506874024868011 0.558898985385895 0.561237990856171 0.555585026741028 0.551344990730286 0.565059006214142 0.570006012916565 0.569230020046234 0.555827021598816 0.544378995895386 0.549880981445313 0.529084026813507 0.526233017444611 0.556294977664948 0.553210973739624 0.485518991947174 0.477052003145218 0.390998005867004 0.36583399772644 0.312348008155823 0.371158003807068 0.41558900475502 0.363049000501633 0.286186993122101 0.195307001471519 0.159061998128891 0.178894996643066 0.160863995552063 0.124789997935295 0.117554001510143 0.129140004515648 0.138729006052017 0.131823003292084 0.11922699958086 0.114656001329422 0.115883998572826 0.123902000486851
-9999 -9999 0.753811001777649 0.747244000434875 0.754051983356476 0.723371028900146 0.674337029457092 0.68476802110672 0.579007983207703 0.617056012153625 0.712840974330902 0.691125988960266 0.700417995452881 0.638804018497467 0.586557984352112 0.416545003652573 0.436042994260788 0.521278023719788 0.577090978622437 0.595317006111145 0.556298971176147 0.605310022830963 0.593589007854462 0.578091979026794 0.5937579870224 0.557923018932343 0.552115023136139 0.554638981819153 0.556542992591858 0.567954003810883 0.545841991901398 0.47307500243187 0.489493995904922 0.457864999771118 0.371100008487701 0.434666991233826 0.445268988609314 0.357930988073349 0.374523997306824 0.26800200343132 0.243327006697655 0.230540007352829 0.188454002141953 0.182615995407104 0.137177005410194 0.137652993202209 0.141977995634079 0.14861199259758 0.137620002031326 0.120359003543854 0.122276999056339 0.127114996314049
-9999 -9999 -9999 -9999 -9999 -9999 0.75944197177887 0.745661020278931 0.705295026302338 0.67287802696228 0.68689101934433 0.684315025806427 0.650421977043152 0.659241020679474 0.662066996097565 0.633359014987946 0.570944011211395 0.598731994628906 0.591086983680725 0.594532012939453 0.56836199760437 0.591629981994629 0.614439010620117 0.6406329870224 0.639204025268555 0.582533001899719 0.574258983135223 0.570276975631714 0.550911009311676 0.556514024734497 0.539268016815186 0.559134006500244 0.490563005208969 0.456880986690521 0.467981994152069 0.436776012182236 0.462888985872269 0.443062990903854 0.371616005897522 0.329008996486664 0.314184993505478 0.273414999246597 0.206755995750427 0.19115799665451 0.174391001462936 0.158318996429443 0.153608992695808 0.156832993030548 0.16355000436306 0.164934992790222 0.141026005148888 0.143543004989624
-9999 -9999 -9999 -9999 -9999 -9999 -9999 -9999 -9999 0.774604976177216 0.761291027069092 0.74049699306488 0.739270985126495 0.760842025279999 0.730606973171234 0.617164015769958 0.544408023357391 0.625434994697571 0.629768013954163 0.618728995323181 0.614166021347046 0.605952978134155 0.563823997974396 0.607222020626068 0.638745009899139 0.653907001018524 0.621075987815857 0.610880017280579 0.652662992477417 0.643369972705841 0.636838972568512 0.597490012645721 0.572001993656158 0.522439002990723 0.517253994941711 0.51479697227478 0.375312000513077 0.429547995328903 0.387086987495422 0.379577994346619 0.365298986434937 0.337532013654709 0.28752601146698 0.210860997438431 0.187885999679565 0.16559599339962 0.150263994932175 0.152519002556801 0.1700080037117 0.182869002223015 0.175385996699333 0.164483994245529
-9999 -9999 -9999 -9999 -9999 -9999 -9999 -9999 -9999 -9999 -9999 -9999 -9999 0.732882022857666 0.744287014007568 0.72019100189209 0.525645017623901 0.573117017745972 0.640928983688354 0.583176970481873 0.64732301235199 0.611436009407043 0.578522980213165 0.599940001964569 0.632525980472565 0.654632985591888 0.657203018665314 0.649421989917755 0.656288027763367 0.665341973304749 0.637455999851227 0.624493002891541 0.61311799287796 0.585690021514893 0.588127017021179 0.565328001976013 0.343006998300552 0.428191989660263 0.426234990358353 0.368589013814926 0.399026989936829 0.375791996717453 0.339266985654831 0.28625100851059 0.235303997993469 0.217710003256798 0.176807001233101 0.141757994890213 0.149055004119873 0.184294000267982 0.183286994695663 0.175883993506432
-9999 -9999 -9999 -9999 -9999 -9999 -9999 -9999 -9999 -9999 -9999 -9999 -9999 -9999 -9999 0.747932016849518 0.742058992385864 0.577086985111237 0.654275000095367 0.619011998176575 0.618497014045715 0.636223971843719 0.623615026473999 0.613772988319397 0.625142991542816 0.642767012119293 0.661221027374268 0.653822004795074 0.644753992557526 0.645659029483795 0.652800023555756 0.644572019577026 0.634621977806091 0.637205004692078 0.608258008956909 0.586772978305817 0.551780998706818 0.457417994737625 0.459841012954712 0.420459985733032 0.413246005773544 0.415944993495941 0.386949002742767 0.35045599937439 0.28404900431633 0.260374009609222 0.232033997774124 0.187545999884605 0.157455995678902 0.157673001289368 0.213193997740746 0.221401005983353
-9999 -9999 -9999 -9999 -9999 -9999 -9999 -9999 -9999 -9999 -9999 -9999 -9999 -9999 -9999 0.753461003303528 0.747608006000519 0.753926992416382 0.682959020137787 0.672657012939453 0.628003001213074 0.639680981636047 0.611303985118866 0.625914990901947 0.616854012012482 0.633086025714874 0.645603001117706 0.642188012599945 0.642822027206421 0.661872982978821 0.654034972190857 0.630771994590759 0.642266988754272 0.633644998073578 0.619952976703644 0.603084981441498 0.584199011325836 0.553959012031555 0.526660978794098 0.479288011789322 0.436985999345779 0.41227400302887 0.401089012622833 0.377763003110886 0.35732701420784 0.319988995790482 0.292207986116409 0.246204003691673 0.216589003801346 0.195558995008469 0.209965005517006 0.239087000489235
-9999 -9999 -9999 -9999 -9999 -9999 -9999 -9999 -9999 -9999 -9999 -9999 -9999 -9999 -9999 -9999 -9999 0.738386988639832 0.770931005477905 0.720037996768951 0.663818001747131 0.675229012966156 0.672959983348846 0.63842898607254 0.649489998817444 0.625478982925415 0.640588998794556 0.636641979217529 0.634747982025146 0.635416984558105 0.649580001831055 0.658582985401154 0.660365998744965 0.646158993244171 0.639383018016815 0.614759981632233 0.58397102355957 0.555989980697632 0.538928985595703 0.531665980815887 0.511789977550507 0.482787996530533 0.440320998430252 0.399132996797562 0.356222003698349 0.332446992397308 0.302738010883331 0.306813985109329 0.287461012601852 0.258605003356934 0.253625988960266 0.266777992248535
-9999 -9999 -9999 -9999 -9999 -9999 -9999 -9999 -9999 -9999 -9999 -9999 -9999 -9999 -9999 -9999 -9999 -9999 0.757142007350922 0.748722970485687 0.754263997077942 0.691343009471893 0.685025990009308 0.679163992404938 0.649342000484467 0.615774989128113 0.645839989185333 0.641487002372742 0.665580987930298 0.669439017772675 0.659285008907318 0.660903990268707 0.660769999027252 0.651916980743408 0.665354013442993 0.637305021286011 0.558754026889801 0.575151026248932 0.555549025535583 0.547339022159576 0.531708002090454 0.518194019794464 0.508626997470856 0.469388991594315 0.429484993219376 0.376747995615005 0.321204990148544 0.258893013000488 0.259088009595871 0.236040994524956 0.232372999191284 0.259737998247147
-9999 -9999 -9999 -9999 -9999 -9999 -9999 -9999 -9999 -9999 -9999 -9999 -9999 -9999 -9999 -9999 -9999 -9999 -9999 -9999 0.740981996059418 0.754046022891998 0.715951025485992 0.706673979759216 0.685777008533478 0.678732991218567 0.621204018592834 0.6581050157547 0.627655982971191 0.668595016002655 0.666999995708466 0.6752690076828 0.676213026046753 0.673480987548828 0.671415984630585 0.665404975414276 0.544206023216248 0.588662028312683 0.590098023414612 0.569763004779816 0.552016019821167 0.541985988616943 0.536651015281677 0.520074009895325 0.501673996448517 0.461203008890152 0.427255988121033 0.341659992933273 0.287741005420685 0.215498000383377 0.219519004225731 0.207662001252174
-9999 -9999 -9999 -9999 -9999 -9999 -9999 -9999 -9999 -9999 -9999 -9999 -9999 -9999 -9999 -9999 -9999 -9999 -9999 -9999 -9999 0.742722988128662 0.756560027599335 0.690795004367828 0.678717017173767 0.672113001346588 0.689265012741089 0.6283900141716 0.652854979038239 0.659815013408661 0.672752976417542 0.667473018169403 0.668937027454376 0.695827007293701 0.688423991203308 0.683239996433258 0.592517018318176 0.615360975265503 0.601086020469666 0.591013014316559 0.584909975528717 0.573858022689819 0.564944982528687 0.550198972225189 0.530915975570679 0.496407985687256 0.481160998344421 0.428642004728317 0.407705008983612 0.326011002063751 0.27973398566246 0.312296003103256
-9999 -9999 -9999 -9999 -9999 -9999 -9999 -9999 -9999 -9999 -9999 -9999 -9999 -9999 -9999 -9999 -9999 -9999 -9999 -9999 -9999 -9999 0.752754986286163 0.755145013332367 0.633053004741669 0.677533984184265 0.681393027305603 0.70567798614502 0.668236970901489 0.680342972278595 0.689625024795532 0.70806497335434 0.697318017482758 0.693881988525391 0.680516004562378 0.69666999578476 0.607436001300812 0.63426399230957 0.619068026542664 0.608925998210907 0.603066027164459 0.59826397895813 0.586620986461639 0.575430989265442 0.565144002437592 0.530785024166107 0.507139027118683 0.477086991071701 0.440472990274429 0.435474008321762 0.325423985719681 0.298537999391556
-9999 -9999 -9999 -9999 -9999 -9999 -9999 -9999 -9999 -9999 -9999 -9999 -9999 -9999 -9999 -9999 -9999 -9999 -9999 -9999 -9999 -9999 -9999 0.743582010269165 0.693207025527954 0.703489005565643 0.726879000663757 0.718239009380341 0.691911995410919 0.707346975803375 0.695860028266907 0.716314971446991 0.724133014678955 0.722983002662659 0.717202007770538 0.709846973419189 0.625917971134186 0.662181973457336 0.645183980464935 0.61558997631073 0.623989999294281 0.616545021533966 0.609028995037079 0.601379990577698 0.574962973594666 0.558632016181946 0.538958013057709 0.513504028320313 0.48232901096344 0.465193003416061 0.341843008995056 0.338283002376556
-9999 -9999 -9999 -9999 -9999 -9999 -9999 -9999 -9999 -9999 -9999 -9999 -9999 -9999 -9999 -9999 -9999 -9999 -9999 -9999 -9999 -9999 -9999 -9999 0.757256984710693 0.73088002204895 0.707953989505768 0.705956995487213 0.708106994628906 0.708923995494843 0.711677014827728 0.710210978984833 0.703886985778809 0.71944797039032 0.735863983631134 0.707916021347046 0.712074995040894 0.666099011898041 0.630744993686676 0.631259977817535 0.628892004489899 0.634548008441925 0.623399972915649 0.619756996631622 0.611967980861664 0.60689502954483 0.574980974197388 0.560046970844269 0.526057004928589 0.476123005151749 0.43817400932312 0.316471010446548
-9999 -9999 -9999 -9999 -9999 -9999 -9999 -9999 -9999 -9999 -9999 -9999 -9999 -9999 -9999 -9999 -9999 -9999 -9999 -9999 -9999 -9999 -9999 -9999 -9999 0.774096012115479 0.757553994655609 0.737101018428802 0.722706019878387 0.738595008850098 0.733860015869141 0.704322993755341 0.722195982933044 0.728742003440857 0.721530973911285 0.717028021812439 0.717086970806122 0.690328001976013 0.673883974552155 0.658399999141693 0.660067975521088 0.641119003295898 0.624796986579895 0.629743993282318 0.624616980552673 0.626663982868195 0.624759018421173 0.594209015369415 0.585357010364532 0.52351701259613 0.501812994480133 0.46984401345253
-9999 -9999 -9999 -9999 -9999 -9999 -9999 -9999 -9999 -9999 -9999 -9999 -9999 -9999 -9999 -9999 -9999 -9999 -9999 -9999 -9999 -9999 -9999 -9999 -9999 -9999 0.773082971572876 0.787369012832642 0.739660978317261 0.748503983020782 0.763136029243469 0.76553601026535 0.725067973136902 0.743062973022461 0.757459998130798 0.731715023517609 0.739508986473083 0.69937002658844 0.70525997877121 0.685063004493713 0.681738018989563 0.662090003490448 0.648352980613708 0.652055025100708 0.630200028419495 0.631599009037018 0.619346976280212 0.619118988513947 0.610603988170624 0.581768989562988 0.562479019165039 0.519225001335144
-9999 -9999 -9999 -9999 -9999 -9999 -9999 -9999 -9999 -9999 -9999 -9999 -9999 -9999 -9999 -9999 -9999 -9999 -9999 -9999 -9999 -9999 -9999 -9999 -9999 -9999 0.772469997406006 0.753136992454529 0.754602015018463 0.768592000007629 0.774537980556488 0.786117970943451 0.780856013298035 0.76572597026825 0.786854028701782 0.744023978710175 0.757863998413086 0.740383982658386 0.721127986907959 0.706294000148773 0.702805995941162 0.688022971153259 0.672987997531891 0.658724009990692 0.646885991096497 0.633439004421234 0.60903400182724 0.607939004898071 0.612040996551514 0.604978978633881 0.593141973018646 0.57166999578476
