Macrotus_waterhousii.asc
ncols  804
nrows  378
xllcorner  -74.6418056
yllcorner  17.2248604
cellsize 0.00833333370646766
NODATA_value  -9999
[rows 230 to 252 of 378, columns 208 to 259 of 804]
-9999 -9999 -9999 -9999 -9999 -9999 -9999 -9999 -9999 -9999 -9999 -9999 -9999 -9999 -9999 -9999 -9999 -9999 -9999 -9999 -9999 -9999 -9999 -9999 -9999 -9999 -9999 0.665651977062225 0.663165986537933 0.67330402135849 0.671137988567352 0.625272989273071 0.656929016113281 0.661606013774872 0.657185018062592 0.640685021877289 0.626381993293762 0.629028022289276 0.63984602689743 0.633346021175385 0.590349972248077 0.575861990451813 0.576353013515472 0.410591006278992 0.480516999959946 0.445455014705658 0.275880992412567 0.119779996573925 0.391546010971069 0.184202998876572 0.13306300342083 0.217924997210503
0.761404991149902 0.737623989582062 -9999 -9999 -9999 -9999 0.723132014274597 0.715801000595093 -9999 -9999 -9999 -9999 -9999 -9999 -9999 -9999 -9999 -9999 -9999 -9999 -9999 -9999 -9999 -9999 -9999 0.665170013904572 0.675778985023499 0.634413003921509 0.625238001346588 0.609462022781372 0.599958002567291 0.588446021080017 0.615028977394104 0.657416999340057 0.648293972015381 0.636981010437012 0.620784997940063 0.520999014377594 0.581468999385834 0.512444019317627 0.469956994056702 0.491771012544632 0.60547000169754 0.315156996250153 0.426836997270584 0.436946004629135 0.505472004413605 0.211410999298096 0.24270099401474 0.236064001917839 0.21458500623703 0.3559750020504
0.751578986644745 0.719439029693604 0.716583013534546 -9999 0.703311026096344 0.713431000709534 0.690599024295807 0.682044982910156 0.682980000972748 0.676639974117279 0.609167993068695 0.597967982292175 0.751327991485596 -9999 -9999 -9999 -9999 -9999 -9999 -9999 -9999 -9999 -9999 0.667111992835999 0.663663983345032 0.666100978851318 0.629763007164001 0.558721005916595 0.593268990516663 0.591534972190857 0.58092999458313 0.552163004875183 0.576885998249054 0.637206017971039 0.629651010036469 0.615355014801025 0.574922978878021 0.487711012363434 0.573961019515991 0.479389995336533 0.434471994638443 0.449472993612289 0.602692008018494 0.326140999794006 0.39860400557518 0.389961987733841 0.4964320063591 0.210886001586914 0.258224993944168 0.242663994431496 0.172039002180099 0.308057993650436
0.708519995212555 0.71417897939682 -9999 -9999 0.720458984375 0.710552990436554 0.683133006095886 0.675471007823944 0.680157005786896 0.628114998340607 0.675725996494293 0.592028975486755 0.368310987949371 0.736944973468781 0.705308020114899 0.696874976158142 0.669125974178314 0.686864972114563 0.67646199464798 0.671159029006958 -9999 0.674741983413696 0.670018017292023 0.669956028461456 0.658266007900238 0.625871002674103 0.557245016098022 0.57107001543045 0.571084022521973 0.59230101108551 0.586332023143768 0.574473977088928 0.507034003734589 0.622366011142731 0.603677988052368 0.567404985427856 0.505228996276855 0.484811007976532 0.550754010677338 0.440304011106491 0.51104998588562 0.485834985971451 0.506852984428406 0.521915018558502 0.320410013198853 0.362962007522583 0.32711198925972 0.328530997037888 0.306782990694046 0.169365003705025 0.193128004670143 0.323448985815048
0.675107002258301 0.69963800907135 0.710581004619598 0.704811990261078 0.713169991970062 0.685243010520935 0.654879987239838 0.633611977100372 0.633153021335602 0.673336982727051 0.683223009109497 0.694698989391327 0.743039011955261 0.527318000793457 0.701236009597778 0.674603998661041 0.667379975318909 0.662560999393463 0.66983699798584 0.670135021209717 0.66499400138855 0.675620973110199 0.669987976551056 0.659846007823944 0.60955798625946 0.562776982784271 0.549754977226257 0.549516022205353 0.567848026752472 0.54187399148941 0.598084986209869 0.544110000133514 0.540965974330902 0.547532021999359 0.610225975513458 0.543748021125793 0.538340985774994 0.518465995788574 0.516860008239746 0.528680026531219 0.532378017902374 0.538330018520355 0.577349007129669 0.348812013864517 0.24023899435997 0.410400986671448 0.265648007392883 0.408695012331009 0.409420013427734 0.27946999669075 0.295967012643814 0.174280002713203
0.552334010601044 0.609130024909973 0.655389010906219 0.594467997550964 0.653376996517181 0.610022008419037 0.585413992404938 0.577234983444214 0.566699981689453 0.543165981769562 0.614582002162933 0.709195971488953 0.719839990139008 0.723455011844635 0.691136002540588 0.66328901052475 0.656118988990784 0.651243984699249 0.662339985370636 0.656702995300293 0.657509028911591 0.665211975574493 0.640649974346161 0.594587028026581 0.549212992191315 0.537102997303009 0.508350014686584 0.512075006961823 0.496033012866974 0.503890991210938 0.465290993452072 0.602823972702026 0.564799010753632 0.496316999197006 0.615808010101318 0.592947006225586 0.5799919962883 0.477925986051559 0.492960005998611 0.574280977249146 0.562150001525879 0.54084300994873 0.536098003387451 0.567158997058868 0.279632985591888 0.206657007336617 0.44064798951149 0.309673994779587 0.448170989751816 0.362109988927841 0.221493005752563 0.422951996326447
0.606257975101471 0.507678985595703 0.598590016365051 0.57158100605011 0.574769973754883 0.446271985769272 0.506421029567719 0.55985301733017 0.580915987491608 0.510976016521454 0.574928998947144 0.409251987934113 0.545360028743744 0.676250994205475 0.669610977172852 0.661356985569 0.646290004253387 0.640707015991211 0.651405990123749 0.639898002147675 0.644142985343933 0.63603800535202 0.629939019680023 0.577257990837097 0.547598004341125 0.450686991214752 0.469704985618591 0.476530998945236 0.480230987071991 0.517207026481628 0.492594003677368 0.505500972270966 0.595965027809143 0.551522970199585 0.517351984977722 0.582479000091553 0.544211983680725 0.532567024230957 0.581054985523224 0.592230021953583 0.600866973400116 0.560496985912323 0.557991981506348 0.515776991844177 0.519640982151031 0.319891005754471 0.509841024875641 0.583460986614227 0.455651998519897 0.467379987239838 0.302561014890671 0.363110989332199
0.601145029067993 0.536372005939484 0.349384993314743 0.370474994182587 0.232644006609917 0.315014988183975 0.493364989757538 0.442324012517929 0.495909988880157 0.359237998723984 0.23751300573349 0.41339099407196 0.362307995557785 0.575847029685974 0.654173970222473 0.655852019786835 0.626968026161194 0.625726997852325 0.621167004108429 0.614874005317688 0.622171998023987 0.614504992961884 0.643442988395691 0.610265970230103 0.542141020298004 0.492967009544373 0.501429975032806 0.500482022762299 0.51690399646759 0.561811983585358 0.558607995510101 0.566372990608215 0.564867973327637 0.541683971881866 0.488083004951477 0.545521020889282 0.575209021568298 0.543356001377106 0.58858197927475 0.632764995098114 0.602353990077972 0.567189991474152 0.541712999343872 0.536478996276855 0.525936007499695 0.534709990024567 0.502182006835938 0.475198000669479 0.455067992210388 0.519221007823944 0.487479001283646 0.49202299118042
0.494884014129639 0.482102990150452 0.358204007148743 0.264530003070831 0.189864993095398 0.368900001049042 0.411653012037277 0.317975997924805 0.3386589884758 0.153625994920731 0.34579798579216 0.211307004094124 0.259296000003815 0.522666990756989 0.621607005596161 0.635082006454468 0.597947001457214 0.570869982242584 0.605561017990112 0.603917002677917 0.598779022693634 0.620576024055481 0.63086199760437 0.624005973339081 0.60555899143219 0.544050991535187 0.507146000862122 0.489966988563538 0.541432023048401 0.540908992290497 0.526883006095886 0.511473000049591 0.551653981208801 0.536970973014832 0.524986982345581 0.474137008190155 0.514685988426208 0.445728003978729 0.51810497045517 0.560400009155273 0.632956027984619 0.615083992481232 0.603806018829346 0.536724984645844 0.578243017196655 0.477311998605728 0.530992984771729 0.511714994907379 0.537771999835968 0.547096014022827 0.525367975234985 0.447142988443375
0.107566997408867 0.438881993293762 0.3680300116539 0.439199000597 0.409108996391296 0.39224898815155 0.258792996406555 0.263318002223969 0.290147006511688 0.428934991359711 0.289339989423752 0.263981997966766 0.35979899764061 0.513235986232758 0.520644009113312 0.613862991333008 0.52421498298645 0.495667994022369 0.548198997974396 0.569854021072388 0.564917027950287 0.565006017684937 0.595750987529755 0.628311991691589 0.622094988822937 0.611239016056061 0.604358971118927 0.572794020175934 0.488581985235214 0.547976016998291 0.513028979301453 0.503246009349823 0.563260018825531 0.506641983985901 0.415744006633759 0.387344002723694 0.51936000585556 0.359968990087509 0.530022025108337 0.45728600025177 0.613858997821808 0.645299017429352 0.636389970779419 0.634321987628937 0.596929013729095 0.466982990503311 0.472800999879837 0.399165004491806 0.572037994861603 0.314711004495621 0.491672992706299 0.376996994018555
0.192278996109962 0.099906899034977 0.282887011766434 0.45252799987793 0.424048990011215 0.406872004270554 0.38238999247551 0.33704999089241 0.37381300330162 0.482060998678207 0.56685197353363 0.408643007278442 0.226775005459785 0.161464005708694 0.365705013275146 0.428685992956161 0.207158997654915 0.474368005990982 0.45092898607254 0.534628987312317 0.527616024017334 0.513441979885101 0.408044010400772 0.565446019172668 0.505697011947632 0.428465008735657 0.501452028751373 0.614897012710571 0.581889986991882 0.57343602180481 0.542159974575043 0.589716017246246 0.575798988342285 0.421898007392883 0.392639994621277 0.450659990310669 0.507619976997375 0.485805988311768 0.521757006645203 0.42808198928833 0.374482989311218 0.410986989736557 0.476673990488052 0.569763004779816 0.637283980846405 0.572610020637512 0.489093989133835 0.567583978176117 0.299526005983353 0.474846988916397 0.465393990278244 0.562705993652344
0.385812014341354 0.427850991487503 0.386440992355347 0.32369801402092 0.428855001926422 0.441601008176804 0.395693987607956 0.409292012453079 0.428557991981506 0.444193989038467 0.441700994968414 0.324021011590958 0.354438006877899 0.174581006169319 0.557407021522522 0.0195342991501093 0.0228131990879774 0.045636098831892 0.359335005283356 0.388265997171402 0.395431995391846 0.565689980983734 0.384763985872269 0.327226996421814 0.543093979358673 0.5259969830513 0.517386972904205 0.417138993740082 0.60514098405838 0.602392017841339 0.592521011829376 0.583966016769409 0.51758199930191 0.547091007232666 0.526233971118927 0.457675009965897 0.557367026805878 0.363505989313126 0.43996199965477 0.531633973121643 0.519415020942688 0.53446501493454 0.425087988376617 0.263024985790253 0.536373972892761 0.623787999153137 0.60180401802063 0.570855021476746 0.526297986507416 0.351700007915497 0.538555979728699 0.564799010753632
0.525682985782623 0.469568014144897 0.306587010622025 0.296564996242523 0.455689996480942 0.258204013109207 0.241013005375862 0.3124940097332 0.317241996526718 0.351173013448715 0.30069100856781 0.398097991943359 0.0711387991905212 0.226358994841576 0.370737999677658 0.021408099681139 0.175856992602348 0.440807014703751 0.225467994809151 0.077396996319294 0.351307988166809 0.354977011680603 0.540036976337433 0.401015013456345 0.491654992103577 0.540275990962982 0.569787979125977 0.478886991739273 0.443338990211487 0.562447011470795 0.603761970996857 0.525776028633118 0.530461013317108 0.576569020748138 0.537640988826752 0.567749977111816 0.60158497095108 0.493521004915237 0.56623899936676 0.416184991598129 0.310671001672745 0.269722014665604 0.564765989780426 0.403382003307343 0.297542005777359 0.626393973827362 0.430150002241135 0.324860990047455 0.308647006750107 0.641979992389679 0.436235010623932 0.462796002626419
0.410730987787247 0.294436007738113 0.419887006282806 0.491136014461517 0.149680003523827 0.226217001676559 0.320151001214981 0.348114013671875 0.383843004703522 0.391202986240387 0.287223994731903 0.108534999191761 0.211393997073174 0.416390985250473 0.375618994235992 0.400846004486084 0.350688010454178 0.338050991296768 0.297809988260269 0.324479013681412 0.233830004930496 0.225537002086639 0.460456013679504 0.578629970550537 0.54221898317337 0.58481502532959 0.599569022655487 0.590862989425659 0.562894999980927 0.457280993461609 0.640690982341766 0.547694981098175 0.497938990592957 0.595037996768951 0.534357011318207 0.586854994297028 0.513476014137268 0.316837996244431 0.55071097612381 0.307956010103226 0.569480001926422 0.620374023914337 0.38502100110054 0.223342999815941 0.593510985374451 0.512399017810822 0.233293995261192 0.375963002443314 0.500220000743866 0.21382600069046 0.471843004226685 0.613756000995636
0.275263011455536 0.499570995569229 0.373840004205704 0.447084009647369 0.41116601228714 0.363761007785797 0.204244002699852 0.384728997945786 0.393720000982285 0.32328999042511 0.191599994897842 0.268996000289917 0.428718000650406 0.369949012994766 0.473854005336761 0.417778998613358 0.356637001037598 0.392096012830734 0.184642001986504 0.1910659968853 0.451844990253448 0.373712986707687 0.405634999275208 0.538107991218567 0.596624970436096 0.608142971992493 0.642383992671967 0.655170023441315 0.59067302942276 0.554094016551971 0.642494022846222 0.615842998027802 0.567056000232697 0.465521991252899 0.498261004686356 0.607038974761963 0.361023992300034 0.515343010425568 0.561688005924225 0.571868002414703 0.297886997461319 0.465844005346298 0.546235024929047 0.560247004032135 0.611033022403717 0.364100992679596 0.51059901714325 0.546586990356445 0.525095999240875 0.349983006715775 0.276176989078522 0.654439985752106
0.442144006490707 0.524762988090515 0.500258982181549 0.47408801317215 0.409123986959457 0.421986013650894 0.232700005173683 0.245425999164581 0.236963003873825 0.271578997373581 0.362453997135162 0.228715002536774 0.155544996261597 0.273478001356125 0.443405985832214 0.458590000867844 0.404707998037338 0.427349001169205 0.441590011119843 0.31530699133873 0.422013014554977 0.475917011499405 0.466657012701035 0.564904987812042 0.580788016319275 0.622273027896881 0.628974974155426 0.555180013179779 0.669299006462097 0.717051029205322 0.663087010383606 0.650745987892151 0.661633014678955 0.5745450258255 0.546676993370056 0.630964994430542 0.464233994483948 0.553421020507813 0.618677973747253 0.537043988704681 0.60352897644043 0.492877006530762 0.4965960085392 0.639024019241333 0.354692012071609 0.53252899646759 0.531345009803772 0.560992002487183 0.572076022624969 0.416034013032913 0.310418993234634 0.652647018432617
0.559906005859375 0.5295569896698 0.410113990306854 0.463084012269974 0.494865000247955 0.45134899020195 0.437810003757477 0.249282002449036 0.221434995532036 0.30603900551796 0.296849995851517 0.106893002986908 0.449299991130829 0.310308009386063 0.186443999409676 0.378789007663727 0.464828014373779 0.350169003009796 0.444709002971649 0.190208002924919 0.464599013328552 0.367467999458313 0.514421999454498 0.564585983753204 0.530777990818024 0.477930009365082 0.674556970596313 0.651849985122681 0.611989974975586 0.63204699754715 0.718526005744934 0.71842098236084 0.688494980335236 0.644342005252838 0.642823994159698 0.557349026203156 0.623423993587494 0.637309014797211 0.633569002151489 0.604735970497131 0.555276989936829 0.551138997077942 0.631778001785278 0.627955973148346 0.458353996276855 0.569809973239899 0.587261974811554 0.433770000934601 0.416422992944717 0.276502996683121 0.303131997585297 0.649643003940582
0.570487022399902 0.242203995585442 0.317221999168396 0.468717008829117 0.41958299279213 0.50306499004364 0.567421019077301 0.473601996898651 0.42026299238205 0.436334013938904 0.353641003370285 0.271883010864258 0.155646994709969 0.299010992050171 0.496538013219833 0.120035000145435 0.151824995875359 0.396167993545532 0.0750809982419014 0.303409993648529 0.383718013763428 0.349436014890671 0.503930985927582 0.507577002048492 0.562389016151428 0.58646297454834 0.559840977191925 0.607412993907928 0.659991979598999 0.660498023033142 0.615526020526886 0.661625981330872 0.707903981208801 0.684599995613098 0.654547989368439 0.589083015918732 0.544182002544403 0.640129029750824 0.65472400188446 0.654576003551483 0.540014028549194 0.604129016399384 0.680961012840271 0.580042004585266 0.583139002323151 0.612559974193573 0.603137016296387 0.374475985765457 0.396393001079559 0.585968971252441 0.642311990261078 0.553420007228851
0.321994006633759 0.448249995708466 0.483269989490509 0.505207002162933 0.452055007219315 0.472645998001099 0.471884995698929 0.532769024372101 0.550788998603821 0.473022997379303 0.373502999544144 0.262068003416061 0.362024009227753 0.434464991092682 0.275287985801697 0.487019002437592 0.117363996803761 0.445683002471924 0.0963767990469933 0.22129499912262 0.453743994235992 0.378322005271912 0.48464098572731 0.560849010944366 0.495512992143631 0.464969992637634 0.564064025878906 0.620212972164154 0.625509023666382 0.657388985157013 0.665511012077332 0.696852028369904 0.689718008041382 0.718243002891541 0.683359026908875 0.679413974285126 0.603533029556274 0.555501997470856 0.649977028369904 0.499538004398346 0.547206997871399 0.682547986507416 0.662036001682281 0.632604002952576 0.597312986850739 0.601420998573303 0.539295017719269 0.576475977897644 0.631143987178802 0.495142996311188 0.412052005529404 0.341190993785858
0.491070002317429 0.403636008501053 0.297702997922897 0.324775010347366 0.418956011533737 0.152556002140045 0.537662982940674 0.613371014595032 0.558207988739014 0.435840010643005 0.474029004573822 0.180857002735138 0.164790004491806 0.340458989143372 0.482019990682602 0.463719993829727 0.228240996599197 0.55060601234436 0.12295900285244 0.426295012235641 0.240858003497124 0.367922991514206 0.530781984329224 0.574087023735046 0.579088985919952 0.618956983089447 0.613878011703491 0.6424800157547 0.596080005168915 0.69809502363205 0.712238013744354 0.72053599357605 0.718432009220123 0.649030029773712 0.728309988975525 0.70293802022934 0.701903998851776 0.587516009807587 0.560249984264374 0.511705994606018 0.687012016773224 0.687399983406067 0.675325989723206 0.673276007175446 0.676853001117706 0.624683976173401 0.594700992107391 0.680822014808655 0.528243005275726 0.458932012319565 0.419824004173279 0.348708003759384
0.462913006544113 0.459899008274078 0.490222007036209 0.378508001565933 0.292205989360809 0.652217984199524 0.69665402173996 0.642180979251862 0.594874024391174 0.576999008655548 0.60901802778244 0.483985006809235 0.489690005779266 0.215572997927666 0.267280995845795 0.564167022705078 0.129574000835419 0.53677499294281 0.212284997105598 0.274093002080917 0.387811988592148 0.567306995391846 0.589118003845215 0.606544017791748 0.583217024803162 0.551195979118347 0.561259984970093 0.602028012275696 0.37304499745369 0.423339992761612 0.485807001590729 0.617466986179352 0.590994000434875 0.40352800488472 0.590295016765594 0.739808976650238 0.72809499502182 0.731023013591766 0.515802979469299 0.613785028457642 0.630623996257782 0.724664986133575 0.6701580286026 0.701591014862061 0.669221997261047 0.677533984184265 0.680288016796112 0.660519003868103 0.488550007343292 0.418969005346298 0.454028010368347 0.484007000923157
0.674054980278015 0.444041013717651 0.590855002403259 0.740312993526459 0.740728974342346 0.680737972259521 0.701623976230621 0.616985023021698 0.545458972454071 0.648919999599457 0.642027020454407 0.54510498046875 0.605916976928711 0.554279983043671 0.307635992765427 0.395612001419067 0.381453007459641 0.505309998989105 0.137167006731033 0.297149986028671 0.51365602016449 0.578592002391815 0.609596014022827 0.570016026496887 0.566663026809692 0.550556004047394 0.547794997692108 0.555987000465393 0.604273021221161 0.594452023506165 0.583199977874756 0.643742024898529 0.627582013607025 0.440317004919052 0.553858995437622 0.59977799654007 0.689393997192383 0.744805991649628 0.781714975833893 0.735704004764557 0.741129994392395 0.739711999893188 0.713406980037689 0.707985997200012 0.698933005332947 0.69499397277832 0.676123023033142 0.55493700504303 0.521965026855469 0.474703013896942 0.496362000703812 0.52997899055481
0.740261018276215 0.454515993595123 0.57905900478363 0.748242974281311 0.753081023693085 0.726274013519287 0.722137987613678 0.651880979537964 0.62091201543808 0.649393022060394 0.668015003204346 0.589024007320404 0.620257973670959 0.612152993679047 0.375366002321243 0.44573101401329 0.433470010757446 0.549095988273621 0.152015000581741 0.343423008918762 0.51985502243042 0.567345976829529 0.567575991153717 0.559980988502502 0.582136988639832 0.571546971797943 0.581812977790833 0.585112988948822 0.578278005123138 0.58490002155304 0.555788993835449 0.610736012458801 0.647373974323273 0.452324986457825 0.506712973117828 0.558260977268219 0.650193989276886 0.710498988628387 0.75093001127243 0.743108987808228 0.751595020294189 0.759186029434204 0.736025989055634 0.71731698513031 0.713133990764618 0.716255009174347 0.65385901927948 0.547326982021332 0.533111989498138 0.514155983924866 0.543913006782532 0.586923003196716
