Macrotus_waterhousii.asc
ncols  804
nrows  378
xllcorner  -74.6418056
yllcorner  17.2248604
cellsize 0.00833333370646766
NODATA_value  -9999
[rows 92 to 114 of 378, columns 312 to 363 of 804]
0.30792498588562 0.296288013458252 0.284330010414124 0.284056007862091 0.289925992488861 0.286877006292343 0.315901011228561 0.289624989032745 0.336762011051178 0.316556990146637 0.289743989706039 0.292771011590958 0.292142003774643 0.239985004067421 0.27335798740387 0.34969899058342 0.358895003795624 0.35801899433136 0.368443995714188 0.369470000267029 0.359546989202499 0.340290993452072 0.327971994876862 0.325010001659393 0.325055986642838 0.324223011732101 0.341284990310669 0.352901011705399 0.354988008737564 0.359429001808167 0.359854996204376 0.355506002902985 0.345851004123688 0.341861993074417 0.346854001283646 0.346913993358612 0.352683991193771 0.353825986385345 0.363516002893448 0.36089101433754 0.371854990720749 0.362042009830475 0.371695995330811 0.379148006439209 0.378630995750427 0.37559100985527 0.393209993839264 0.399663001298904 0.413771003484726 0.421350002288818 0.416063010692596 0.427760004997253
0.315434008836746 0.299804002046585 0.291031986474991 0.282198011875153 0.279058009386063 0.279623985290527 0.275882005691528 0.321521997451782 0.309237003326416 0.330388993024826 0.302177011966705 0.292003989219666 0.295697003602982 0.321727991104126 0.339210003614426 0.348789006471634 0.358307003974915 0.353805989027023 0.357288002967834 0.359331995248795 0.34408301115036 0.33203199505806 0.324835985898972 0.324515014886856 0.325403988361359 0.334091991186142 0.341679990291595 0.353648006916046 0.368959993124008 0.364131987094879 0.34986600279808 0.346401005983353 0.342788010835648 0.34739100933075 0.346325010061264 0.351092010736465 0.349063009023666 0.360275000333786 0.361431986093521 0.366353005170822 0.366237998008728 0.369125008583069 0.379159986972809 0.375357002019882 0.377097994089127 0.391997009515762 0.387028008699417 0.40233901143074 0.416417986154556 0.449128001928329 0.436421006917953 0.42509800195694
0.329165011644363 0.308833003044128 0.295204013586044 0.280975997447968 0.279127985239029 0.285582005977631 0.292620986700058 0.286949992179871 0.309316992759705 0.340360999107361 0.3228639960289 0.310559988021851 0.308082014322281 0.316754996776581 0.345851987600327 0.342729985713959 0.348549008369446 0.369305998086929 0.362020999193192 0.349987000226974 0.339148998260498 0.322109997272491 0.330224007368088 0.322540998458862 0.333003014326096 0.337792992591858 0.351370006799698 0.365101009607315 0.370645999908447 0.355172008275986 0.351195007562637 0.344886004924774 0.349119991064072 0.34511798620224 0.352086007595062 0.348064005374908 0.356162995100021 0.360725998878479 0.366656005382538 0.365624010562897 0.373486012220383 0.36880499124527 0.375512987375259 0.385329008102417 0.385486006736755 0.393043011426926 0.407011985778809 0.406327992677689 0.432015985250473 0.419982999563217 0.44345098733902 0.426050007343292
0.3505479991436 0.330413997173309 0.305463999509811 0.285697013139725 0.280205011367798 0.273514986038208 0.284752994775772 0.301932990550995 0.321218013763428 0.329892992973328 0.309904992580414 0.321815013885498 0.319460988044739 0.318468987941742 0.334760993719101 0.352151989936829 0.342985987663269 0.35106098651886 0.364336997270584 0.352586001157761 0.328171014785767 0.325902998447418 0.324488013982773 0.332643002271652 0.340916991233826 0.346565008163452 0.359701007604599 0.364674001932144 0.359084993600845 0.349476009607315 0.350728988647461 0.344009011983871 0.352771997451782 0.355008989572525 0.350672990083694 0.346976011991501 0.355170994997025 0.363243013620377 0.364648997783661 0.362527012825012 0.370604991912842 0.377676993608475 0.375714987516403 0.384824007749557 0.381826013326645 0.389306992292404 0.391600996255875 0.413585990667343 0.419961005449295 0.43597799539566 0.420980006456375 0.418446987867355
0.343061000108719 0.336194008588791 0.31284499168396 0.287221997976303 0.284967988729477 0.277584999799728 0.283134996891022 0.290004998445511 0.300431996583939 0.312153995037079 0.294144988059998 0.344713985919952 0.338555991649628 0.338351994752884 0.329515010118484 0.346444994211197 0.348111003637314 0.342438995838165 0.353338003158569 0.347844004631042 0.324896991252899 0.327935993671417 0.324366003274918 0.338553011417389 0.354645997285843 0.350113987922668 0.368438988924026 0.365622997283936 0.354550004005432 0.344559013843536 0.348966985940933 0.34450900554657 0.353307992219925 0.354449987411499 0.349213987588882 0.354030013084412 0.353287994861603 0.361532002687454 0.363824009895325 0.367929011583328 0.366869986057281 0.374704986810684 0.37321600317955 0.381819993257523 0.38068899512291 0.380281001329422 0.392919987440109 0.400424987077713 0.401764988899231 0.414642006158829 0.399513989686966 0.411801993846893
0.314325988292694 0.340611010789871 0.317714005708694 0.294959008693695 0.288210988044739 0.292486011981964 0.28873598575592 0.28261598944664 0.283517003059387 0.28540500998497 0.293763011693954 0.278111010789871 0.304462999105453 0.359769999980927 0.350443005561829 0.351301997900009 0.344197988510132 0.354099988937378 0.341726005077362 0.334775000810623 0.320327997207642 0.32778999209404 0.33390998840332 0.349622994661331 0.355753004550934 0.355946004390717 0.362960010766983 0.358891010284424 0.34927299618721 0.34858900308609 0.347148001194 0.345598995685577 0.348031997680664 0.355875998735428 0.349433988332748 0.353908002376556 0.351954013109207 0.356795996427536 0.357621014118195 0.366901010274887 0.360704004764557 0.370425999164581 0.366869002580643 0.367476999759674 0.366584986448288 0.379615992307663 0.383334010839462 0.388101011514664 0.399062991142273 0.402332991361618 0.398205995559692 0.409444987773895
0.337442994117737 0.339478999376297 0.326133012771606 0.299838006496429 0.29118400812149 0.278205990791321 0.304298996925354 0.289016991853714 0.285645008087158 0.270473003387451 0.302780002355576 0.302114993333817 0.31275999546051 0.336306989192963 0.354366987943649 0.354041010141373 0.335197985172272 0.329917997121811 0.329273998737335 0.326638013124466 0.331203013658524 0.337408006191254 0.342491000890732 0.352546006441116 0.353877991437912 0.364006996154785 0.359497010707855 0.352375000715256 0.345797002315521 0.346430987119675 0.344296991825104 0.353302001953125 0.347790002822876 0.352436989545822 0.354770988225937 0.35300800204277 0.35809600353241 0.355953991413116 0.363388001918793 0.364863008260727 0.360020995140076 0.364443987607956 0.363909989595413 0.37439900636673 0.374074995517731 0.378125995397568 0.376253992319107 0.395260006189346 0.415993988513947 0.427127987146378 0.415450990200043 0.413383990526199
0.17137399315834 0.300449013710022 0.245627000927925 0.303443998098373 0.310010999441147 0.265098989009857 0.334105998277664 0.304834991693497 0.292140007019043 0.311194002628326 0.311852008104324 0.334872990846634 0.342978000640869 0.341697990894318 0.361084997653961 0.354030013084412 0.345164000988007 0.323475986719131 0.320531994104385 0.32599800825119 0.334233999252319 0.34400001168251 0.355614006519318 0.354959011077881 0.354413002729416 0.352609992027283 0.35188901424408 0.360309988260269 0.353664010763168 0.352016985416412 0.345200002193451 0.353864997625351 0.349631011486053 0.353125005960464 0.354831010103226 0.350737988948822 0.35571300983429 0.354889988899231 0.36167898774147 0.357286989688873 0.367049992084503 0.363279014825821 0.372004985809326 0.377418994903564 0.375948995351791 0.37065801024437 0.377961009740829 0.40073099732399 0.427455991506577 0.436416000127792 0.441442012786865 0.430768013000488
0.0322980992496014 0.100648999214172 0.186159998178482 0.214940994977951 0.226666003465652 0.187943994998932 0.277307003736496 0.310600996017456 0.30671700835228 0.310252010822296 0.333068013191223 0.351177006959915 0.356844007968903 0.356552004814148 0.336246013641357 0.348717987537384 0.339486986398697 0.328611999750137 0.316363990306854 0.325286000967026 0.332143008708954 0.340640008449554 0.348316013813019 0.350082993507385 0.344567000865936 0.340380012989044 0.349837005138397 0.347252994775772 0.35928401350975 0.350140988826752 0.3559849858284 0.350555986166 0.34654501080513 0.35223600268364 0.353680014610291 0.348250985145569 0.354263991117477 0.360085994005203 0.358904004096985 0.366896986961365 0.363604992628098 0.36982798576355 0.366728991270065 0.375609010457993 0.378291994333267 0.38187500834465 0.384171992540359 0.391824990510941 0.421503990888596 0.445443004369736 0.447899013757706 0.434143006801605
0.207996994256973 0.106261998414993 0.0802882984280586 0.152549996972084 0.094623401761055 0.107344001531601 0.181520998477936 0.282260000705719 0.329387009143829 0.301313996315002 0.345353007316589 0.366436004638672 0.359602004289627 0.346956998109818 0.350538998842239 0.337440013885498 0.329259008169174 0.321958988904953 0.312272012233734 0.320248007774353 0.334035992622375 0.335229992866516 0.333454012870789 0.327814996242523 0.338243007659912 0.334969013929367 0.349893987178802 0.35529699921608 0.358209013938904 0.35112801194191 0.352708995342255 0.357683002948761 0.355805993080139 0.351123005151749 0.352901995182037 0.349869012832642 0.352452993392944 0.359901010990143 0.354860991239548 0.365222990512848 0.363005995750427 0.368968993425369 0.363925993442535 0.373600989580154 0.370003014802933 0.369480013847351 0.377223014831543 0.388125002384186 0.406525999307632 0.426488995552063 0.44760999083519 0.435869991779327
0.133175000548363 0.190886005759239 0.222889006137848 0.229157000780106 0.237760007381439 0.0911313965916634 0.0606584995985031 0.143615007400513 0.234225004911423 0.202079996466637 0.291274011135101 0.347660005092621 0.347454994916916 0.354654997587204 0.334190994501114 0.326599985361099 0.318105012178421 0.307812005281448 0.307467997074127 0.320699006319046 0.324827998876572 0.320690989494324 0.327798008918762 0.327879011631012 0.334969997406006 0.336896002292633 0.345813989639282 0.355145990848541 0.358976989984512 0.36395201086998 0.360094010829926 0.360518991947174 0.357544988393784 0.3473140001297 0.353924989700317 0.349882990121841 0.356813997030258 0.357596009969711 0.356029987335205 0.36413499712944 0.362726002931595 0.362246990203857 0.3716099858284 0.369291007518768 0.372330993413925 0.369437992572784 0.370079010725021 0.364466995000839 0.388399004936218 0.395415008068085 0.414335995912552 0.434767007827759
0.202004998922348 0.209086999297142 0.223364993929863 0.221189007163048 0.170326992869377 0.206708997488022 0.120608001947403 0.0815692991018295 0.103413000702858 0.160473003983498 0.187905997037888 0.32558199763298 0.341780990362167 0.353240996599197 0.33755299448967 0.310649007558823 0.299403011798859 0.287481993436813 0.298747986555099 0.29661899805069 0.313293993473053 0.317301005125046 0.316498994827271 0.329593002796173 0.342269003391266 0.350172013044357 0.353049993515015 0.356424003839493 0.369280010461807 0.360778987407684 0.368438988924026 0.357342004776001 0.36183500289917 0.347029000520706 0.352396994829178 0.347669988870621 0.35003799200058 0.350497007369995 0.35335099697113 0.359259992837906 0.363094985485077 0.370456010103226 0.374953985214233 0.373142004013062 0.359567999839783 0.363570988178253 0.360769987106323 0.343502998352051 0.374365985393524 0.398227989673615 0.429459989070892 0.447670012712479
0.21000899374485 0.204220995306969 0.215826004743576 0.217408999800682 0.211096003651619 0.20414699614048 0.170028001070023 0.211501002311707 0.124219998717308 0.0697799995541573 0.184624001383781 0.267343014478683 0.280220985412598 0.333714991807938 0.317573994398117 0.298184007406235 0.290430992841721 0.280950009822845 0.284251987934113 0.292079985141754 0.286956012248993 0.303342014551163 0.318039000034332 0.334230989217758 0.331860989332199 0.375099003314972 0.360877990722656 0.367861986160278 0.354167997837067 0.363754987716675 0.358711987733841 0.358897000551224 0.347867012023926 0.342198997735977 0.350466012954712 0.342671990394592 0.350598007440567 0.350403010845184 0.35097199678421 0.365478008985519 0.360615998506546 0.368651986122131 0.383500993251801 0.37610799074173 0.377407997846603 0.370808005332947 0.366039007902145 0.346345990896225 0.364340990781784 0.382508009672165 0.432846009731293 0.467314004898071
0.195769995450974 0.213237002491951 0.232149004936218 0.226642996072769 0.202316999435425 0.206928998231888 0.168293997645378 0.180682003498077 0.172144994139671 0.227458998560905 0.139568001031876 0.151578992605209 0.183530002832413 0.357459992170334 0.330879986286163 0.292349010705948 0.280045002698898 0.282783001661301 0.278986006975174 0.276008009910583 0.28761699795723 0.278962999582291 0.273703008890152 0.240158006548882 0.276849985122681 0.331761986017227 0.373331010341644 0.343780994415283 0.346343010663986 0.365530997514725 0.37966600060463 0.36608898639679 0.352997988462448 0.348057985305786 0.346374005079269 0.342622011899948 0.341293007135391 0.350044995546341 0.366697996854782 0.363467007875443 0.355746001005173 0.371917009353638 0.377968013286591 0.374960005283356 0.368405997753143 0.378710985183716 0.3732990026474 0.355865001678467 0.364794999361038 0.389127999544144 0.418166995048523 0.443699985742569
0.211067005991936 0.23275700211525 0.245303004980087 0.232390999794006 0.209095001220703 0.204959005117416 0.208159998059273 0.177792996168137 0.212715998291969 0.223482996225357 0.232153996825218 0.222968995571136 0.25518599152565 0.114090003073215 0.214191004633904 0.299697995185852 0.28371000289917 0.271696001291275 0.286747008562088 0.276780009269714 0.288599014282227 0.261664003133774 0.257950007915497 0.321126997470856 0.323962986469269 0.31488698720932 0.35521200299263 0.329744011163712 0.32703098654747 0.335725009441376 0.365956008434296 0.374381989240646 0.377059012651443 0.354898005723953 0.352939009666443 0.341329991817474 0.349027007818222 0.356660008430481 0.363090008497238 0.357609987258911 0.366768002510071 0.368665993213654 0.369897991418839 0.373771011829376 0.373867005109787 0.372054994106293 0.369248986244202 0.362394988536835 0.358797997236252 0.378349989652634 0.375207006931305 0.416492998600006
0.16652500629425 0.205215007066727 0.203664004802704 0.196226000785828 0.220293998718262 0.207398995757103 0.199832007288933 0.213431999087334 0.157652005553246 0.184045001864433 0.216960996389389 0.258790999650955 0.267385989427567 0.258531987667084 0.105455003678799 0.193581998348236 0.271122992038727 0.27564001083374 0.28896901011467 0.285050988197327 0.278394013643265 0.293074011802673 0.30350598692894 0.330978989601135 0.341989010572433 0.364389985799789 0.342278003692627 0.311926007270813 0.311345010995865 0.341071009635925 0.354483008384705 0.354900002479553 0.384557992219925 0.387454003095627 0.360552996397018 0.346994996070862 0.362048000097275 0.360325008630753 0.367029994726181 0.36872199177742 0.371196001768112 0.37228998541832 0.360682994127274 0.373982012271881 0.369114995002747 0.377240985631943 0.371214002370834 0.368396013975143 0.357519000768661 0.363896995782852 0.362412005662918 0.343396008014679
0.176917999982834 0.207578003406525 0.239920005202293 0.220697999000549 0.196228995919228 0.207412004470825 0.204503998160362 0.199854001402855 0.20372000336647 0.157335996627808 0.207488998770714 0.269537001848221 0.260598003864288 0.274791985750198 0.250277012586594 0.133930996060371 0.152394995093346 0.151100993156433 0.245489999651909 0.234822005033493 0.235965996980667 0.284552007913589 0.29244801402092 0.357771992683411 0.370961010456085 0.361548006534576 0.333292990922928 0.309886008501053 0.310433000326157 0.304663985967636 0.300224989652634 0.386649012565613 0.352822989225388 0.392574995756149 0.395850986242294 0.37703800201416 0.367987006902695 0.36251300573349 0.373822003602982 0.364237010478973 0.359241992235184 0.366145998239517 0.37126499414444 0.371024996042252 0.382476985454559 0.380486011505127 0.370600998401642 0.366279989480972 0.362589001655579 0.331712007522583 0.346830010414124 0.311387985944748
0.214313000440598 0.241282001137733 0.246638000011444 0.206715002655983 0.217398002743721 0.208331003785133 0.189104005694389 0.200270995497704 0.201554998755455 0.192715004086494 0.178216993808746 0.242899000644684 0.238161996006966 0.271706998348236 0.255697011947632 0.258437007665634 0.214316993951797 0.187203004956245 0.215436995029449 0.235116004943848 0.179004997014999 0.222609996795654 0.244953006505966 0.189475998282433 0.361909985542297 0.369700998067856 0.349579989910126 0.314444988965988 0.322418987751007 0.313688993453979 0.354694992303848 0.392713993787766 0.387724995613098 0.40514799952507 0.39996400475502 0.400447010993958 0.380793005228043 0.370876014232635 0.363485008478165 0.369745999574661 0.36455899477005 0.364163011312485 0.373910009860992 0.369105994701385 0.370554000139236 0.373023986816406 0.373315006494522 0.379052996635437 0.367967009544373 0.358049988746643 0.356687992811203 0.288964986801147
0.218826994299889 0.226076006889343 0.231077000498772 0.21306200325489 0.20958200097084 0.208199992775917 0.198917999863625 0.20321199297905 0.200657993555069 0.196492001414299 0.198331996798515 0.19386400282383 0.204539000988007 0.228379994630814 0.238768994808197 0.227160006761551 0.214677006006241 0.229883998632431 0.231668993830681 0.176164001226425 0.188503995537758 0.150150999426842 0.0527478009462357 0.0885574966669083 0.0843679010868073 0.0950196981430054 0.247133001685143 0.292338013648987 0.332713007926941 0.348426997661591 0.376262992620468 0.403180003166199 0.416224002838135 0.418421000242233 0.416931986808777 0.391463994979858 0.377472013235092 0.367065995931625 0.358442008495331 0.363833993673325 0.37110099196434 0.37660801410675 0.369502007961273 0.380353987216949 0.373003005981445 0.380861014127731 0.380629986524582 0.374004006385803 0.370424002408981 0.373272985219955 0.34111499786377 0.321689009666443
0.162851005792618 0.19064399600029 0.174638003110886 0.214243993163109 0.210067003965378 0.204706996679306 0.210286006331444 0.188061997294426 0.217696994543076 0.205220997333527 0.20228299498558 0.196364000439644 0.199535995721817 0.186467006802559 0.200806006789207 0.195629000663757 0.206984996795654 0.198130995035172 0.146751001477242 0.170723006129265 0.139045998454094 0.0741558000445366 0.160446003079414 0.261813014745712 0.18708199262619 0.16295599937439 0.242119997739792 0.205218002200127 0.286496013402939 0.273903995752335 0.389706999063492 0.39724799990654 0.404148995876312 0.403261005878448 0.391624003648758 0.36710399389267 0.354088008403778 0.35972198843956 0.354559987783432 0.359831988811493 0.366376012563705 0.371641993522644 0.38425800204277 0.379009991884232 0.367536991834641 0.381049990653992 0.393034994602203 0.384180992841721 0.378479987382889 0.374413013458252 0.374442011117935 0.367632985115051
0.161901995539665 0.194833993911743 0.212540999054909 0.179489001631737 0.184239000082016 0.186675995588303 0.179415002465248 0.149699002504349 0.123879998922348 0.22172999382019 0.199230998754501 0.209702998399734 0.211042001843452 0.205601006746292 0.208056002855301 0.197292000055313 0.193802997469902 0.186874002218246 0.137932002544403 0.0916339978575706 0.198528006672859 0.167679995298386 0.243732005357742 0.193035006523132 0.309293001890182 0.137192994356155 0.284040987491608 0.286489009857178 0.20626500248909 0.308566987514496 0.299382001161575 0.406516999006271 0.402646005153656 0.387214004993439 0.372994989156723 0.361997991800308 0.34918200969696 0.357187002897263 0.360956996679306 0.360478013753891 0.362883001565933 0.370700001716614 0.38136699795723 0.379916995763779 0.377750009298325 0.381218999624252 0.387237995862961 0.379373013973236 0.372810989618301 0.385170996189117 0.384218007326126 0.38416200876236
0.230908006429672 0.191170006990433 0.191104993224144 0.179791003465652 0.156156003475189 0.176277995109558 0.149014994502068 0.184986993670464 0.111805997788906 0.131741002202034 0.215351998806 0.184465005993843 0.188026994466782 0.20974600315094 0.203422993421555 0.206795006990433 0.196236997842789 0.191892996430397 0.188278004527092 0.144913002848625 0.0871030986309052 0.194771006703377 0.190068006515503 0.254233986139297 0.252698987722397 0.247510001063347 0.276064991950989 0.299102008342743 0.239600002765656 0.31284099817276 0.308802008628845 0.337965995073318 0.304091989994049 0.389492005109787 0.372025012969971 0.346305012702942 0.346415013074875 0.356525987386703 0.358942002058029 0.3593690097332 0.368250012397766 0.363891988992691 0.376462012529373 0.366066992282867 0.368443995714188 0.375236988067627 0.38857901096344 0.383846014738083 0.394896000623703 0.392612993717194 0.387109011411667 0.388341009616852
0.137370005249977 0.210097998380661 0.186385005712509 0.145296007394791 0.160777002573013 0.165630996227264 0.16457299888134 0.190059006214142 0.202071994543076 0.165457993745804 0.207196995615959 0.201570004224777 0.204949006438255 0.177608996629715 0.20040500164032 0.187460005283356 0.203457996249199 0.196316003799438 0.20686200261116 0.2291119992733 0.226671993732452 0.166969001293182 0.224717006087303 0.241583004593849 0.167484000325203 0.295183002948761 0.242945998907089 0.328574985265732 0.32718700170517 0.325367987155914 0.266027003526688 0.245625004172325 0.256916999816895 0.173277005553246 0.341782003641129 0.196404993534088 0.307875990867615 0.35131499171257 0.361072987318039 0.360841989517212 0.35546201467514 0.353204995393753 0.364603012800217 0.359481990337372 0.36948099732399 0.371163010597229 0.371050000190735 0.378587990999222 0.378006994724274 0.376392006874084 0.385661005973816 0.375541001558304
