Macrotus_waterhousii.asc
ncols  804
nrows  378
xllcorner  -74.6418056
yllcorner  17.2248604
cellsize 0.00833333370646766
NODATA_value  -9999
[rows 207 to 229 of 378, columns 52 to 103 of 804]
0.748633980751038 0.75841897726059 0.762941002845764 0.779762029647827 0.76213002204895 0.73444002866745 0.740998983383179 0.804121971130371 0.807830989360809 0.800683975219727 0.834115982055664 0.847060024738312 -9999 -9999 -9999 -9999 -9999 -9999 -9999 -9999 -9999 -9999 -9999 -9999 -9999 -9999 -9999 -9999 -9999 -9999 -9999 -9999 -9999 -9999 -9999 -9999 -9999 -9999 -9999 -9999 -9999 -9999 -9999 -9999 -9999 -9999 -9999 -9999 -9999 -9999 -9999 -9999
0.734525978565216 0.743546009063721 0.748197019100189 0.736096024513245 0.691918015480042 0.765182018280029 0.788577020168304 0.815775990486145 0.81554502248764 0.784098982810974 0.810962021350861 0.857442021369934 -9999 -9999 -9999 -9999 -9999 -9999 -9999 -9999 -9999 -9999 -9999 -9999 -9999 -9999 -9999 -9999 -9999 -9999 -9999 -9999 -9999 -9999 -9999 -9999 -9999 -9999 -9999 -9999 -9999 -9999 -9999 -9999 -9999 -9999 -9999 -9999 -9999 -9999 -9999 0.833847999572754
0.725703001022339 0.744143009185791 0.748320996761322 0.626999974250793 0.720726013183594 0.575649976730347 0.653847992420197 0.803231000900269 0.807394027709961 0.801840007305145 0.766889989376068 0.83194500207901 0.839688003063202 0.848097026348114 -9999 -9999 -9999 -9999 -9999 -9999 -9999 -9999 -9999 -9999 -9999 -9999 -9999 -9999 -9999 -9999 -9999 -9999 -9999 -9999 -9999 -9999 -9999 -9999 -9999 -9999 -9999 -9999 -9999 -9999 -9999 -9999 -9999 -9999 -9999 0.812372028827667 0.826532006263733 0.806773006916046
0.790386021137238 0.680599987506866 0.69209498167038 0.682341992855072 0.804417014122009 0.797411024570465 0.564764022827148 0.628414988517761 0.677264988422394 0.70133900642395 0.823722004890442 0.848810970783234 0.81938099861145 0.83082902431488 0.839806020259857 -9999 -9999 -9999 -9999 -9999 -9999 -9999 -9999 -9999 -9999 -9999 -9999 -9999 -9999 -9999 -9999 -9999 -9999 -9999 -9999 -9999 -9999 -9999 -9999 -9999 -9999 -9999 -9999 -9999 0.829594016075134 -9999 -9999 -9999 -9999 0.839792013168335 0.806493997573853 0.822452008724213
0.689038991928101 0.756437003612518 0.746002972126007 0.725256979465485 0.836022019386292 0.819931983947754 0.82955002784729 0.805082023143768 0.831759989261627 0.84570300579071 0.833311021327972 0.828131020069122 0.843038976192474 0.844608008861542 0.824371993541718 0.831853985786438 0.820841014385223 0.811378002166748 -9999 -9999 -9999 -9999 -9999 -9999 -9999 -9999 -9999 -9999 -9999 -9999 -9999 -9999 -9999 -9999 -9999 -9999 -9999 -9999 -9999 -9999 -9999 -9999 -9999 0.844159007072449 0.84136301279068 0.837540984153748 0.83255398273468 0.841699004173279 0.826026976108551 0.848137974739075 0.834353029727936 0.862320005893707
0.806632995605469 0.833850979804993 0.817763984203339 0.800944983959198 0.802760004997253 0.791170001029968 0.775605976581573 0.822737991809845 0.822260022163391 0.796470999717712 0.811065971851349 0.820809006690979 0.81361198425293 0.800924003124237 0.820088028907776 0.813557982444763 0.813153982162476 0.834891974925995 0.828231990337372 0.817357003688812 0.804610013961792 0.798376023769379 -9999 -9999 -9999 0.830264985561371 -9999 -9999 0.857698023319244 -9999 -9999 -9999 -9999 -9999 -9999 -9999 0.848051011562347 -9999 -9999 -9999 -9999 -9999 -9999 -9999 0.844451010227203 0.85104501247406 0.846939027309418 0.852922976016998 0.861150979995728 0.877157986164093 0.862729012966156 0.878911018371582
0.801407992839813 0.818189978599548 0.816281020641327 0.799842000007629 0.800945997238159 0.784421980381012 0.765591979026794 0.785148978233337 0.784327983856201 0.792459011077881 0.801393985748291 0.791710019111633 0.807689011096954 0.802209973335266 0.810859978199005 0.793528974056244 0.80129200220108 0.815362989902496 0.821336984634399 0.807673990726471 0.793860971927643 0.791709005832672 0.794722020626068 0.799263000488281 0.821839988231659 0.800050020217896 0.813835024833679 0.838980972766876 0.835237979888916 0.869929015636444 0.858853995800018 -9999 -9999 0.846652984619141 -9999 -9999 0.84875100851059 -9999 -9999 -9999 -9999 -9999 -9999 -9999 -9999 0.855307996273041 0.862827003002167 -9999 -9999 0.882443010807037 0.888262987136841 0.899960994720459
0.795340001583099 0.791290998458862 0.773765981197357 0.784325003623962 0.769268989562988 0.764845013618469 0.775955975055695 0.773616015911102 0.794116973876953 0.788730978965759 0.78235799074173 0.795983016490936 0.792012989521027 0.776920974254608 0.781207025051117 0.771843016147614 0.793193995952606 0.797453999519348 0.797302007675171 0.801003992557526 0.795038998126984 0.792077004909515 0.762809991836548 0.782127022743225 0.763203978538513 0.776919007301331 0.77648001909256 0.8194620013237 0.805019021034241 0.859834015369415 0.754373013973236 0.86182302236557 0.857491016387939 0.84580397605896 0.839399993419647 0.832611978054047 0.837963998317719 0.836515009403229 -9999 -9999 -9999 -9999 -9999 0.852288007736206 -9999 -9999 -9999 -9999 -9999 -9999 0.88959801197052 0.886830985546112
0.784053981304169 0.762136995792389 0.761857986450195 0.768024027347565 0.761452972888947 0.746538996696472 0.758328974246979 0.764149010181427 0.792110979557037 0.782046020030975 0.777300000190735 0.778985977172852 0.765124022960663 0.651315987110138 0.728661000728607 0.778436005115509 0.799290001392365 0.816241979598999 0.785611987113953 0.782159984111786 0.806185007095337 0.761061012744904 0.707028985023499 0.703125 0.71621298789978 0.782203018665314 0.797520995140076 0.806900978088379 0.779915988445282 0.74158501625061 0.726531982421875 0.483330011367798 0.790507972240448 0.856519997119904 0.831936001777649 0.83084499835968 0.824566006660461 0.822201013565063 -9999 -9999 -9999 -9999 -9999 -9999 -9999 -9999 -9999 -9999 -9999 -9999 -9999 -9999
0.752481997013092 0.70321798324585 0.702612996101379 0.745140016078949 0.753000974655151 0.78056001663208 0.787796020507813 0.760497987270355 0.784317970275879 0.770413994789124 0.749823987483978 0.778190016746521 0.741420984268188 0.693525016307831 0.680356979370117 0.756263017654419 0.758612990379333 0.810751020908356 0.812373995780945 0.751879990100861 0.796236991882324 0.775942027568817 0.787653982639313 0.745949983596802 0.78439199924469 0.79508900642395 0.794860005378723 0.777675986289978 0.790995001792908 0.806612014770508 0.811183989048004 0.824468970298767 0.677137970924377 0.805715978145599 0.839286029338837 0.820959985256195 0.827759981155396 0.82166200876236 0.839259028434753 0.847640991210938 0.86039400100708 0.869220018386841 0.863710999488831 0.875720977783203 0.878298997879028 -9999 -9999 -9999 -9999 -9999 -9999 -9999
0.760487020015717 0.683665990829468 0.693148970603943 0.73914498090744 0.744349002838135 0.76476001739502 0.780578017234802 0.763683021068573 0.786440014839172 0.762784004211426 0.770169019699097 0.740908980369568 0.765824019908905 0.726701021194458 0.588226020336151 0.754989981651306 0.78873598575592 0.782832026481628 0.811052978038788 0.801972985267639 0.67348700761795 0.717315018177032 0.69352000951767 0.721773982048035 0.765745997428894 0.776956021785736 0.802425026893616 0.822804987430573 0.854471027851105 0.852279007434845 0.880282998085022 0.877247989177704 0.861868023872375 0.831377029418945 0.819409012794495 0.815786004066467 0.814298987388611 0.797960996627808 0.774830996990204 0.774248003959656 0.766058027744293 0.830610990524292 0.853515028953552 0.863304018974304 0.861249029636383 0.892346024513245 0.881150007247925 -9999 -9999 -9999 -9999 -9999
0.772370994091034 0.743598997592926 0.749345004558563 0.673691987991333 0.720578014850616 0.766471028327942 0.767099022865295 0.778430998325348 0.788914978504181 0.758103013038635 0.759302020072937 0.761572003364563 0.707681000232697 0.71143501996994 0.708504021167755 0.707011997699738 0.772422015666962 0.786191999912262 0.827072024345398 0.829378008842468 0.856757998466492 0.849426984786987 0.820118010044098 0.811378002166748 0.75297999382019 0.78352302312851 0.802739977836609 0.808978974819183 0.831066012382507 0.850977003574371 0.841570973396301 0.843975007534027 0.831098020076752 0.802879989147186 0.808726012706757 0.777298986911774 0.765626013278961 0.762907028198242 0.745073020458221 0.806237995624542 0.822274029254913 0.847527027130127 0.831088006496429 0.850152015686035 0.870730996131897 0.86496502161026 0.872569024562836 0.878557026386261 0.870392024517059 -9999 -9999 -9999
0.757821977138519 0.742747008800507 0.749830007553101 0.71576601266861 0.691039025783539 0.744283974170685 0.750954985618591 0.788224995136261 0.777032971382141 0.747977018356323 0.781742990016937 0.721886992454529 0.716720998287201 0.665584027767181 0.695962011814117 0.713850975036621 0.731090009212494 0.774411976337433 0.78396201133728 0.79246199131012 0.816268980503082 0.803659975528717 0.771279990673065 0.814933001995087 0.782338976860046 0.826020002365112 0.8281369805336 0.831286013126373 0.829192996025085 0.842353999614716 0.840243995189667 0.829912006855011 0.818796992301941 0.813365995883942 0.764361023902893 0.765752017498016 0.755150973796844 0.763518989086151 0.77147102355957 0.796163022518158 0.820675015449524 0.833548009395599 0.850404024124146 0.840122997760773 0.855382978916168 0.870437979698181 0.867229998111725 0.860367000102997 0.878473997116089 0.860476016998291 -9999 -9999
0.767536997795105 0.701590001583099 0.685023009777069 0.727589011192322 0.723299980163574 0.723213970661163 0.750886023044586 0.771628022193909 0.772520005702972 0.710069000720978 0.745256006717682 0.737694978713989 0.722195029258728 0.640905022621155 0.703046977519989 0.718917012214661 0.732044994831085 0.775412023067474 0.765740990638733 0.743622004985809 0.783865988254547 0.786095023155212 0.774082005023956 0.812747001647949 0.792241990566254 0.809234976768494 0.8125039935112 0.837225019931793 0.851027011871338 0.84866601228714 0.853338003158569 0.842503011226654 0.841394007205963 0.818785011768341 0.809476017951965 0.796671986579895 0.764011025428772 0.768082976341248 0.775125980377197 0.783784985542297 0.804324984550476 0.810892999172211 0.820694029331207 0.836070001125336 0.853461980819702 0.855481028556824 0.862567007541656 0.842530012130737 0.848462998867035 0.835139989852905 0.85112202167511 0.848107993602753
0.701752007007599 0.651010990142822 0.671276986598969 0.718577980995178 0.714892029762268 0.706287026405334 0.695029973983765 0.763200998306274 0.755271017551422 0.728959977626801 0.668573021888733 0.729261994361877 0.634342014789581 0.639944016933441 0.684571981430054 0.740589022636414 0.747084021568298 0.734546005725861 0.784532010555267 0.721379995346069 0.793124973773956 0.779235005378723 0.791347980499268 0.779958009719849 0.795886993408203 0.814180016517639 0.828864991664886 0.840524971485138 0.834469020366669 0.832584977149963 0.844878971576691 0.825816988945007 0.831106007099152 0.82633101940155 0.805514991283417 0.808596014976501 0.81209397315979 0.724444985389709 0.764836013317108 0.774596989154816 0.778325974941254 0.787005007266998 0.800723016262054 0.818755984306335 0.830075979232788 0.829010009765625 0.843136012554169 0.847043991088867 0.824129998683929 0.796499013900757 0.79188197851181 0.806363999843597
0.69412100315094 0.676828980445862 0.67382401227951 0.708627998828888 0.683153986930847 0.67511397600174 0.69480699300766 0.709074020385742 0.749473989009857 0.637202024459839 0.737574994564056 0.773815989494324 0.706719994544983 0.610751986503601 0.674692988395691 0.685900986194611 0.755712985992432 0.778119027614594 0.716566026210785 0.730732977390289 0.741850972175598 0.741128027439117 0.640187978744507 0.739127993583679 0.756511986255646 0.712203979492188 0.764693975448608 0.782630026340485 0.832701981067657 0.84042900800705 0.832931995391846 0.834731996059418 0.818413972854614 0.801779985427856 0.80833101272583 0.815787017345428 0.802046000957489 0.781466007232666 0.774074018001556 0.769524991512299 0.793227970600128 0.786926984786987 0.782339990139008 0.785888016223907 0.803744971752167 0.819411993026733 0.834625005722046 0.837666988372803 0.817811012268066 0.803005993366241 0.75967001914978 0.778899013996124
0.704384028911591 0.665723979473114 0.666110992431641 0.691132009029388 0.657065987586975 0.620486974716187 0.717392027378082 0.679377019405365 0.658469974994659 0.659220993518829 0.571559011936188 0.459286004304886 0.297791004180908 0.451130002737045 0.545948028564453 0.721786975860596 0.717100977897644 0.657003998756409 0.72427099943161 0.730655014514923 0.56863397359848 0.6927729845047 0.590789020061493 0.718849003314972 0.687425017356873 0.654498994350433 0.76527202129364 0.76665997505188 0.735325992107391 0.739419996738434 0.788505971431732 0.796114981174469 0.828092992305756 0.809458017349243 0.805990993976593 0.805074989795685 0.81692498922348 0.799009025096893 0.772220015525818 0.789430022239685 0.780018985271454 0.773099005222321 0.759208977222443 0.72112101316452 0.713674008846283 0.777164995670319 0.750903010368347 0.810164988040924 0.770762026309967 0.766004025936127 0.786828994750977 0.821214973926544
0.565832018852234 0.691518008708954 0.700471997261047 0.588513016700745 0.622111022472382 0.700644016265869 0.711881995201111 0.631271004676819 0.676406025886536 0.518797993659973 0.322535008192062 0.101389996707439 0.331164002418518 0.237284004688263 0.627044022083282 0.694362998008728 0.432826012372971 0.739974021911621 0.387562990188599 0.464107006788254 0.749000012874603 0.695061981678009 0.544897973537445 0.663046002388 0.696735024452209 0.712332010269165 0.72733199596405 0.755539000034332 0.734466016292572 0.638218998908997 0.687318980693817 0.676569998264313 0.725422978401184 0.790758013725281 0.804585993289948 0.78828501701355 0.778710007667542 0.809165000915527 0.824958026409149 0.803466022014618 0.793092012405396 0.790248990058899 0.801123023033142 0.789222002029419 0.819158017635345 0.820949018001556 0.824957013130188 0.811105012893677 0.705443024635315 0.767957985401154 0.782576024532318 0.832776010036469
0.579460978507996 0.361221998929977 0.391952991485596 0.416207998991013 0.597546994686127 0.704335987567902 0.636961996555328 0.558377981185913 0.396894007921219 0.605071008205414 0.0544098988175392 0.283228993415833 0.477064996957779 0.646390974521637 0.332933008670807 0.5346440076828 0.67764800786972 0.720632016658783 0.610176026821136 0.44990399479866 0.701020002365112 0.512852013111115 0.444299012422562 0.651606976985931 0.679645001888275 0.688493013381958 0.683173000812531 0.70932400226593 0.7117800116539 0.727126002311707 0.661967992782593 0.655272006988525 0.585030019283295 0.615626990795135 0.531885027885437 0.559002995491028 0.599152982234955 0.626221001148224 0.691645979881287 0.76467901468277 0.717253983020782 0.735920011997223 0.715117990970612 0.697301983833313 0.649755001068115 0.662488996982574 0.772585988044739 0.805450975894928 0.795953989028931 0.767050981521606 0.81087601184845 0.832644999027252
0.616732001304626 0.538371026515961 0.530158996582031 0.449400007724762 0.433539003133774 0.659426987171173 0.642464995384216 0.462341010570526 0.31147900223732 0.361818999052048 0.014117700047791 0.294102996587753 0.611702024936676 0.529338002204895 0.601824998855591 0.640348970890045 0.708504974842072 0.727546989917755 0.656027019023895 0.31877401471138 0.602756023406982 0.27572900056839 0.623471975326538 0.620966017246246 0.656693994998932 0.635268986225128 0.667786002159119 0.675863981246948 0.70794802904129 0.736909985542297 0.723977029323578 0.742393970489502 0.69396698474884 0.590802013874054 0.509639978408813 0.486043989658356 0.586272001266479 0.650189995765686 0.614036977291107 0.50670599937439 0.730641007423401 0.736540973186493 0.740396022796631 0.72155499458313 0.730114996433258 0.720357000827789 0.663959980010986 0.732420980930328 0.684401988983154 0.73013699054718 0.824281990528107 0.856868982315063
0.637531995773315 0.542895019054413 0.524824023246765 0.2985799908638 0.390150010585785 0.371823012828827 0.291721999645233 0.486479997634888 0.683413028717041 0.0710206031799316 0.107426002621651 0.563885986804962 0.237895995378494 0.614471018314362 0.604970991611481 0.559580028057098 0.444175988435745 0.558578014373779 0.698763012886047 0.431423008441925 0.650550007820129 0.0995201021432877 0.584728002548218 0.584089994430542 0.542204022407532 0.606535971164703 0.582113027572632 0.660989999771118 0.696797013282776 0.748591005802155 0.754284024238586 0.764762997627258 0.740369975566864 0.741524994373322 0.739784002304077 0.712366998195648 0.750126004219055 0.745853006839752 0.751371026039124 0.722792983055115 0.69939398765564 0.685898005962372 0.671468019485474 0.703337013721466 0.721000015735626 0.765419006347656 0.775022983551025 0.75280898809433 0.684777975082397 0.761187970638275 0.784898996353149 0.80952000617981
0.425062000751495 0.258643001317978 0.279581010341644 0.360074013471603 0.344951003789902 0.573230981826782 0.608587026596069 0.502779006958008 0.200563997030258 0.414057999849319 0.182030007243156 0.576345980167389 0.500474989414215 0.572254002094269 0.379595994949341 0.444528996944427 0.441920012235641 0.145098999142647 0.100396998226643 0.552967011928558 0.240162000060081 0.389380991458893 0.542630970478058 0.601939022541046 0.584909021854401 0.571904003620148 0.600335001945496 0.675734996795654 0.669731974601746 0.708374977111816 0.750153005123138 0.773433029651642 0.756510019302368 0.776540994644165 0.765269994735718 0.765352010726929 0.77105700969696 0.744825005531311 0.7379230260849 0.733031988143921 0.709577023983002 0.69215202331543 0.66914701461792 0.683296978473663 0.709824025630951 0.736931025981903 0.752542018890381 0.744832992553711 0.74533599615097 0.770958006381989 0.801816999912262 0.675830006599426
0.485199004411697 0.727371990680695 0.732143998146057 0.646349012851715 0.668148994445801 0.647686004638672 0.621285974979401 0.23938000202179 0.185238003730774 0.232381999492645 0.331018000841141 0.564904987812042 0.292524993419647 0.562264978885651 0.426414996385574 0.5331010222435 0.357719987630844 0.0375381000339985 0.117131002247334 0.427437990903854 0.515992999076843 0.23191300034523 0.49787899851799 0.57845801115036 0.587750971317291 0.570339977741241 0.6233189702034 0.54890900850296 0.632296979427338 0.712108016014099 0.700814008712769 0.70202898979187 0.699384987354279 0.738937973976135 0.762326002120972 0.78006899356842 0.784524977207184 0.758944988250732 0.722320020198822 0.712623000144958 0.699501991271973 0.691100001335144 0.689283013343811 0.704412996768951 0.683534979820251 0.703967988491058 0.691365003585815 0.651942014694214 0.741186022758484 0.727369010448456 0.574199020862579 0.529170989990234
