Molossus_verillii.asc
ncols  804
nrows  378
xllcorner  -74.6418056
yllcorner  17.2248604
cellsize 0.00833333370646766
NODATA_value  -9999
[rows 161 to 183 of 378, columns 468 to 519 of 804]
0.358983010053635 0.350919991731644 0.279026001691818 0.293460994958878 0.367244005203247 0.487682014703751 0.56793600320816 0.596881985664368 0.550925016403198 0.547295987606049 0.566018998622894 0.595667004585266 0.604258000850677 0.558656990528107 0.572196006774902 0.572192013263702 0.509434998035431 0.440573990345001 0.395776003599167 0.366376012563705 0.42849799990654 0.464464008808136 0.465020000934601 0.436881989240646 0.468317002058029 0.536539018154144 0.625984013080597 0.743892014026642 0.686897993087769 0.636259019374847 0.539735972881317 0.553306996822357 0.622309029102325 0.584833025932312 0.580642998218536 0.572710990905762 0.489152997732162 0.445650994777679 0.428485989570618 0.420159012079239 0.442716985940933 0.521246016025543 0.512998998165131 0.488719999790192 0.493182986974716 0.642533004283905 0.704777002334595 0.656049013137817 0.577319025993347 0.534103989601135 0.515908002853394 0.482093989849091
0.373573005199432 0.344895005226135 0.337949991226196 0.320044010877609 0.485089987516403 0.513921976089478 0.555692970752716 0.523934006690979 0.572287976741791 0.596540987491608 0.568745017051697 0.578321993350983 0.564719021320343 0.56708699464798 0.582488000392914 0.563713014125824 0.511815011501312 0.446574002504349 0.418633013963699 0.402334004640579 0.414642989635468 0.45864400267601 0.444831013679504 0.45813399553299 0.456290990114212 0.504261016845703 0.611820995807648 0.698325991630554 0.691573023796082 0.69481498003006 0.617528975009918 0.534539997577667 0.573283016681671 0.611958026885986 0.616306006908417 0.582395970821381 0.500261008739471 0.454088002443314 0.437608987092972 0.448307991027832 0.455918997526169 0.473277986049652 0.475297003984451 0.448933988809586 0.439897000789642 0.554493010044098 0.655642986297607 0.64028000831604 0.673044979572296 0.59724098443985 0.534925997257233 0.503086984157562
0.375997006893158 0.393106997013092 0.385722994804382 0.444925010204315 0.524519979953766 0.539963006973267 0.479759007692337 0.563741981983185 0.584345996379852 0.575188994407654 0.597976982593536 0.587696015834808 0.571134984493256 0.59264999628067 0.581467986106873 0.543138980865479 0.554179012775421 0.480765014886856 0.421056002378464 0.40473198890686 0.39682799577713 0.443544000387192 0.443203002214432 0.453258007764816 0.498973995447159 0.531259000301361 0.650044023990631 0.70949798822403 0.691102981567383 0.666993021965027 0.66600501537323 0.624339997768402 0.599334001541138 0.559054017066956 0.542604029178619 0.567249000072479 0.512436985969543 0.463692992925644 0.456223011016846 0.466358989477158 0.491203993558884 0.479813992977142 0.465696007013321 0.44336000084877 0.459652990102768 0.484589993953705 0.681774973869324 0.654465019702911 0.725441992282867 0.625005006790161 0.6300950050354 0.542446970939636
0.442824006080627 0.470236003398895 0.503441989421844 0.534093976020813 0.525372982025146 0.480675995349884 0.544327020645142 0.477800995111465 0.560750007629395 0.552415013313293 0.578225016593933 0.578685998916626 0.582467973232269 0.586033999919891 0.562707006931305 0.544243991374969 0.51606297492981 0.449878007173538 0.417515993118286 0.393281996250153 0.402781993150711 0.393077999353409 0.419124990701675 0.417340993881226 0.481777995824814 0.509748995304108 0.650294005870819 0.689961016178131 0.577328026294708 0.652630984783173 0.671342015266418 0.720893025398254 0.631102979183197 0.510711014270782 0.548695981502533 0.58032101392746 0.512058019638062 0.465483993291855 0.4809789955616 0.506482005119324 0.516439020633698 0.510245978832245 0.482775002717972 0.449797004461288 0.50077497959137 0.51418399810791 0.538209021091461 0.68513298034668 0.712082982063293 0.617200016975403 0.65257602930069 0.625159025192261
0.49745699763298 0.524178981781006 0.507089972496033 0.513661026954651 0.555267989635468 0.54312801361084 0.518966019153595 0.541719973087311 0.508635997772217 0.584031999111176 0.583895027637482 0.558586001396179 0.547087013721466 0.556689023971558 0.550952017307281 0.511334002017975 0.505806028842926 0.469897001981735 0.417030990123749 0.428084999322891 0.409694999456406 0.406706988811493 0.39979100227356 0.539592027664185 0.568309009075165 0.689840018749237 0.577359020709991 0.589528977870941 0.685344994068146 0.544035017490387 0.655873000621796 0.706368029117584 0.626064002513885 0.608473002910614 0.63374799489975 0.601204991340637 0.510082006454468 0.459573000669479 0.477468013763428 0.548434972763062 0.592880010604858 0.548291027545929 0.502963006496429 0.543338000774384 0.56073397397995 0.550818979740143 0.56521600484848 0.558562994003296 0.574262022972107 0.592485010623932 0.604824006557465 0.592737972736359
0.530744016170502 0.5157870054245 0.530770003795624 0.52460902929306 0.534296989440918 0.527188003063202 0.530152022838593 0.494785994291306 0.538061022758484 0.545819997787476 0.53556102514267 0.519558012485504 0.53743702173233 0.519876003265381 0.47681400179863 0.498562008142471 0.45770400762558 0.466114014387131 0.481003999710083 0.458306014537811 0.427076011896133 0.457893013954163 0.541033983230591 0.560741007328033 0.645417988300323 0.540678977966309 0.541508972644806 0.598303020000458 0.567548990249634 0.695746004581451 0.740113019943237 0.710425019264221 0.624781012535095 0.556298017501831 0.512520015239716 0.549239993095398 0.521108984947205 0.466765999794006 0.451802998781204 0.592292010784149 0.634895980358124 0.570451021194458 0.510830998420715 0.559274971485138 0.580675005912781 0.59325498342514 0.597437977790833 0.622839987277985 0.509479999542236 0.528919994831085 0.502783000469208 0.607876002788544
0.500367999076843 0.563557028770447 0.473774999380112 0.435350000858307 0.464632004499435 0.554374992847443 0.516957998275757 0.497595012187958 0.535610020160675 0.539690971374512 0.533924996852875 0.540938019752502 0.519841015338898 0.476806998252869 0.453379988670349 0.408702999353409 0.485415995121002 0.505294024944305 0.483054012060165 0.465759009122849 0.462752014398575 0.48903900384903 0.562004029750824 0.63145899772644 0.561342000961304 0.552290022373199 0.588105976581573 0.635613977909088 0.643864989280701 0.658643007278442 0.556757986545563 0.491966992616653 0.606625020503998 0.608245015144348 0.623027980327606 0.63801097869873 0.556248009204865 0.489598006010056 0.505972027778625 0.573880016803741 0.605378985404968 0.625621974468231 0.548022985458374 0.54188597202301 0.547402024269104 0.577732980251312 0.623718023300171 0.655553996562958 0.586941003799438 0.476590991020203 0.509461998939514 0.639406025409698
0.521416008472443 0.488393992185593 0.498746991157532 0.522494971752167 0.444384008646011 0.492612987756729 0.45601698756218 0.521081984043121 0.538940012454987 0.545139014720917 0.495362013578415 0.470001995563507 0.46916401386261 0.457179009914398 0.387234002351761 0.446312993764877 0.438084006309509 0.447281002998352 0.465674996376038 0.442849010229111 0.458626002073288 0.540262997150421 0.627520024776459 0.631844997406006 0.609040021896362 0.678894996643066 0.651050984859467 0.666342973709106 0.61327201128006 0.593953013420105 0.560702979564667 0.658746004104614 0.637400984764099 0.683125972747803 0.576837003231049 0.584869027137756 0.592545986175537 0.531421005725861 0.518256008625031 0.553659975528717 0.629400014877319 0.607605993747711 0.600153028964996 0.498760014772415 0.528645992279053 0.546760976314545 0.596646010875702 0.653544008731842 0.600794970989227 0.553022980690002 0.553224980831146 0.601348996162415
0.542309999465942 0.534991025924683 0.45354101061821 0.503071010112762 0.473753988742828 0.402577996253967 0.454760998487473 0.495958000421524 0.503696024417877 0.488855004310608 0.471848994493484 0.440815001726151 0.424582004547119 0.422937989234924 0.40056899189949 0.414458006620407 0.408913999795914 0.400294005870819 0.399286985397339 0.426052004098892 0.425278007984161 0.468300014734268 0.545529007911682 0.556883990764618 0.562363982200623 0.579464018344879 0.640742003917694 0.581232011318207 0.69174599647522 0.566326022148132 0.571564018726349 0.446438997983932 0.650098979473114 0.607443988323212 0.598412990570068 0.604770004749298 0.631928026676178 0.576718986034393 0.536457002162933 0.530241012573242 0.553153991699219 0.566639006137848 0.557065010070801 0.523209989070892 0.521597981452942 0.551953017711639 0.566967010498047 0.604846000671387 0.61651599407196 0.531414985656738 0.542766988277435 0.622596979141235
0.479593992233276 0.475185990333557 0.491840004920959 0.509956002235413 0.490204006433487 0.376385003328323 0.398840010166168 0.391245990991592 0.454443007707596 0.41457399725914 0.428927004337311 0.378414988517761 0.413839995861053 0.361386001110077 0.340395987033844 0.334630012512207 0.422275006771088 0.404251009225845 0.376038998365402 0.344471991062164 0.372476994991302 0.458368003368378 0.520151972770691 0.592782974243164 0.560276985168457 0.582585990428925 0.587004005908966 0.585366010665894 0.592521011829376 0.536119997501373 0.58550101518631 0.62489902973175 0.565050005912781 0.602483987808228 0.56612902879715 0.62405800819397 0.651892006397247 0.598231971263885 0.563574016094208 0.536243975162506 0.514913976192474 0.536293983459473 0.544400990009308 0.639124989509583 0.567839026451111 0.587035000324249 0.561689972877502 0.564140021800995 0.589623987674713 0.569997012615204 0.529865026473999 0.55119401216507
0.430123001337051 0.4949109852314 0.479523986577988 0.489354997873306 0.486254006624222 0.422239989042282 0.30518901348114 0.370655000209808 0.391633987426758 0.391934007406235 0.342436999082565 0.352214992046356 0.339980006217957 0.333456009626389 0.360796988010406 0.344462990760803 0.399221003055573 0.380219012498856 0.342546999454498 0.341394990682602 0.435968995094299 0.597401022911072 0.626617014408112 0.604897975921631 0.633152008056641 0.71884697675705 0.659471988677979 0.510814011096954 0.547461986541748 0.636370003223419 0.619962990283966 0.642130970954895 0.512091994285583 0.577328026294708 0.621767997741699 0.64446097612381 0.641807019710541 0.604178011417389 0.571875989437103 0.548341989517212 0.525099992752075 0.527098000049591 0.6178879737854 0.629864990711212 0.648944020271301 0.591296017169952 0.54434597492218 0.532714009284973 0.550890982151031 0.546850979328156 0.568897008895874 0.575927972793579
0.400173008441925 0.418177992105484 0.431095004081726 0.447210013866425 0.453498005867004 0.454688996076584 0.377164989709854 0.291363000869751 0.314677000045776 0.322167009115219 0.361450999975204 0.347234010696411 0.362484008073807 0.353385001420975 0.351741999387741 0.360179007053375 0.339343011379242 0.340218991041183 0.330442994832993 0.408473998308182 0.535857021808624 0.589733004570007 0.597146987915039 0.632718980312347 0.610565006732941 0.558812975883484 0.600593984127045 0.654910981655121 0.655529975891113 0.678182005882263 0.63298898935318 0.579358994960785 0.636242985725403 0.646983027458191 0.621372997760773 0.656049013137817 0.632974982261658 0.595775008201599 0.579819977283478 0.564410984516144 0.544079005718231 0.531011998653412 0.569778025150299 0.618211984634399 0.65635097026825 0.542719006538391 0.492347002029419 0.526598989963531 0.607832014560699 0.633257985115051 0.557856023311615 0.609081983566284
0.292575001716614 0.306576997041702 0.443897008895874 0.436361014842987 0.416877001523972 0.457938998937607 0.414802998304367 0.36863699555397 0.343115985393524 0.343558996915817 0.302769988775253 0.299291014671326 0.31615799665451 0.281684994697571 0.316401988267899 0.406010001897812 0.391364008188248 0.428371995687485 0.435344994068146 0.575929999351501 0.566029012203217 0.536288976669312 0.580615997314453 0.669745028018951 0.669130980968475 0.702423989772797 0.712906002998352 0.624974012374878 0.56768798828125 0.626237988471985 0.68816202878952 0.669351994991302 0.64879697561264 0.54120397567749 0.566200971603394 0.65055900812149 0.627426981925964 0.595530986785889 0.576629996299744 0.572099983692169 0.547173976898193 0.523258984088898 0.522279024124146 0.562765002250671 0.552936971187592 0.528979003429413 0.4565150141716 0.572282016277313 0.636613011360168 0.681672990322113 0.619426012039185 0.576741993427277
0.270218998193741 0.285564988851547 0.395027995109558 0.367008000612259 0.359136998653412 0.421620011329651 0.424219995737076 0.390134006738663 0.354438006877899 0.360908985137939 0.330711990594864 0.323036998510361 0.331548005342484 0.294090002775192 0.318408012390137 0.39367800951004 0.381229996681213 0.452933996915817 0.48844501376152 0.617183029651642 0.590224981307983 0.545949995517731 0.586076974868774 0.674642026424408 0.674152970314026 0.690264999866486 0.700263023376465 0.616060972213745 0.567875027656555 0.632777988910675 0.695617020130157 0.671814024448395 0.634374022483826 0.530443012714386 0.56107097864151 0.632147014141083 0.611652016639709 0.586988985538483 0.577251017093658 0.565292000770569 0.542073011398315 0.515510976314545 0.49728199839592 0.499704986810684 0.481267005205154 0.500882029533386 0.467429995536804 0.591745018959045 0.642197012901306 0.712683975696564 0.682866990566254 0.655667006969452
0.28727000951767 0.24872499704361 0.257391005754471 0.26537099480629 0.348435014486313 0.32907098531723 0.344372987747192 0.359367996454239 0.337246000766754 0.351868003606796 0.372592002153397 0.443345010280609 0.444198995828629 0.419777005910873 0.300145000219345 0.293700993061066 0.34409299492836 0.42672199010849 0.555262982845306 0.604327023029327 0.542349994182587 0.613587021827698 0.64002400636673 0.688636004924774 0.65590101480484 0.682461977005005 0.584008991718292 0.680042028427124 0.679323017597198 0.566182017326355 0.553520977497101 0.648302972316742 0.666230022907257 0.534757018089294 0.58977997303009 0.630276024341583 0.598361015319824 0.581803023815155 0.573837995529175 0.562358021736145 0.536058008670807 0.508413970470428 0.485347986221313 0.474505990743637 0.477097004652023 0.41423499584198 0.500198006629944 0.524753987789154 0.676898002624512 0.683049023151398 0.761813998222351 0.724840998649597
0.246187001466751 0.264827013015747 0.275655001401901 0.260358989238739 0.27376401424408 0.301463007926941 0.329757004976273 0.345927000045776 0.372238010168076 0.415758013725281 0.451862990856171 0.446619004011154 0.41415399312973 0.431618988513947 0.487419009208679 0.29849699139595 0.370714992284775 0.43741300702095 0.528711020946503 0.488770008087158 0.519380986690521 0.470286995172501 0.446346014738083 0.434049010276794 0.488097012042999 0.474584996700287 0.487650990486145 0.509379982948303 0.5207160115242 0.658445000648499 0.673703014850616 0.60132098197937 0.547949016094208 0.536854028701782 0.613687992095947 0.609229028224945 0.592593014240265 0.57973301410675 0.565240979194641 0.557030975818634 0.539251983165741 0.51655101776123 0.486952990293503 0.467426002025604 0.458359986543655 0.453332990407944 0.384043008089066 0.573889017105103 0.667321979999542 0.736231029033661 0.815724015235901 0.750521004199982
0.309706002473831 0.307372003793716 0.30622598528862 0.293563008308411 0.28600800037384 0.300592988729477 0.322551995515823 0.352651000022888 0.371697008609772 0.465442001819611 0.464570999145508 0.50067400932312 0.469756990671158 0.394515007734299 0.504764974117279 0.4096460044384 0.277595996856689 0.312099993228912 0.413495004177094 0.444294989109039 0.435671985149384 0.354544013738632 0.393478989601135 0.324954003095627 0.371639996767044 0.359084010124207 0.516378998756409 0.361997008323669 0.454436004161835 0.589011013507843 0.532504022121429 0.643640995025635 0.598688006401062 0.56531697511673 0.599030017852783 0.601725995540619 0.568947017192841 0.562502980232239 0.557403981685638 0.551750004291534 0.567238986492157 0.540619015693665 0.511357009410858 0.476518988609314 0.46094799041748 0.454919010400772 0.441989988088608 0.418026000261307 0.705631017684937 0.766873002052307 0.748017013072968 0.734476983547211
0.294009000062943 0.301901012659073 0.301577001810074 0.300116986036301 0.285970002412796 0.254404008388519 0.269201010465622 0.347005993127823 0.520007014274597 0.562300980091095 0.56700199842453 0.40319100022316 0.432529002428055 0.546202003955841 0.479726999998093 0.486184000968933 0.54271799325943 0.560895979404449 0.468522012233734 0.575573980808258 0.505318999290466 0.518060028553009 0.530866026878357 0.534591019153595 0.56342601776123 0.508446991443634 0.552317976951599 0.442364990711212 0.502174973487854 0.413594990968704 0.64241898059845 0.504844009876251 0.52470201253891 0.643546998500824 0.619455993175507 0.566991984844208 0.537218987941742 0.533933997154236 0.542653977870941 0.593411982059479 0.594565987586975 0.588041007518768 0.536769986152649 0.492841005325317 0.465824991464615 0.455558985471725 0.470663011074066 0.510073006153107 0.525390028953552 0.69871199131012 0.601314008235931 0.566227972507477
0.301627993583679 0.265985995531082 0.265228003263474 0.264966011047363 0.237293004989624 0.224335998296738 0.303997009992599 0.378356993198395 0.476197004318237 0.515064001083374 0.457322001457214 0.521974980831146 0.388682007789612 0.30595999956131 0.347218006849289 0.36328399181366 0.410596996545792 0.400981992483139 0.509769976139069 0.585650026798248 0.506703019142151 0.485605001449585 0.402498990297318 0.433878988027573 0.444119989871979 0.483729988336563 0.52325701713562 0.532630980014801 0.522823989391327 0.604664027690887 0.579840004444122 0.513539016246796 0.590300977230072 0.595467984676361 0.597405016422272 0.55511200428009 0.530058979988098 0.533057987689972 0.565577983856201 0.631906986236572 0.701942026615143 0.638899028301239 0.559736013412476 0.51385498046875 0.473401010036469 0.458754986524582 0.477894008159637 0.540449976921082 0.644255995750427 0.541584014892578 0.565099000930786 0.535010993480682
0.328940004110336 0.310050010681152 0.254215002059937 0.282193005084991 0.271641999483109 0.267915010452271 0.313044011592865 0.405270993709564 0.391889989376068 0.452033013105392 0.445298999547958 0.442378014326096 0.308887988328934 0.41159600019455 0.375310987234116 0.373878002166748 0.495472997426987 0.495995998382568 0.438223004341125 0.437936991453171 0.515348970890045 0.396726012229919 0.452087998390198 0.572463989257813 0.605594992637634 0.662917017936707 0.634127974510193 0.660148024559021 0.61488002538681 0.558026015758514 0.37644699215889 0.597853004932404 0.573589026927948 0.516345977783203 0.540211021900177 0.53423798084259 0.510169982910156 0.533832013607025 0.629476010799408 0.679790019989014 0.674566984176636 0.675867021083832 0.628530025482178 0.53233402967453 0.486048012971878 0.474840998649597 0.481705009937286 0.510281026363373 0.594980001449585 0.545038998126984 0.519487977027893 0.470721006393433
0.216023996472359 0.283491998910904 0.296200007200241 0.293000996112823 0.300976008176804 0.246767997741699 0.238806992769241 0.339230000972748 0.38978099822998 0.362661004066467 0.372330009937286 0.346096009016037 0.342958003282547 0.31444901227951 0.435862988233566 0.330899000167847 0.356388002634048 0.379274010658264 0.484391003847122 0.499390006065369 0.412631005048752 0.355509012937546 0.58720201253891 0.564059972763062 0.562175989151001 0.548896014690399 0.609650015830994 0.651180982589722 0.54321300983429 0.454347014427185 0.470326989889145 0.416900992393494 0.541274011135101 0.591672003269196 0.561401009559631 0.487684011459351 0.521393001079559 0.570277988910675 0.694629013538361 0.740366995334625 0.724054992198944 0.638202011585236 0.581471979618073 0.559130012989044 0.507462978363037 0.49336901307106 0.497215002775192 0.536675989627838 0.543096005916595 0.537872016429901 0.468234986066818 0.466877996921539
0.232300996780396 0.267179012298584 0.224138006567955 0.211348995566368 0.25559601187706 0.227038994431496 0.276221990585327 0.244100004434586 0.308178007602692 0.364674001932144 0.371520012617111 0.332004010677338 0.317452996969223 0.372128993272781 0.519618988037109 0.433270007371902 0.485482007265091 0.49974599480629 0.358328014612198 0.379054993391037 0.351433992385864 0.481911987066269 0.496899008750916 0.55256599187851 0.658927023410797 0.495007991790771 0.568563997745514 0.609349012374878 0.540337979793549 0.448935002088547 0.453090012073517 0.439489990472794 0.571425974369049 0.616401970386505 0.510142982006073 0.518266975879669 0.666758000850677 0.696354985237122 0.689414978027344 0.695167005062103 0.662138998508453 0.68927800655365 0.63433700799942 0.598181009292603 0.533695995807648 0.511668980121613 0.517988979816437 0.536652982234955 0.527566015720367 0.503844022750854 0.463238000869751 0.438347011804581
0.291848003864288 0.238852992653847 0.247692003846169 0.261664986610413 0.24855400621891 0.269228011369705 0.223066002130508 0.263778001070023 0.262589007616043 0.28040999174118 0.29839900135994 0.302266985177994 0.369269996881485 0.438795000314713 0.46288600564003 0.445425003767014 0.414045006036758 0.410057991743088 0.403288990259171 0.379498988389969 0.333981990814209 0.615081012248993 0.513001024723053 0.485376000404358 0.522131979465485 0.608920991420746 0.530264019966125 0.585600018501282 0.5295529961586 0.465209007263184 0.493842005729675 0.470503985881805 0.48156800866127 0.625380992889404 0.519764006137848 0.557428002357483 0.636573016643524 0.735073983669281 0.690110981464386 0.715431988239288 0.698144018650055 0.655719995498657 0.645195007324219 0.613743007183075 0.571192026138306 0.54637998342514 0.549955010414124 0.532612025737762 0.546118021011353 0.477052986621857 0.483458995819092 0.44395700097084
