Molossus_verillii.asc
ncols  804
nrows  378
xllcorner  -74.6418056
yllcorner  17.2248604
cellsize 0.00833333370646766
NODATA_value  -9999
[rows 138 to 160 of 378, columns 208 to 259 of 804]
-9999 -9999 -9999 -9999 -9999 -9999 -9999 -9999 -9999 -9999 -9999 -9999 0.533883988857269 0.534371018409729 0.540889024734497 0.529541015625 0.534901976585388 0.534350991249084 0.543287992477417 0.538523018360138 0.538887977600098 0.538502991199493 0.542568981647491 0.543260991573334 0.543088018894196 0.540504992008209 0.539739012718201 0.543941020965576 0.55077999830246 0.554036021232605 0.551250994205475 0.550689995288849 0.556149005889893 0.551562011241913 0.549408972263336 0.549214005470276 0.546745002269745 0.534618973731995 0.52689802646637 0.518375992774963 0.508714973926544 0.499927997589111 0.490996986627579 0.483538001775742 0.474622994661331 0.464785009622574 0.44184198975563 0.442694008350372 0.426234006881714 0.444532990455627 0.384963005781174 0.440333992242813
-9999 -9999 -9999 -9999 -9999 -9999 -9999 -9999 -9999 -9999 -9999 -9999 0.52989399433136 0.536624014377594 0.529375016689301 0.536499977111816 0.536691009998322 0.543108999729156 0.538249015808105 0.538160026073456 0.538186013698578 0.547015011310577 0.541440010070801 0.54382598400116 0.543151021003723 0.54169899225235 0.539992988109589 0.543327987194061 0.549095988273621 0.550296008586884 0.54849100112915 0.549624025821686 0.55000102519989 0.55492901802063 0.556903004646301 0.558605015277863 0.556486010551453 0.550409972667694 0.539565980434418 0.52529102563858 0.51433801651001 0.506751000881195 0.498650997877121 0.489704012870789 0.483352988958359 0.474079996347427 0.467184990644455 0.461398005485535 0.448163986206055 0.464958012104034 0.443477988243103 0.415116012096405
-9999 -9999 -9999 -9999 -9999 -9999 -9999 -9999 -9999 -9999 -9999 -9999 -9999 0.524673998355865 0.524975001811981 0.524161994457245 0.529833972454071 0.542797982692719 0.554248988628387 0.554648995399475 0.550737977027893 0.548798978328705 0.547650992870331 0.549685001373291 0.55069100856781 0.55000102519989 0.547720015048981 0.549916982650757 0.555236995220184 0.548168003559113 0.545302987098694 0.545533001422882 0.556999981403351 0.561020970344543 0.564902007579803 0.56676197052002 0.564194977283478 0.55690997838974 0.547981977462769 0.536240994930267 0.527795970439911 0.51960700750351 0.505995988845825 0.504276990890503 0.490969985723495 0.483168005943298 0.47834500670433 0.475232988595963 0.469549000263214 0.46340599656105 0.453633993864059 0.450329005718231
-9999 -9999 -9999 -9999 -9999 -9999 -9999 -9999 -9999 -9999 -9999 -9999 -9999 -9999 0.508971989154816 0.505266010761261 0.518826007843018 0.545427024364471 0.564019978046417 0.568486988544464 0.561398983001709 0.563971996307373 0.55857902765274 0.553381979465485 0.552658021450043 0.55130398273468 0.550890028476715 0.551930010318756 0.553174018859863 0.546678006649017 0.551594972610474 0.55204302072525 0.558284997940063 0.567300975322723 0.569796025753021 0.572825014591217 0.569058001041412 0.560225009918213 0.551653027534485 0.542254984378815 0.532351016998291 0.525267004966736 0.518353998661041 0.51195102930069 0.504126012325287 0.490256011486053 0.481328994035721 0.477317005395889 0.470762014389038 0.458759009838104 0.463476002216339 0.43809700012207
-9999 -9999 -9999 -9999 -9999 -9999 -9999 -9999 -9999 -9999 -9999 -9999 -9999 -9999 -9999 0.479546010494232 0.48785600066185 0.543190002441406 0.584645986557007 0.594938993453979 0.590499997138977 0.589011013507843 0.581947028636932 0.574293971061707 0.567071974277496 0.559704005718231 0.556896984577179 0.557444989681244 0.555684983730316 0.554188013076782 0.552972018718719 0.554175019264221 0.561667025089264 0.571713984012604 0.577463984489441 0.57736200094223 0.572737991809845 0.563932001590729 0.553528010845184 0.545935988426208 0.537261009216309 0.527630984783173 0.522185027599335 0.516511023044586 0.508575022220612 0.493983000516891 0.485790014266968 0.475917011499405 0.46840500831604 0.464114010334015 0.441280007362366 0.426829993724823
-9999 -9999 -9999 -9999 -9999 -9999 -9999 -9999 -9999 -9999 -9999 -9999 -9999 -9999 -9999 0.469552993774414 0.459903001785278 0.497391998767853 0.578301012516022 0.615104973316193 0.638177990913391 0.628050029277802 0.61770498752594 0.604514002799988 0.589269995689392 0.582503020763397 0.574102997779846 0.56973797082901 0.567322015762329 0.569305002689362 0.56122899055481 0.560517013072968 0.565961003303528 0.576793015003204 0.582008004188538 0.578840017318726 0.571599006652832 0.564269006252289 0.557121992111206 0.549264013767242 0.539766013622284 0.530834972858429 0.52631402015686 0.518903017044067 0.5120689868927 0.502236008644104 0.49262198805809 0.485112011432648 0.475066989660263 0.467242002487183 0.424322992563248 0.436706990003586
-9999 -9999 -9999 -9999 -9999 -9999 -9999 -9999 -9999 -9999 -9999 -9999 -9999 -9999 -9999 -9999 0.452419996261597 0.436601996421814 0.512506008148193 0.62302702665329 0.645582973957062 0.654054999351501 0.64921098947525 0.639948010444641 0.63017600774765 0.60876202583313 0.596517980098724 0.601278007030487 0.598818004131317 0.593775987625122 0.584671974182129 0.573032975196838 0.5728639960289 0.579706013202667 0.589833974838257 0.578352987766266 0.579123020172119 0.567788004875183 0.558593988418579 0.548892021179199 0.540727019309998 0.534397006034851 0.528083980083466 0.522037982940674 0.514024972915649 0.503673017024994 0.495460987091064 0.487168997526169 0.478475987911224 0.468041002750397 0.464920997619629 0.424205988645554
-9999 -9999 -9999 -9999 -9999 -9999 -9999 -9999 -9999 -9999 -9999 -9999 -9999 -9999 -9999 -9999 0.457796007394791 0.439520001411438 0.422334998846054 0.512869000434875 0.627843976020813 0.646797001361847 0.674022018909454 0.638556003570557 0.635060012340546 0.644141972064972 0.630407989025116 0.630168974399567 0.639140009880066 0.628237009048462 0.607276022434235 0.588563978672028 0.5833899974823 0.585816025733948 0.589147984981537 0.582655012607574 0.575257003307343 0.574531018733978 0.561875998973846 0.552259027957916 0.543748021125793 0.537501990795135 0.53847599029541 0.531279981136322 0.52164101600647 0.504621982574463 0.499372005462646 0.491328001022339 0.483494013547897 0.473980993032455 0.46526500582695 0.453914999961853
-9999 -9999 -9999 -9999 -9999 -9999 -9999 -9999 -9999 -9999 -9999 -9999 -9999 -9999 -9999 -9999 -9999 0.461914986371994 0.431740999221802 0.417050004005432 0.467330992221832 0.60732501745224 0.670593023300171 0.680489003658295 0.629828989505768 0.629655003547668 0.666369020938873 0.634971022605896 0.659004986286163 0.642962992191315 0.625120997428894 0.608183979988098 0.603434026241302 0.601164996623993 0.595936000347137 0.575865983963013 0.559087991714478 0.571268975734711 0.564052999019623 0.556608021259308 0.546929001808167 0.541077017784119 0.542981028556824 0.532634019851685 0.524945020675659 0.515963017940521 0.508708000183105 0.502487003803253 0.492132008075714 0.484454989433289 0.47257599234581 0.461955994367599
-9999 -9999 -9999 -9999 -9999 -9999 -9999 -9999 -9999 -9999 -9999 -9999 -9999 -9999 -9999 -9999 -9999 -9999 0.461585998535156 0.446613013744354 0.416884988546371 0.431948006153107 0.485642999410629 0.547547996044159 0.683978974819183 0.665799021720886 0.675602972507477 0.673272013664246 0.634730994701385 0.641973972320557 0.624455988407135 0.620028018951416 0.610139012336731 0.621815979480743 0.601513981819153 0.609431028366089 0.600768029689789 0.577418982982635 0.575628995895386 0.566645979881287 0.545955002307892 0.54695999622345 0.5433030128479 0.534277975559235 0.53014999628067 0.520613014698029 0.512282013893127 0.503161013126373 0.494949996471405 0.484820991754532 0.473105996847153 0.456761002540588
-9999 -9999 -9999 -9999 -9999 -9999 -9999 -9999 -9999 -9999 -9999 -9999 -9999 -9999 -9999 -9999 -9999 -9999 -9999 -9999 0.458631992340088 0.428618997335434 0.430848985910416 0.412162989377975 0.48275300860405 0.606087982654572 0.607021987438202 0.546172022819519 0.596928000450134 0.596687018871307 0.646853983402252 0.646161019802094 0.634046018123627 0.645146012306213 0.646898984909058 0.63332599401474 0.653748989105225 0.627493977546692 0.605489015579224 0.595494985580444 0.575567007064819 0.552110016345978 0.547550022602081 0.540754973888397 0.529965996742249 0.526892006397247 0.52233898639679 0.512830972671509 0.501815021038055 0.490433007478714 0.473735988140106 0.466221988201141
-9999 -9999 -9999 -9999 -9999 -9999 -9999 -9999 -9999 -9999 -9999 -9999 -9999 -9999 -9999 -9999 -9999 -9999 -9999 -9999 -9999 -9999 -9999 0.439622014760971 0.415082991123199 0.46678701043129 0.51240599155426 0.539188981056213 0.536705017089844 0.5764319896698 0.627496004104614 0.655699014663696 0.615880012512207 0.61668998003006 0.607434988021851 0.664175987243652 0.703662991523743 0.687940001487732 0.65318101644516 0.637688994407654 0.613604009151459 0.588249027729034 0.564419984817505 0.559230029582977 0.549875020980835 0.535923004150391 0.528162002563477 0.515613973140717 0.504005014896393 0.492859989404678 0.482225000858307 0.469453990459442
-9999 -9999 -9999 -9999 -9999 -9999 -9999 -9999 -9999 -9999 -9999 -9999 -9999 -9999 -9999 -9999 -9999 -9999 -9999 -9999 -9999 -9999 -9999 -9999 0.454704999923706 0.427778989076614 0.430653005838394 0.47852098941803 0.518308997154236 0.555306017398834 0.567081987857819 0.599346995353699 0.573180973529816 0.564938008785248 0.595614016056061 0.629970014095306 0.691950976848602 0.768839001655579 0.720564007759094 0.678966999053955 0.640240013599396 0.624050974845886 0.619217991828918 0.601018011569977 0.594888985157013 0.574238002300262 0.540961980819702 0.517210006713867 0.507184028625488 0.494545012712479 0.475917011499405 0.472061008214951
-9999 -9999 -9999 -9999 -9999 -9999 -9999 -9999 -9999 -9999 -9999 -9999 -9999 -9999 -9999 -9999 -9999 -9999 -9999 -9999 -9999 -9999 -9999 -9999 0.454097002744675 0.387975990772247 0.423992991447449 0.486593008041382 0.533026993274689 0.513526022434235 0.554302990436554 0.533150017261505 0.523351013660431 0.539756000041962 0.551708996295929 0.595072984695435 0.66585099697113 0.718115985393524 0.758211970329285 0.776380002498627 0.726805984973907 0.646251976490021 0.656800985336304 0.649859011173248 0.620077013969421 0.602065980434418 0.564962983131409 0.532073020935059 0.51698100566864 0.503463983535767 0.494334012269974 0.467799991369247
-9999 -9999 -9999 -9999 -9999 -9999 -9999 -9999 -9999 -9999 -9999 -9999 -9999 -9999 -9999 -9999 -9999 -9999 -9999 -9999 -9999 -9999 -9999 0.462067991495132 0.453453987836838 0.453065991401672 0.414516985416412 0.476698994636536 0.492202997207642 0.511191010475159 0.503673017024994 0.493750989437103 0.477728009223938 0.491701006889343 0.526938021183014 0.576032996177673 0.645249009132385 0.699599981307983 0.741355001926422 0.759827971458435 0.772907018661499 0.718702971935272 0.686580002307892 0.687313973903656 0.647606015205383 0.609929025173187 0.585816025733948 0.549121022224426 0.516945004463196 0.510739982128143 0.499352008104324 0.488779991865158
-9999 -9999 -9999 -9999 -9999 -9999 -9999 -9999 -9999 -9999 -9999 -9999 -9999 -9999 -9999 -9999 -9999 -9999 -9999 -9999 -9999 0.474238991737366 0.465267986059189 0.431497007608414 0.42314600944519 0.431082993745804 0.442645996809006 0.451420992612839 0.479773998260498 0.446792989969254 0.431755989789963 0.45812401175499 0.474676996469498 0.478219002485275 0.495119005441666 0.519066989421844 0.577529013156891 0.647197008132935 0.706152975559235 0.774869978427887 0.764828979969025 0.776308000087738 0.698720991611481 0.662598013877869 0.668259978294373 0.636551976203918 0.618203997612 0.58390200138092 0.545590996742249 0.517360985279083 0.510967016220093 0.500545978546143
-9999 -9999 -9999 -9999 -9999 -9999 -9999 -9999 -9999 -9999 -9999 -9999 -9999 0.482439994812012 0.492765009403229 0.501277029514313 0.530390024185181 0.539915025234222 0.539214015007019 0.549108982086182 0.540228009223938 0.513994991779327 0.482374995946884 0.437541991472244 0.436114013195038 0.448204010725021 0.449479013681412 0.448294013738632 0.482553005218506 0.454991012811661 0.448305994272232 0.466174006462097 0.473574995994568 0.476009994745255 0.49736499786377 0.53024297952652 0.591589987277985 0.650834977626801 0.69709700345993 0.762915015220642 0.743978977203369 0.746406018733978 0.681457996368408 0.684891998767853 0.705416023731232 0.689531028270721 0.689826011657715 0.660510003566742 0.604851007461548 0.553816974163055 0.528909027576447 0.509347975254059
-9999 -9999 -9999 -9999 -9999 -9999 -9999 -9999 -9999 -9999 -9999 0.473953008651733 0.471994996070862 0.475915998220444 0.471590995788574 0.496946007013321 0.542200982570648 0.567085981369019 0.573360979557037 0.566120028495789 0.543029010295868 0.494971007108688 0.481792002916336 0.428867012262344 0.460451006889343 0.474444985389709 0.460240989923477 0.42205399274826 0.463337987661362 0.435496985912323 0.43231400847435 0.466132998466492 0.451204985380173 0.469642996788025 0.496381014585495 0.530143022537231 0.623094022274017 0.674430012702942 0.716163992881775 0.724453985691071 0.738940000534058 0.648953020572662 0.689369976520538 0.721804976463318 0.73558098077774 0.711766004562378 0.701283991336823 0.691556990146637 0.658680021762848 0.602891027927399 0.549619019031525 0.521719992160797
-9999 -9999 -9999 -9999 -9999 -9999 -9999 -9999 -9999 -9999 0.465030014514923 0.451070994138718 0.43232798576355 0.445760011672974 0.479707002639771 0.509823024272919 0.561426997184753 0.61658501625061 0.607381999492645 0.568479001522064 0.558740973472595 0.489625990390778 0.442140012979507 0.426162004470825 0.436138987541199 0.435409009456635 0.426349014043808 0.432002007961273 0.445284992456436 0.437864005565643 0.490864008665085 0.479407012462616 0.487109988927841 0.525508999824524 0.536225020885468 0.612560987472534 0.63494199514389 0.711728990077972 0.748800992965698 0.75135600566864 0.750743985176086 0.672406017780304 0.669636011123657 0.675414025783539 0.746343970298767 0.778600990772247 0.723151028156281 0.711504995822906 0.699806988239288 0.65141898393631 0.598322987556458 0.544453978538513
-9999 -9999 -9999 -9999 -9999 -9999 -9999 -9999 -9999 -9999 0.442927986383438 0.399172008037567 0.417540997266769 0.45890000462532 0.491439998149872 0.534862995147705 0.604826986789703 0.647311985492706 0.621945977210999 0.607311010360718 0.463128000497818 0.449878990650177 0.430803000926971 0.424928992986679 0.440688014030457 0.428081005811691 0.456366002559662 0.48115599155426 0.414009004831314 0.486712008714676 0.498506009578705 0.480286002159119 0.467256009578705 0.52519702911377 0.524254977703094 0.530758023262024 0.636416018009186 0.703958988189697 0.73598700761795 0.732052981853485 0.720917999744415 0.683788001537323 0.667931973934174 0.717424988746643 0.793272018432617 0.796617984771729 0.794758021831512 0.761672973632813 0.694687008857727 0.679652988910675 0.644137024879456 0.585600972175598
-9999 -9999 -9999 -9999 -9999 -9999 -9999 -9999 -9999 0.452396988868713 0.410899013280869 0.393418997526169 0.424050986766815 0.456317007541656 0.489695012569427 0.577410995960236 0.649746000766754 0.66457998752594 0.62126100063324 0.459894001483917 0.436046987771988 0.42051899433136 0.450686991214752 0.439864993095398 0.37246298789978 0.403937995433807 0.399242997169495 0.424881011247635 0.409417986869812 0.383715987205505 0.446177989244461 0.382436990737915 0.473684012889862 0.580664992332458 0.575462996959686 0.585569024085999 0.621508002281189 0.69167697429657 0.727779984474182 0.733520984649658 0.670930981636047 0.655784010887146 0.658818006515503 0.72434800863266 0.775611996650696 0.796151995658875 0.783093988895416 0.787742018699646 0.744383990764618 0.692099988460541 0.662881016731262 0.631662011146545
-9999 -9999 -9999 -9999 -9999 -9999 -9999 -9999 -9999 0.448859006166458 0.420159012079239 0.386339008808136 0.401230007410049 0.453350007534027 0.516327977180481 0.591917991638184 0.63899701833725 0.661822021007538 0.508168995380402 0.449719995260239 0.426133990287781 0.424405992031097 0.430467993021011 0.378434002399445 0.372308999300003 0.336488008499146 0.38263601064682 0.448949009180069 0.394820004701614 0.371468991041183 0.374213010072708 0.404127985239029 0.65072101354599 0.722303986549377 0.796715974807739 0.712356984615326 0.685146987438202 0.683779001235962 0.69206702709198 0.727688014507294 0.692376971244812 0.675957024097443 0.686761975288391 0.738968014717102 0.745661020278931 0.774419009685516 0.810487985610962 0.789601027965546 0.797324001789093 0.775036990642548 0.704684972763062 0.65480101108551
-9999 -9999 -9999 -9999 -9999 -9999 -9999 -9999 -9999 -9999 0.436985999345779 0.408071011304855 0.39316999912262 0.396537989377975 0.436085999011993 0.502312004566193 0.573804020881653 0.569214999675751 0.424896001815796 0.452762007713318 0.409074008464813 0.389894992113113 0.353592991828918 0.341861009597778 0.361945986747742 0.422295987606049 0.37738099694252 0.354270994663239 0.341439008712769 0.394057005643845 0.420718997716904 0.588494002819061 0.706695020198822 0.778572022914886 0.79136598110199 0.770075023174286 0.721222996711731 0.71603000164032 0.695245981216431 0.639970004558563 0.687489986419678 0.703152000904083 0.711073994636536 0.732465982437134 0.746811985969543 0.718285977840424 0.760675013065338 0.797694981098175 0.812326014041901 0.775264024734497 0.769056975841522 0.681887984275818
