Molossus_verillii.asc
ncols  804
nrows  378
xllcorner  -74.6418056
yllcorner  17.2248604
cellsize 0.00833333370646766
NODATA_value  -9999
[rows 115 to 137 of 378, columns 416 to 467 of 804]
0.539779007434845 0.588932991027832 0.584797978401184 0.577592015266418 0.551347017288208 0.52792501449585 0.48717400431633 0.460478007793427 0.439601004123688 0.386408001184464 0.364901006221771 0.342738002538681 0.341179996728897 0.385037988424301 0.446951985359192 0.468102991580963 0.470901012420654 0.465294003486633 0.445046007633209 0.422383010387421 0.451236009597778 0.465227991342545 0.433854013681412 0.366759985685349 0.35666099190712 0.331586986780167 0.334820985794067 0.329351007938385 0.342902988195419 0.328637003898621 0.32548600435257 0.334838002920151 0.341697007417679 0.338153004646301 0.347642987966537 0.369572997093201 0.450520992279053 0.52464497089386 0.538671970367432 0.554967999458313 0.541145980358124 0.54313600063324 0.542837977409363 0.549907982349396 0.514795005321503 0.466277003288269 0.478098005056381 0.43358901143074 0.39665099978447 0.382156014442444 0.402909010648727 0.46553099155426
0.580895006656647 0.609647989273071 0.600483000278473 0.584881007671356 0.53590202331543 0.469058007001877 0.433728009462357 0.377618014812469 0.361514985561371 0.377647012472153 0.367417991161346 0.335240006446838 0.375925004482269 0.429659008979797 0.438201010227203 0.438017010688782 0.432732999324799 0.417282998561859 0.443850010633469 0.467083007097244 0.461156994104385 0.459580987691879 0.433972001075745 0.381976991891861 0.346567004919052 0.334358990192413 0.350225001573563 0.331887006759644 0.308618009090424 0.320390999317169 0.330823004245758 0.333795011043549 0.32047900557518 0.349137991666794 0.356503009796143 0.350387990474701 0.407400012016296 0.507752001285553 0.52928501367569 0.533496975898743 0.529751002788544 0.5171719789505 0.534349024295807 0.530174970626831 0.523495018482208 0.468957006931305 0.453696012496948 0.445645987987518 0.410245001316071 0.395949006080627 0.447292000055313 0.483482986688614
0.582351982593536 0.589200973510742 0.576624989509583 0.519016981124878 0.432260990142822 0.412508994340897 0.39453598856926 0.347766995429993 0.397392004728317 0.355910986661911 0.360702991485596 0.362305998802185 0.378078013658524 0.407326012849808 0.412164986133575 0.402579009532928 0.388603001832962 0.412703990936279 0.438428997993469 0.482998996973038 0.500577986240387 0.487998008728027 0.459993988275528 0.410881012678146 0.36838099360466 0.344325006008148 0.320870012044907 0.306158989667892 0.305810004472733 0.330513000488281 0.337922990322113 0.328357994556427 0.338757008314133 0.323576003313065 0.336205005645752 0.354110985994339 0.412501007318497 0.494855999946594 0.521252989768982 0.532323002815247 0.519344985485077 0.526255011558533 0.515100002288818 0.528667986392975 0.533743977546692 0.482207000255585 0.440935999155045 0.390679985284805 0.412438988685608 0.431470990180969 0.464127004146576 0.47087699174881
0.516921997070313 0.516076028347015 0.469399988651276 0.451086014509201 0.410448014736176 0.407674014568329 0.368707001209259 0.371131002902985 0.344727993011475 0.351601004600525 0.34578600525856 0.385782986879349 0.402794003486633 0.441172003746033 0.438939988613129 0.43792599439621 0.426304996013641 0.457038998603821 0.475773990154266 0.522109985351563 0.521995007991791 0.491335988044739 0.468203991651535 0.452307999134064 0.415583997964859 0.377624005079269 0.345629990100861 0.308284997940063 0.315842002630234 0.327811002731323 0.331589996814728 0.33050000667572 0.331048995256424 0.34291198849678 0.317043989896774 0.350605994462967 0.425559014081955 0.480549991130829 0.49515300989151 0.533472001552582 0.539592027664185 0.549969017505646 0.558499991893768 0.54432201385498 0.551765024662018 0.472496002912521 0.416622012853622 0.452933013439178 0.42679500579834 0.4775730073452 0.466414988040924 0.461304008960724
0.497316986322403 0.429583013057709 0.427242010831833 0.405970007181168 0.368283003568649 0.404125988483429 0.342375010251999 0.362866014242172 0.377728998661041 0.353368014097214 0.343582987785339 0.393474012613297 0.461308002471924 0.504549026489258 0.50163197517395 0.499799013137817 0.519667983055115 0.533152997493744 0.552981972694397 0.548837006092072 0.529156029224396 0.511874973773956 0.476752996444702 0.457177996635437 0.379936009645462 0.373133987188339 0.325567990541458 0.363038003444672 0.378403007984161 0.378183990716934 0.345214992761612 0.354039996862411 0.352479994297028 0.338842988014221 0.334903985261917 0.376872986555099 0.41814199090004 0.489621996879578 0.533971011638641 0.516771972179413 0.515717029571533 0.545988023281097 0.498683989048004 0.524684011936188 0.472793996334076 0.410528004169464 0.460211992263794 0.402819007635117 0.483774989843369 0.482968986034393 0.466771006584167 0.454896986484528
0.377099007368088 0.427453011274338 0.360282003879547 0.391974002122879 0.440970987081528 0.426414012908936 0.362547010183334 0.349656999111176 0.388639003038406 0.362208008766174 0.358043998479843 0.4098140001297 0.522210001945496 0.554274022579193 0.566641986370087 0.550553023815155 0.509923994541168 0.485036998987198 0.496605008840561 0.472602009773254 0.429192990064621 0.436648011207581 0.449965000152588 0.439229011535645 0.398211985826492 0.347429007291794 0.37618699669838 0.40250501036644 0.418999999761581 0.404473006725311 0.391151010990143 0.395918995141983 0.385937005281448 0.372087001800537 0.348989993333817 0.391460001468658 0.444938987493515 0.520421028137207 0.51952201128006 0.504857003688812 0.53608900308609 0.519958019256592 0.497698992490768 0.48717999458313 0.402978003025055 0.412748992443085 0.380304992198944 0.481734991073608 0.467460006475449 0.459385007619858 0.441181004047394 0.439294010400772
0.434296995401382 0.352966010570526 0.368862003087997 0.429657995700836 0.451294988393784 0.447834014892578 0.35335698723793 0.338721007108688 0.357006996870041 0.385883003473282 0.3836689889431 0.437667012214661 0.540997982025146 0.532522022724152 0.532720029354095 0.505921006202698 0.491842985153198 0.469716995954514 0.443071007728577 0.396728008985519 0.398663014173508 0.369549006223679 0.334540009498596 0.347021996974945 0.377985000610352 0.407086998224258 0.416139990091324 0.410176992416382 0.427329987287521 0.421826004981995 0.437830001115799 0.432013988494873 0.4150710105896 0.407274007797241 0.419914990663528 0.430400013923645 0.472862988710403 0.537932991981506 0.537217020988464 0.501703023910522 0.506388008594513 0.502431988716125 0.484775006771088 0.440746992826462 0.412560999393463 0.373205006122589 0.416579991579056 0.509788990020752 0.504415988922119 0.457653999328613 0.434392988681793 0.445156008005142
0.437177985906601 0.391694992780685 0.41609999537468 0.474290013313293 0.45591801404953 0.436464011669159 0.359439998865128 0.342792004346848 0.378578990697861 0.403014987707138 0.446871995925903 0.510460019111633 0.531756997108459 0.558522999286652 0.564653992652893 0.520877003669739 0.472506999969482 0.440993010997772 0.427307993173599 0.416949987411499 0.40719199180603 0.348693996667862 0.324313998222351 0.310948997735977 0.29883399605751 0.362116008996964 0.4200139939785 0.422268003225327 0.416065990924835 0.425523996353149 0.459383010864258 0.450569987297058 0.452466994524002 0.438791990280151 0.476615995168686 0.467781990766525 0.518958985805511 0.51399701833725 0.544696986675262 0.525101006031036 0.510496020317078 0.515062987804413 0.451009005308151 0.435151010751724 0.384914994239807 0.408342003822327 0.46900200843811 0.525857985019684 0.511569976806641 0.473087996244431 0.471929013729095 0.473421990871429
0.472389996051788 0.447546988725662 0.42875999212265 0.500765025615692 0.499033987522125 0.410566985607147 0.362345010042191 0.33398300409317 0.392026007175446 0.480356007814407 0.521735012531281 0.527579009532928 0.547486007213593 0.534107029438019 0.505834996700287 0.456194996833801 0.453402012586594 0.424358993768692 0.424342006444931 0.418606013059616 0.388660997152328 0.376248002052307 0.35393500328064 0.334684014320374 0.312559008598328 0.315450996160507 0.370528995990753 0.401623010635376 0.403939992189407 0.422915011644363 0.451768010854721 0.448471993207932 0.468172997236252 0.472956985235214 0.503522992134094 0.528231024742126 0.538654983043671 0.533612012863159 0.513603985309601 0.520124971866608 0.517112016677856 0.514209985733032 0.475910007953644 0.430994004011154 0.41976198554039 0.485475987195969 0.526916980743408 0.547242999076843 0.524262011051178 0.494401007890701 0.488411992788315 0.498596996068954
0.496158987283707 0.460525006055832 0.455471009016037 0.523114025592804 0.544611990451813 0.43215200304985 0.344269990921021 0.312768995761871 0.380151003599167 0.450726002454758 0.513688981533051 0.470806002616882 0.52479100227356 0.580344021320343 0.49422299861908 0.429870992898941 0.418262988328934 0.40386301279068 0.406228989362717 0.455532997846603 0.396030992269516 0.342877000570297 0.335397005081177 0.341486990451813 0.319227010011673 0.329921990633011 0.315807998180389 0.337496012449265 0.356148988008499 0.38374799489975 0.421862989664078 0.455868989229202 0.483045011758804 0.513073980808258 0.522256970405579 0.548635005950928 0.542865991592407 0.543928980827332 0.539898991584778 0.516138970851898 0.531852006912231 0.510154008865356 0.499219000339508 0.466737002134323 0.507961988449097 0.49329000711441 0.516005992889404 0.51399701833725 0.516367971897125 0.511434018611908 0.46671798825264 0.430328011512756
0.504197001457214 0.489206999540329 0.528137028217316 0.490125000476837 0.415362000465393 0.441917985677719 0.327643990516663 0.349294006824493 0.351761013269424 0.395736008882523 0.449714988470078 0.452428013086319 0.484593003988266 0.494787007570267 0.489428013563156 0.419925004243851 0.357356011867523 0.422556012868881 0.464525997638702 0.445811003446579 0.442050993442535 0.360956996679306 0.351148009300232 0.334684997797012 0.332699000835419 0.324887990951538 0.33577299118042 0.355877012014389 0.344891011714935 0.343133985996246 0.382523000240326 0.449620991945267 0.485170990228653 0.521803021430969 0.520448982715607 0.518213987350464 0.525617003440857 0.513447999954224 0.502184987068176 0.507197976112366 0.514657020568848 0.501878976821899 0.487767994403839 0.465095013380051 0.49958598613739 0.494742006063461 0.512314021587372 0.520057022571564 0.49388399720192 0.448859989643097 0.39656400680542 0.375981003046036
0.549570024013519 0.542923986911774 0.525192975997925 0.442588001489639 0.422702014446259 0.328610986471176 0.344480991363525 0.306859999895096 0.377869009971619 0.417975008487701 0.485466003417969 0.533345997333527 0.45788300037384 0.539143979549408 0.418307989835739 0.360078990459442 0.36931899189949 0.489004999399185 0.535181999206543 0.469900012016296 0.453772991895676 0.402842998504639 0.40855199098587 0.409743994474411 0.405739992856979 0.344994992017746 0.332729995250702 0.3142009973526 0.336800992488861 0.361813008785248 0.392670005559921 0.441186994314194 0.491986989974976 0.495133996009827 0.487212985754013 0.520337998867035 0.523537993431091 0.505568027496338 0.509244978427887 0.510810017585754 0.507780015468597 0.502556979656219 0.482237994670868 0.478588998317719 0.465923994779587 0.471116006374359 0.501323997974396 0.479734003543854 0.458472013473511 0.426358014345169 0.378495991230011 0.365511000156403
0.5293830037117 0.535086989402771 0.462841987609863 0.43503600358963 0.398357003927231 0.297655999660492 0.30231699347496 0.384460985660553 0.449811995029449 0.50875997543335 0.515357971191406 0.488059997558594 0.481332004070282 0.453765004873276 0.374538987874985 0.333341002464294 0.42679700255394 0.420139014720917 0.480273008346558 0.520474970340729 0.445874989032745 0.515061020851135 0.472416996955872 0.452006012201309 0.446274995803833 0.369356006383896 0.348495990037918 0.354429990053177 0.394309014081955 0.397368013858795 0.431982010602951 0.469370990991592 0.49329999089241 0.468977004289627 0.472487986087799 0.475868999958038 0.504979014396667 0.499314993619919 0.49966499209404 0.487183004617691 0.478473007678986 0.489313006401062 0.486005008220673 0.455893009901047 0.416723996400833 0.448271006345749 0.466762989759445 0.462074011564255 0.448614001274109 0.425251007080078 0.365352988243103 0.360911995172501
0.546235978603363 0.515044987201691 0.479247987270355 0.386748999357224 0.355107992887497 0.258700996637344 0.386343985795975 0.427383989095688 0.530623018741608 0.51246702671051 0.517343997955322 0.531889021396637 0.469700008630753 0.392603009939194 0.39513498544693 0.375524014234543 0.324867993593216 0.43944901227951 0.452616989612579 0.498111009597778 0.52082097530365 0.500391006469727 0.497034996747971 0.464783996343613 0.421487003564835 0.360949009656906 0.36176198720932 0.338209003210068 0.386294990777969 0.442818999290466 0.462116986513138 0.488303989171982 0.49855500459671 0.491847991943359 0.472205013036728 0.47733399271965 0.510172009468079 0.496322005987167 0.508839011192322 0.502741992473602 0.501190006732941 0.509126007556915 0.453956007957458 0.438771992921829 0.423393994569778 0.434468001127243 0.442521989345551 0.425312995910645 0.418877989053726 0.404352009296417 0.396674990653992 0.383172005414963
0.421478003263474 0.507713973522186 0.40209299325943 0.401502996683121 0.31106698513031 0.314238995313644 0.326748013496399 0.465597987174988 0.481063008308411 0.543780028820038 0.5035679936409 0.382719993591309 0.421676993370056 0.405752003192902 0.336892992258072 0.328509986400604 0.327280014753342 0.416828989982605 0.526522994041443 0.52987402677536 0.500702977180481 0.492980986833572 0.496957004070282 0.469099998474121 0.439880013465881 0.351790994405746 0.342144012451172 0.323473006486893 0.384059995412827 0.460198998451233 0.477629005908966 0.494098991155624 0.493344008922577 0.500645995140076 0.503381013870239 0.485383987426758 0.470167994499207 0.430895000696182 0.413567990064621 0.458994001150131 0.442739009857178 0.453817993402481 0.468647986650467 0.441873013973236 0.40743100643158 0.439139008522034 0.43265101313591 0.394033014774323 0.395956009626389 0.407875001430511 0.39036101102829 0.385547012090683
0.4341079890728 0.399190008640289 0.345010012388229 0.25891101360321 0.303074985742569 0.308376997709274 0.369002997875214 0.469166994094849 0.435912996530533 0.48003101348877 0.404601007699966 0.415605008602142 0.33475399017334 0.390657007694244 0.287784993648529 0.286296010017395 0.357396990060806 0.459951013326645 0.564474999904633 0.556263983249664 0.55615097284317 0.449732005596161 0.470660001039505 0.480269014835358 0.427643001079559 0.377907991409302 0.332004010677338 0.339363008737564 0.398431003093719 0.457206010818481 0.490415990352631 0.501513004302979 0.488999009132385 0.495137989521027 0.421885013580322 0.391223013401031 0.374336987733841 0.380840003490448 0.376071006059647 0.387376010417938 0.441637992858887 0.426207989454269 0.364688009023666 0.434246003627777 0.39766800403595 0.396678000688553 0.389701992273331 0.41423299908638 0.394131004810333 0.423550009727478 0.395143985748291 0.42178601026535
0.485000997781754 0.445163995027542 0.287784993648529 0.210465997457504 0.280808001756668 0.371479004621506 0.432801008224487 0.467658996582031 0.406212985515594 0.416099011898041 0.43970200419426 0.399542987346649 0.380923986434937 0.357547998428345 0.33992800116539 0.349330008029938 0.348637014627457 0.365509003400803 0.520380020141602 0.498257994651794 0.511856973171234 0.434085011482239 0.438277006149292 0.469117999076843 0.446630001068115 0.382946997880936 0.353951007127762 0.363281011581421 0.38774698972702 0.457520991563797 0.494717001914978 0.513364017009735 0.475787997245789 0.392356008291245 0.393745005130768 0.342711001634598 0.356433004140854 0.328568011522293 0.352972000837326 0.414290010929108 0.428710013628006 0.416644006967545 0.374184012413025 0.339897990226746 0.388433992862701 0.456723988056183 0.388116002082825 0.379826992750168 0.389793992042542 0.397864013910294 0.430669993162155 0.428887009620667
0.465243995189667 0.410632014274597 0.248502001166344 0.304964989423752 0.288740009069443 0.382326990365982 0.439478009939194 0.326624989509583 0.332511991262436 0.358716011047363 0.381092995405197 0.432213991880417 0.449813008308411 0.361371994018555 0.256498008966446 0.262811988592148 0.292131990194321 0.524940013885498 0.47442901134491 0.550168991088867 0.564900994300842 0.485238999128342 0.401843011379242 0.4322350025177 0.495896995067596 0.429578006267548 0.371315002441406 0.367801010608673 0.400442004203796 0.465561985969543 0.501417994499207 0.481343001127243 0.443177998065948 0.383287996053696 0.327389985322952 0.335072994232178 0.316951006650925 0.387115985155106 0.449304014444351 0.49508199095726 0.425190985202789 0.325717002153397 0.350953012704849 0.305561006069183 0.470838993787766 0.430240005254745 0.441477000713348 0.36506399512291 0.429394006729126 0.411819010972977 0.409698992967606 0.378894001245499
0.432274013757706 0.410035997629166 0.282427996397018 0.386678010225296 0.357997000217438 0.356546014547348 0.348358005285263 0.296927005052567 0.470840990543365 0.521592020988464 0.489495009183884 0.40650200843811 0.459446012973785 0.366077989339828 0.376628994941711 0.362556993961334 0.286882013082504 0.305206000804901 0.505315005779266 0.477735996246338 0.546373009681702 0.475876003503799 0.53933197259903 0.452764987945557 0.481193989515305 0.458541005849838 0.395312011241913 0.373243004083633 0.40421199798584 0.445796996355057 0.489151000976563 0.460020005702972 0.369982004165649 0.36098501086235 0.299645006656647 0.383671998977661 0.390612989664078 0.42460298538208 0.476758003234863 0.460402011871338 0.354386985301971 0.304832011461258 0.272433996200562 0.333355009555817 0.487769991159439 0.448781996965408 0.367063999176025 0.402303993701935 0.366439014673233 0.497005999088287 0.472954988479614 0.402814000844955
0.475169986486435 0.405604988336563 0.258082985877991 0.235425993800163 0.392343997955322 0.327181994915009 0.373932987451553 0.383303999900818 0.460404992103577 0.513631999492645 0.57184499502182 0.54509699344635 0.40769898891449 0.445695012807846 0.344655007123947 0.3141970038414 0.325289011001587 0.276782989501953 0.348565995693207 0.474234998226166 0.401645004749298 0.436334997415543 0.462745010852814 0.439633011817932 0.434810996055603 0.456952005624771 0.439877986907959 0.393961012363434 0.422776997089386 0.440414994955063 0.475881010293961 0.435216993093491 0.348203986883163 0.309825986623764 0.323401987552643 0.397192001342773 0.457170009613037 0.442685008049011 0.434004992246628 0.35046198964119 0.314298003911972 0.299721002578735 0.260502994060516 0.388953000307083 0.482874989509583 0.515555024147034 0.42739200592041 0.345214009284973 0.366573989391327 0.410647988319397 0.47435599565506 0.459450006484985
0.452890992164612 0.393887996673584 0.25297799706459 0.231242999434471 0.369549006223679 0.325529992580414 0.429006993770599 0.463313013315201 0.5122429728508 0.533342003822327 0.551771998405457 0.487235009670258 0.373371988534927 0.441713005304337 0.353464990854263 0.317613005638123 0.319101989269257 0.256071001291275 0.303790986537933 0.405068010091782 0.350677013397217 0.417017012834549 0.470943987369537 0.461261004209518 0.457722008228302 0.497049987316132 0.486566007137299 0.415450006723404 0.433441013097763 0.440274000167847 0.458119988441467 0.401205003261566 0.319444000720978 0.30256000161171 0.341978996992111 0.414968997240067 0.4738489985466 0.445322006940842 0.409381002187729 0.3107990026474 0.285127013921738 0.292558997869492 0.258204996585846 0.387665987014771 0.484809011220932 0.528361976146698 0.454584002494812 0.362172991037369 0.346596002578735 0.374828994274139 0.457706987857819 0.464280009269714
0.524864971637726 0.310537993907928 0.38961398601532 0.26869198679924 0.258222997188568 0.404280990362167 0.431957989931107 0.634625971317291 0.554791986942291 0.478729009628296 0.436300009489059 0.41907599568367 0.309587001800537 0.354552000761032 0.39444300532341 0.345620006322861 0.286835998296738 0.357116013765335 0.319406986236572 0.353504002094269 0.465784013271332 0.364785999059677 0.408654004335403 0.47367000579834 0.391256004571915 0.45150500535965 0.498685985803604 0.46594101190567 0.437440991401672 0.458088994026184 0.430853992700577 0.367832988500595 0.32965099811554 0.30731800198555 0.342907011508942 0.420525014400482 0.472712993621826 0.42587599158287 0.349043995141983 0.336208999156952 0.298940002918243 0.267426997423172 0.275115996599197 0.405166000127792 0.450902998447418 0.474121004343033 0.500495970249176 0.413044989109039 0.376807987689972 0.332410007715225 0.479335010051727 0.449952989816666
0.434136003255844 0.333920001983643 0.369289010763168 0.208271995186806 0.273330986499786 0.422659993171692 0.531476020812988 0.488712996244431 0.495846003293991 0.413035005331039 0.43486300110817 0.297082990407944 0.348163992166519 0.344370990991592 0.402489989995956 0.356521993875504 0.322975993156433 0.332406014204025 0.4252690076828 0.457731008529663 0.365516990423203 0.460783988237381 0.456245988607407 0.533342003822327 0.443273991346359 0.393070012331009 0.426059007644653 0.44532498717308 0.41074800491333 0.432695001363754 0.387015998363495 0.317146986722946 0.314074009656906 0.301389008760452 0.328489005565643 0.425758004188538 0.439806014299393 0.411211013793945 0.331178992986679 0.319382011890411 0.290170013904572 0.263642996549606 0.362311005592346 0.33297199010849 0.461331993341446 0.475504994392395 0.463845014572144 0.475437998771667 0.404920995235443 0.412898987531662 0.381258994340897 0.474413007497787
