Molossus_verillii.asc
ncols  804
nrows  378
xllcorner  -74.6418056
yllcorner  17.2248604
cellsize 0.00833333370646766
NODATA_value  -9999
[rows 138 to 160 of 378, columns 520 to 571 of 804]
0.58719402551651 0.593044996261597 0.598694026470184 0.601154029369354 0.610428988933563 0.617586016654968 0.622833013534546 0.626874983310699 0.628992974758148 0.628660023212433 0.634989976882935 0.634052991867065 0.640666007995605 0.644486010074615 0.651319980621338 0.655417025089264 0.667735993862152 0.669835984706879 0.664122998714447 0.656157970428467 0.653711974620819 0.645920991897583 0.632246017456055 0.626398980617523 0.621022999286652 0.621869027614594 0.633132994174957 0.640452980995178 0.64394599199295 0.647478997707367 0.65005099773407 0.680073976516724 0.695110976696014 0.705798983573914 0.766067028045654 0.785769999027252 0.783217012882233 0.811590015888214 0.811091005802155 0.809072017669678 0.815172970294952 0.837634027004242 0.841588020324707 0.868629992008209 0.846804022789001 0.751770973205566 0.747066020965576 0.760011970996857 0.796666979789734 0.871478974819183 0.866464018821716 0.887646973133087
0.592188000679016 0.598137974739075 0.604389011859894 0.607805013656616 0.618633985519409 0.621088981628418 0.624226987361908 0.625132024288177 0.629921972751617 0.633478999137878 0.643113017082214 0.644391000270844 0.648190975189209 0.652728021144867 0.655344009399414 0.66755998134613 0.673714995384216 0.677609980106354 0.674637973308563 0.67085999250412 0.675320982933044 0.668444991111755 0.657310009002686 0.65073299407959 0.641270995140076 0.640193998813629 0.654579997062683 0.659924983978271 0.660247981548309 0.66558700799942 0.6822350025177 0.693221986293793 0.699937999248505 0.724768996238708 0.758706986904144 0.773034989833832 0.765959024429321 0.800278007984161 0.779649972915649 0.805166006088257 0.825551986694336 0.840755999088287 0.85522598028183 0.867771983146667 0.806720018386841 0.753540992736816 0.781127989292145 0.818965017795563 0.835672974586487 0.841633021831512 0.870321989059448 0.879855990409851
0.60104501247406 0.602674007415771 0.606712996959686 0.620247006416321 0.626470983028412 0.627817988395691 0.628143012523651 0.628271996974945 0.632927000522614 0.638652980327606 0.65005898475647 0.655514001846313 0.658379971981049 0.659174978733063 0.658357977867126 0.673004984855652 0.677738010883331 0.684157013893127 0.684356987476349 0.684985995292664 0.688606977462769 0.685931026935577 0.682053029537201 0.668673992156982 0.661415994167328 0.666510999202728 0.671020984649658 0.677666008472443 0.680546998977661 0.692574024200439 0.698821008205414 0.707122981548309 0.720952987670898 0.740338027477264 0.761261999607086 0.771125972270966 0.763872981071472 0.777101993560791 0.785973012447357 0.80637001991272 0.826313018798828 0.804265022277832 0.845134973526001 0.85547000169754 0.816631019115448 0.804947972297668 0.797562003135681 0.828911006450653 0.839667975902557 0.848794996738434 0.840310990810394 0.85062301158905
0.609331011772156 0.609709978103638 0.611472010612488 0.62286102771759 0.63120299577713 0.633731007575989 0.633156001567841 0.635002017021179 0.638375997543335 0.643121004104614 0.655291020870209 0.661960005760193 0.664673984050751 0.662213027477264 0.662073016166687 0.677272021770477 0.684790015220642 0.685683012008667 0.689656972885132 0.696723997592926 0.697795987129211 0.69795697927475 0.694728970527649 0.685519993305206 0.680693984031677 0.686927020549774 0.690199971199036 0.696375012397766 0.702289998531342 0.7100790143013 0.705200016498566 0.717844009399414 0.742074012756348 0.7603480219841 0.770748972892761 0.773275971412659 0.769186973571777 0.770905017852783 0.788092970848083 0.805095016956329 0.800319015979767 0.805397987365723 0.832969009876251 0.824349999427795 0.817004978656769 0.800209999084473 0.804328978061676 0.813224971294403 0.812936007976532 0.80962598323822 0.821730971336365 0.824750006198883
0.617179989814758 0.61854100227356 0.626224994659424 0.628793001174927 0.631856024265289 0.637553989887238 0.639557003974915 0.641178011894226 0.651862978935242 0.653913974761963 0.658564984798431 0.664066016674042 0.668033003807068 0.665275990962982 0.675400018692017 0.684742987155914 0.692453026771545 0.692402005195618 0.692713022232056 0.70013302564621 0.702138006687164 0.702982008457184 0.699051022529602 0.695312023162842 0.693611025810242 0.705794990062714 0.711881995201111 0.713442981243134 0.715315997600555 0.710736989974976 0.709847986698151 0.729120016098022 0.751927018165588 0.771667003631592 0.77801901102066 0.774264991283417 0.773455023765564 0.778681993484497 0.793227016925812 0.797411024570465 0.794034004211426 0.805585026741028 0.813319027423859 0.811316013336182 0.802594006061554 0.805701017379761 0.808130979537964 0.800795018672943 0.794112026691437 0.791809022426605 0.800369024276733 0.805544972419739
0.623068988323212 0.627887010574341 0.634459972381592 0.632908999919891 0.634176015853882 0.640817999839783 0.646959006786346 0.650920987129211 0.65236097574234 0.661431014537811 0.662977993488312 0.665820002555847 0.669534027576447 0.670449018478394 0.673465013504028 0.688319027423859 0.696151971817017 0.697974979877472 0.695994019508362 0.69563901424408 0.700379014015198 0.69937801361084 0.696215987205505 0.69582998752594 0.702409982681274 0.720439016819 0.728810012340546 0.732065975666046 0.72408801317215 0.716639995574951 0.718931972980499 0.731626987457275 0.751228988170624 0.766103029251099 0.777795016765594 0.773131012916565 0.77345997095108 0.783910989761353 0.787141978740692 0.789722979068756 0.791607022285461 0.807775974273682 0.805737972259521 0.796875 0.790574014186859 0.804543018341064 0.811995983123779 0.801144003868103 0.796998977661133 0.793236017227173 0.797387003898621 0.800123989582062
0.624032974243164 0.628544986248016 0.629604995250702 0.6338210105896 0.637244999408722 0.645404994487762 0.652970016002655 0.657185971736908 0.66031402349472 0.669875979423523 0.669614017009735 0.670074999332428 0.672706007957458 0.674959003925323 0.679135024547577 0.68486499786377 0.699496984481812 0.699621975421906 0.697567999362946 0.696056008338928 0.69608998298645 0.699672996997833 0.696390986442566 0.698742985725403 0.705494999885559 0.721630990505219 0.727850019931793 0.732801020145416 0.731676995754242 0.728884994983673 0.732680022716522 0.739346981048584 0.752411007881165 0.761673986911774 0.762876987457275 0.76255202293396 0.769928991794586 0.777821004390717 0.784837007522583 0.78303599357605 0.790135025978088 0.799847006797791 0.795679986476898 0.780337989330292 0.787271976470947 0.798210024833679 0.805643022060394 0.80704402923584 0.803260028362274 0.802244007587433 0.803313016891479 0.800813019275665
0.623784005641937 0.625165998935699 0.626962006092072 0.634410977363586 0.63979697227478 0.648742020130157 0.657877027988434 0.662494003772736 0.666571021080017 0.678258001804352 0.676701009273529 0.676572024822235 0.679462015628815 0.682923972606659 0.68545401096344 0.688678026199341 0.692861974239349 0.700196027755737 0.701708972454071 0.701416015625 0.69979202747345 0.69683301448822 0.693211019039154 0.699967980384827 0.707238018512726 0.719968974590302 0.728762984275818 0.726948976516724 0.727077007293701 0.732861995697021 0.738909006118774 0.750783979892731 0.753180980682373 0.754597008228302 0.757959008216858 0.761222004890442 0.769854009151459 0.77758002281189 0.778836011886597 0.779507994651794 0.792482018470764 0.790111005306244 0.782279014587402 0.780373990535736 0.780937016010284 0.787941992282867 0.800664007663727 0.809418022632599 0.811002016067505 0.80886298418045 0.806429982185364 0.803470015525818
0.620193004608154 0.622554004192352 0.63152801990509 0.635371029376984 0.643512010574341 0.656732022762299 0.660776019096375 0.668294012546539 0.673353016376495 0.685527980327606 0.685748994350433 0.687111973762512 0.689055025577545 0.689185976982117 0.685261011123657 0.686349987983704 0.6893510222435 0.692478001117706 0.700347006320953 0.700509011745453 0.697498023509979 0.695958971977234 0.692669987678528 0.689194977283478 0.698743999004364 0.708818972110748 0.710752010345459 0.709079027175903 0.716072022914886 0.732963979244232 0.743183016777039 0.749975979328156 0.745137989521027 0.744638979434967 0.747734010219574 0.757620990276337 0.763140976428986 0.767521977424622 0.773416996002197 0.779422998428345 0.785947024822235 0.785529971122742 0.782298982143402 0.780701994895935 0.78149801492691 0.790463984012604 0.80178302526474 0.810995995998383 0.813167989253998 0.807918012142181 0.804740011692047 0.801871001720428
0.617788970470428 0.621114015579224 0.633956015110016 0.640784978866577 0.648809015750885 0.653194010257721 0.663317024707794 0.673018991947174 0.689180016517639 0.694317996501923 0.697652995586395 0.699833989143372 0.698521018028259 0.687627971172333 0.680126011371613 0.678241014480591 0.678261995315552 0.679764986038208 0.684064984321594 0.684812009334564 0.683133006095886 0.678063988685608 0.679116010665894 0.680610001087189 0.687372028827667 0.691613018512726 0.692097008228302 0.70107901096344 0.717570006847382 0.720345020294189 0.731016993522644 0.735117971897125 0.737271010875702 0.736342012882233 0.742375016212463 0.747774004936218 0.757552027702332 0.761659979820251 0.762302994728088 0.770686984062195 0.779165983200073 0.783267021179199 0.783001005649567 0.781206011772156 0.786448001861572 0.792577028274536 0.804026007652283 0.808938980102539 0.807922005653381 0.803542017936707 0.798968017101288 0.798631012439728
0.618869006633759 0.625622987747192 0.63992702960968 0.653569996356964 0.654543995857239 0.652193009853363 0.653097987174988 0.66711699962616 0.693095982074738 0.704998016357422 0.710597991943359 0.71629399061203 0.701007008552551 0.681100010871887 0.671742022037506 0.667680025100708 0.669255018234253 0.669677019119263 0.671257019042969 0.671482026576996 0.668681979179382 0.662070989608765 0.653080999851227 0.652038991451263 0.659884989261627 0.66523402929306 0.671819984912872 0.69020801782608 0.715820014476776 0.730822026729584 0.702883005142212 0.7100710272789 0.711234986782074 0.730220973491669 0.744430005550385 0.742933988571167 0.740978002548218 0.739165008068085 0.740194022655487 0.751667976379395 0.770226001739502 0.78302001953125 0.788450002670288 0.785538017749786 0.787765979766846 0.790895998477936 0.792833983898163 0.793238997459412 0.793115019798279 0.790664970874786 0.789523005485535 0.79135400056839
0.605920016765594 0.625351011753082 0.650276005268097 0.667452991008759 0.667611002922058 0.658913016319275 0.663668990135193 0.665697991847992 0.677348017692566 0.693216025829315 0.708159983158112 0.701333999633789 0.688978016376495 0.675067007541656 0.666073977947235 0.664260029792786 0.661512970924377 0.659941017627716 0.661696970462799 0.659539997577667 0.651350975036621 0.642359972000122 0.629759013652802 0.630614995956421 0.63858699798584 0.649556994438171 0.655566990375519 0.689683020114899 0.743771016597748 0.753832995891571 0.731449007987976 0.701008975505829 0.70610898733139 0.722061991691589 0.736717998981476 0.737558007240295 0.727244019508362 0.719641983509064 0.724658012390137 0.747062027454376 0.781136989593506 0.798205971717834 0.799039006233215 0.801167011260986 0.793928027153015 0.773222982883453 0.764499008655548 0.763060986995697 0.762196004390717 0.766174972057343 0.775077998638153 0.782889008522034
0.595970988273621 0.61940997838974 0.662099003791809 0.685186982154846 0.686276018619537 0.675257980823517 0.67382800579071 0.671247005462646 0.676042973995209 0.684532999992371 0.686160981655121 0.683730006217957 0.675224006175995 0.665310025215149 0.664225995540619 0.66388201713562 0.661068022251129 0.658479988574982 0.656059980392456 0.649775981903076 0.638023972511292 0.626819014549255 0.609773993492126 0.616060018539429 0.615710020065308 0.630043029785156 0.664462983608246 0.717188000679016 0.765451014041901 0.762745976448059 0.741571009159088 0.714025020599365 0.706709980964661 0.721707999706268 0.75041800737381 0.793991029262543 0.792194008827209 0.768353998661041 0.762826025485992 0.789066016674042 0.822848975658417 0.850109994411469 0.844089984893799 0.820087015628815 0.790561020374298 0.755953013896942 0.735899984836578 0.7257040143013 0.730985999107361 0.736652970314026 0.771844029426575 0.803084015846252
0.581160008907318 0.609718024730682 0.664406001567841 0.699235022068024 0.704814016819 0.699141025543213 0.686415016651154 0.685108006000519 0.683508992195129 0.685158014297485 0.681919991970062 0.672798991203308 0.664551973342896 0.659763991832733 0.663666009902954 0.665835976600647 0.671911001205444 0.661858975887299 0.662608981132507 0.651373982429504 0.638041973114014 0.620397984981537 0.607818007469177 0.600395977497101 0.598842978477478 0.61489999294281 0.650623023509979 0.723935008049011 0.777229011058807 0.781548976898193 0.738159000873566 0.725228011608124 0.706977009773254 0.712459027767181 0.768285989761353 0.818405985832214 0.835983991622925 0.847077012062073 0.815852999687195 0.825963020324707 0.848339021205902 0.874219000339508 0.895096004009247 0.87754899263382 0.819284975528717 0.734933972358704 0.736069023609161 0.722625017166138 0.735122978687286 0.784626007080078 0.822049021720886 0.868403017520905
0.566501975059509 0.589497029781342 0.642195999622345 0.704205989837646 0.727566003799438 0.712770998477936 0.710111021995544 0.702941000461578 0.697788000106812 0.69650399684906 0.691296994686127 0.679919004440308 0.667540013790131 0.661601006984711 0.662337005138397 0.675230026245117 0.681797981262207 0.67561000585556 0.66370701789856 0.647764980792999 0.631832003593445 0.627097010612488 0.617981016635895 0.605220019817352 0.598240971565247 0.59893000125885 0.620674014091492 0.684010982513428 0.754150986671448 0.770702004432678 0.750401020050049 0.75069397687912 0.737380981445313 0.718931019306183 0.752107977867126 0.803587973117828 0.853568971157074 0.846827983856201 0.812631011009216 0.779505014419556 0.798934996128082 0.816908001899719 0.867226004600525 0.910111010074615 0.887776017189026 0.794826984405518 0.739100992679596 0.6980260014534 0.700480997562408 0.735848009586334 0.797182023525238 0.83568799495697
0.549655973911285 0.561073005199432 0.609570980072021 0.694742977619171 0.724133014678955 0.755469977855682 0.727459013462067 0.720889985561371 0.713847994804382 0.707934021949768 0.703936994075775 0.693701028823853 0.686743021011353 0.67788702249527 0.674447000026703 0.681910991668701 0.689815998077393 0.678839027881622 0.659097015857697 0.64647901058197 0.633390009403229 0.627938985824585 0.621353983879089 0.614675998687744 0.606145024299622 0.601257026195526 0.6110720038414 0.649535000324249 0.709942996501923 0.734054982662201 0.756518006324768 0.772251009941101 0.74617201089859 0.726437985897064 0.754821002483368 0.799857020378113 0.813363015651703 0.821780979633331 0.775254011154175 0.721262991428375 0.740056991577148 0.75458699464798 0.81106299161911 0.868457019329071 0.899062991142273 0.874448001384735 0.839354991912842 0.760761976242065 0.68298602104187 0.68204402923584 0.776508986949921 0.851166009902954
0.534381985664368 0.53812700510025 0.597678005695343 0.713993012905121 0.752381980419159 0.781011998653412 0.745523989200592 0.743489980697632 0.735549986362457 0.723393023014069 0.721962988376617 0.724718987941742 0.709356009960175 0.694375991821289 0.68488597869873 0.684594988822937 0.684336006641388 0.67686802148819 0.658443987369537 0.641587018966675 0.632959008216858 0.636308014392853 0.633668005466461 0.633036971092224 0.619502007961273 0.603824019432068 0.599901020526886 0.624153971672058 0.680628001689911 0.71288001537323 0.76229202747345 0.802029013633728 0.797357976436615 0.778859972953796 0.775309979915619 0.796638011932373 0.787896990776062 0.771588027477264 0.727469027042389 0.684556007385254 0.707009971141815 0.702136993408203 0.741257011890411 0.80128002166748 0.867812991142273 0.883553028106689 0.87943297624588 0.785440027713776 0.669884979724884 0.655969023704529 0.760486006736755 0.848761022090912
0.534031987190247 0.533403992652893 0.602158010005951 0.689702987670898 0.776571989059448 0.745348989963531 0.750748991966248 0.767493009567261 0.760800004005432 0.747731983661652 0.74567699432373 0.744172990322113 0.735332012176514 0.707404971122742 0.688153982162476 0.68027001619339 0.678032994270325 0.666571021080017 0.656659007072449 0.644913017749786 0.635537981987 0.634863972663879 0.640420973300934 0.654972016811371 0.64734297990799 0.627223014831543 0.620953977108002 0.635120987892151 0.678331971168518 0.712302982807159 0.767633020877838 0.817833006381989 0.852653980255127 0.84257298707962 0.8281329870224 0.796483993530273 0.777752995491028 0.714015007019043 0.684725999832153 0.709204018115997 0.677990972995758 0.664156973361969 0.671312987804413 0.735871016979218 0.813817024230957 0.877324998378754 0.877615988254547 0.734574973583221 0.668960988521576 0.624769985675812 0.78193199634552 0.85215699672699
0.540984988212585 0.522019982337952 0.55750298500061 0.675002992153168 0.764581978321075 0.757744014263153 0.780550003051758 0.778396010398865 0.776385009288788 0.766681015491486 0.767023026943207 0.778553009033203 0.736666023731232 0.706928014755249 0.679534018039703 0.670468986034393 0.67137199640274 0.677960991859436 0.67153000831604 0.668308973312378 0.652960002422333 0.63918399810791 0.642736971378326 0.666884005069733 0.666810989379883 0.641955018043518 0.62043297290802 0.63495397567749 0.650366008281708 0.686878025531769 0.758449971675873 0.828302979469299 0.874493002891541 0.887000024318695 0.868889987468719 0.796894013881683 0.711031973361969 0.684895992279053 0.711284995079041 0.720067977905273 0.676887989044189 0.661471009254456 0.646587014198303 0.701017022132874 0.782055020332336 0.832135021686554 0.822889983654022 0.689719021320343 0.667405009269714 0.632432997226715 0.778209984302521 0.826242029666901
0.549003005027771 0.520982027053833 0.501519978046417 0.653508007526398 0.684008002281189 0.764226019382477 0.784228980541229 0.789951980113983 0.761786997318268 0.772345006465912 0.771480977535248 0.786477029323578 0.723021984100342 0.672954022884369 0.668478012084961 0.690339028835297 0.711275994777679 0.722571015357971 0.713324010372162 0.700353980064392 0.674380004405975 0.654733002185822 0.65480899810791 0.668595016002655 0.672544002532959 0.669189989566803 0.647944986820221 0.634671986103058 0.641153991222382 0.659551024436951 0.722000002861023 0.825789988040924 0.886178016662598 0.901850998401642 0.863622009754181 0.771112978458405 0.686461985111237 0.70271897315979 0.721177995204926 0.708669006824493 0.676436007022858 0.650590002536774 0.65260899066925 0.701928973197937 0.791360020637512 0.833773970603943 0.795462012290955 0.655180990695953 0.645955979824066 0.626905024051666 0.763697981834412 0.806271970272064
0.531539976596832 0.533774018287659 0.531819999217987 0.543044984340668 0.679382979869843 0.736846029758453 0.753086984157562 0.770572006702423 0.745425999164581 0.771924018859863 0.797478020191193 0.745001971721649 0.669562995433807 0.630140006542206 0.662227988243103 0.732365012168884 0.777217984199524 0.785142004489899 0.77495002746582 0.737123012542725 0.704393029212952 0.680598020553589 0.664435982704163 0.664646983146667 0.67510598897934 0.67628401517868 0.659972012042999 0.637431025505066 0.63559502363205 0.647792994976044 0.706237971782684 0.810432016849518 0.886985003948212 0.895480990409851 0.853622019290924 0.755189001560211 0.695622980594635 0.709935009479523 0.71961498260498 0.692389011383057 0.666118979454041 0.656737983226776 0.672547996044159 0.707229971885681 0.79804402589798 0.837439000606537 0.738457024097443 0.623005986213684 0.589203000068665 0.611548006534576 0.746279001235962 0.78882098197937
0.537010014057159 0.549767017364502 0.583324015140533 0.612372994422913 0.670666992664337 0.722447991371155 0.762929022312164 0.707522988319397 0.74016398191452 0.760738015174866 0.802293002605438 0.749812006950378 0.638718008995056 0.600405991077423 0.636092007160187 0.742403984069824 0.837589979171753 0.817813992500305 0.824823975563049 0.772252976894379 0.735296010971069 0.705730974674225 0.677087008953094 0.665381014347076 0.67322301864624 0.673030018806458 0.663330972194672 0.640752971172333 0.636582970619202 0.646791994571686 0.694755017757416 0.798062026500702 0.869853973388672 0.890658974647522 0.829689025878906 0.758713006973267 0.736229002475739 0.743849992752075 0.732052028179169 0.697034001350403 0.670928001403809 0.66074001789093 0.690267026424408 0.754963994026184 0.828519999980927 0.847432971000671 0.710363984107971 0.6285560131073 0.584313988685608 0.615755021572113 0.73013299703598 0.769613027572632
0.536872029304504 0.592624008655548 0.643239974975586 0.726155996322632 0.765339016914368 0.806806027889252 0.773284018039703 0.749760985374451 0.710783004760742 0.751726984977722 0.785432994365692 0.710449993610382 0.59027099609375 0.566981017589569 0.61981600522995 0.799456000328064 0.857667028903961 0.885845005512238 0.804633021354675 0.743853986263275 0.768456995487213 0.741127014160156 0.694832980632782 0.669448971748352 0.670822978019714 0.67290997505188 0.672617971897125 0.651391983032227 0.649040997028351 0.644932985305786 0.683004975318909 0.786212027072906 0.864216983318329 0.880720019340515 0.838497996330261 0.778612971305847 0.777922987937927 0.778145015239716 0.743571996688843 0.69572502374649 0.665929973125458 0.691298007965088 0.764658987522125 0.832675993442535 0.856855988502502 0.785494029521942 0.661705017089844 0.649092018604279 0.578348994255066 0.611720025539398 0.720615983009338 0.751323997974396
