Monophyllus_redmani.asc
ncols  804
nrows  378
xllcorner  -74.6418056
yllcorner  17.2248604
cellsize 0.00833333370646766
NODATA_value  -9999
[rows 207 to 229 of 378, columns 260 to 311 of 804]
-9999 -9999 -9999 -9999 -9999 -9999 -9999 -9999 -9999 -9999 -9999 -9999 -9999 -9999 -9999 -9999 0.575613975524902 0.569862008094788 0.570845007896423 0.571196973323822 0.572670996189117 0.570605993270874 0.571160018444061 0.57355797290802 0.586304008960724 0.56370598077774 0.579460024833679 0.579168021678925 0.572346985340118 0.56638902425766 0.57007497549057 0.567256987094879 0.566680014133453 0.564388990402222 0.566677987575531 0.566830992698669 0.569317996501923 0.569104015827179 0.569711029529572 0.569131970405579 0.563974976539612 0.558275997638702 0.549187004566193 0.543730020523071 0.550451993942261 0.55119800567627 0.543590009212494 0.526780009269714 0.519667029380798 0.503118991851807 0.506217002868652 0.460709005594254
-9999 -9999 -9999 -9999 -9999 -9999 -9999 -9999 -9999 -9999 -9999 -9999 -9999 -9999 -9999 0.582958996295929 0.576430022716522 0.573157012462616 0.576945006847382 0.575685024261475 0.570755004882813 0.570011019706726 0.568230986595154 0.574086010456085 0.576098024845123 0.574880003929138 0.573858976364136 0.571148991584778 0.572956025600433 0.572745978832245 0.569500029087067 0.56625097990036 0.572542011737823 0.573563992977142 0.574020981788635 0.57191002368927 0.573086023330688 0.578037977218628 0.57275801897049 0.568948984146118 0.565907001495361 0.569773018360138 0.564792990684509 0.560994982719421 0.559581995010376 0.558116972446442 0.558467984199524 0.541207015514374 0.544656991958618 0.526713013648987 0.53839898109436 0.535362005233765
-9999 -9999 -9999 -9999 -9999 -9999 -9999 -9999 -9999 -9999 -9999 -9999 -9999 -9999 -9999 0.582697987556458 0.577214002609253 0.579262018203735 0.577561974525452 0.575748980045319 0.571798026561737 0.571793973445892 0.571901023387909 0.571875989437103 0.572799026966095 0.572143018245697 0.571368992328644 0.572139978408813 0.568093001842499 0.571819007396698 0.573764026165009 0.573409974575043 0.573315978050232 0.573485016822815 0.573360979557037 0.572417020797729 0.575480997562408 0.575857996940613 0.571428000926971 0.568938016891479 0.569913029670715 0.566923022270203 0.566103994846344 0.56937700510025 0.567077994346619 0.565743982791901 0.56851202249527 0.562601983547211 0.554400026798248 0.549941003322601 0.545355021953583 0.542510986328125
-9999 -9999 -9999 -9999 -9999 -9999 -9999 -9999 -9999 -9999 -9999 -9999 -9999 -9999 0.584517002105713 0.578653991222382 0.575567007064819 0.574753999710083 0.576517999172211 0.575303971767426 0.574796974658966 0.57430899143219 0.572665989398956 0.574567019939423 0.572735011577606 0.572314023971558 0.575269997119904 0.576879978179932 0.57523101568222 0.571171998977661 0.569908022880554 0.571927011013031 0.57964700460434 0.576610028743744 0.576179027557373 0.573859989643097 0.572157025337219 0.569766998291016 0.567894995212555 0.573709011077881 0.571619987487793 0.574622988700867 0.571753025054932 0.568692982196808 0.568413972854614 0.572516977787018 0.571061015129089 0.571663975715637 0.565283000469208 0.564613997936249 0.553726017475128 0.549721002578735
-9999 -9999 -9999 -9999 -9999 -9999 -9999 -9999 -9999 -9999 -9999 -9999 -9999 -9999 0.585058987140656 0.581755995750427 0.577054023742676 0.571992993354797 0.574325025081635 0.57480400800705 0.573171019554138 0.571748971939087 0.574753999710083 0.570630013942719 0.569284975528717 0.570614993572235 0.570770978927612 0.575946986675262 0.578640997409821 0.579200029373169 0.576528012752533 0.57489401102066 0.572660982608795 0.574353992938995 0.575944006443024 0.570590972900391 0.572959005832672 0.573695003986359 0.571371018886566 0.571044981479645 0.574039995670319 0.572135984897614 0.575356006622314 0.574355006217957 0.575504004955292 0.574773013591766 0.577645003795624 0.575433015823364 0.566872000694275 0.561619997024536 0.561962008476257 0.563160002231598
-9999 -9999 -9999 -9999 -9999 -9999 -9999 -9999 -9999 -9999 -9999 -9999 -9999 -9999 -9999 0.58110100030899 0.576992988586426 0.578010976314545 0.574806988239288 0.574425995349884 0.571119010448456 0.571080982685089 0.572140991687775 0.572476983070374 0.573921024799347 0.570156991481781 0.571377992630005 0.570753991603851 0.575037002563477 0.583504021167755 0.584538996219635 0.582517981529236 0.571770012378693 0.568998992443085 0.567048013210297 0.568188011646271 0.568647027015686 0.575213015079498 0.575228989124298 0.573324978351593 0.577904999256134 0.575824022293091 0.575326979160309 0.578768014907837 0.579146027565002 0.579798996448517 0.584293007850647 0.578634023666382 0.573540985584259 0.568916022777557 0.565298020839691 0.561119019985199
-9999 -9999 -9999 -9999 -9999 -9999 -9999 -9999 -9999 -9999 -9999 -9999 -9999 -9999 -9999 0.580871999263763 0.577045977115631 0.576686978340149 0.57313597202301 0.574338018894196 0.572691977024078 0.570905983448029 0.572854995727539 0.575174987316132 0.572622001171112 0.571354985237122 0.574539005756378 0.574500977993011 0.577498972415924 0.577386975288391 0.580271005630493 0.583065986633301 0.573951005935669 0.574697971343994 0.572567999362946 0.573354005813599 0.571377992630005 0.570461988449097 0.575993001461029 0.576673984527588 0.577634990215302 0.575156986713409 0.578441977500916 0.577193021774292 0.579890012741089 0.58549702167511 0.582974970340729 0.578172028064728 0.578742027282715 0.574689984321594 0.569702982902527 0.56735497713089
-9999 -9999 -9999 -9999 -9999 -9999 -9999 -9999 -9999 -9999 -9999 -9999 -9999 -9999 -9999 0.583777010440826 0.579315006732941 0.577111005783081 0.572251975536346 0.570977985858917 0.574413001537323 0.570936024188995 0.573014974594116 0.572686016559601 0.570133984088898 0.57370001077652 0.573369979858398 0.574970006942749 0.576475977897644 0.578363001346588 0.581731975078583 0.58187997341156 0.578782021999359 0.570263981819153 0.570683002471924 0.566956996917725 0.567741990089417 0.569990992546082 0.5728639960289 0.575599014759064 0.581404983997345 0.578670978546143 0.583437025547028 0.581924021244049 0.583450973033905 0.5816890001297 0.585044980049133 0.582849025726318 0.577781975269318 0.578332006931305 0.57558798789978 0.570870995521545
-9999 -9999 -9999 -9999 -9999 -9999 -9999 -9999 -9999 -9999 -9999 -9999 -9999 -9999 -9999 0.579559981822968 0.577932000160217 0.578792989253998 0.572227001190186 0.569058001041412 0.566844999790192 0.563578009605408 0.574540019035339 0.571460008621216 0.571762025356293 0.572642982006073 0.573498010635376 0.573346018791199 0.575919985771179 0.57948100566864 0.578607022762299 0.581497013568878 0.581248998641968 0.577889025211334 0.572555005550385 0.565074980258942 0.567386984825134 0.568886995315552 0.575744986534119 0.577000021934509 0.579645991325378 0.582049012184143 0.580860018730164 0.580092012882233 0.583633005619049 0.583788990974426 0.58076399564743 0.579792022705078 0.582237005233765 0.578862011432648 0.574764013290405 0.569711983203888
-9999 -9999 -9999 -9999 -9999 -9999 -9999 -9999 -9999 -9999 -9999 -9999 -9999 -9999 0.584002017974854 0.579478979110718 0.577826023101807 0.567238986492157 0.562626004219055 0.556703984737396 0.560087978839874 0.552218019962311 0.552321016788483 0.56477302312851 0.569661974906921 0.57437002658844 0.572566986083984 0.56647002696991 0.569337010383606 0.57074099779129 0.57030200958252 0.570973992347717 0.578401982784271 0.577140986919403 0.564953982830048 0.574793994426727 0.568633019924164 0.564298987388611 0.564598977565765 0.568700015544891 0.576004028320313 0.577005982398987 0.580906987190247 0.575787007808685 0.579621970653534 0.581162989139557 0.582988023757935 0.581214010715485 0.578934013843536 0.58025598526001 0.574663996696472 0.570761978626251
-9999 -9999 -9999 -9999 -9999 -9999 -9999 -9999 -9999 -9999 -9999 -9999 -9999 -9999 0.585192024707794 0.573150992393494 0.561506986618042 0.556246995925903 0.544354975223541 0.557272017002106 0.547240972518921 0.551777005195618 0.557452023029327 0.542478978633881 0.564664006233215 0.564134001731873 0.568877995014191 0.569998979568481 0.568910002708435 0.571214973926544 0.57251101732254 0.572704017162323 0.575563013553619 0.579508006572723 0.564844012260437 0.555284976959229 0.567592024803162 0.56809002161026 0.563193023204803 0.5660759806633 0.564999997615814 0.573954999446869 0.576153993606567 0.575290977954865 0.575442016124725 0.574774980545044 0.574810981750488 0.576273024082184 0.575973987579346 0.574039995670319 0.573192000389099 0.57564902305603
-9999 -9999 -9999 -9999 -9999 -9999 0.59128999710083 0.593806982040405 0.601346015930176 -9999 -9999 -9999 -9999 -9999 0.58009797334671 0.568385004997253 0.561133980751038 0.535979986190796 0.559844017028809 0.554241001605988 0.545565009117126 0.564091980457306 0.556896984577179 0.560572981834412 0.556846976280212 0.561547994613647 0.558044016361237 0.560003995895386 0.571660995483398 0.572292983531952 0.571973025798798 0.573589026927948 0.576965987682343 0.582129001617432 0.581799983978271 0.56783002614975 0.556738018989563 0.558817982673645 0.56054699420929 0.562196016311646 0.55826997756958 0.55976402759552 0.546876013278961 0.57650101184845 0.574240028858185 0.568091988563538 0.567212998867035 0.564845979213715 0.569788992404938 0.56565797328949 0.566438972949982 0.574855029582977
0.560537993907928 0.567224979400635 0.558754980564117 0.575842976570129 0.578297972679138 0.571255028247833 0.571998000144958 0.579724013805389 0.589071989059448 0.593343019485474 -9999 -9999 -9999 -9999 0.576708018779755 0.570218980312347 0.540347993373871 0.55238002538681 0.571285009384155 0.522691011428833 0.544794023036957 0.541526019573212 0.5521519780159 0.567273020744324 0.570742011070251 0.561340987682343 0.55852997303009 0.56617397069931 0.567236006259918 0.569103002548218 0.56650298833847 0.572291970252991 0.576723992824554 0.580067992210388 0.581209003925323 0.580208003520966 0.565344989299774 0.556280016899109 0.560908019542694 0.551470994949341 0.548093020915985 0.543299973011017 0.549377977848053 0.539236009120941 0.546732008457184 0.560980975627899 0.563212990760803 0.558417975902557 0.560485005378723 0.559590995311737 0.545023024082184 0.552881002426147
0.515339970588684 0.487385988235474 0.495112985372543 0.500764012336731 0.502093970775604 0.550104022026062 0.576290011405945 0.577504992485046 0.576631009578705 0.571978986263275 0.569144010543823 0.574429988861084 -9999 0.573013007640839 0.564374983310699 0.560169994831085 0.549081981182098 0.54381000995636 0.514455020427704 0.525485992431641 0.522813022136688 0.527052998542786 0.551355004310608 0.571211993694305 0.589646995067596 0.608856022357941 0.570425987243652 0.552627980709076 0.572618007659912 0.570846974849701 0.568493008613586 0.57039999961853 0.572817027568817 0.569859027862549 0.577507019042969 0.574195027351379 0.560926973819733 0.555275976657867 0.554989993572235 0.547752022743225 0.545198976993561 0.550854980945587 0.565459012985229 0.546835005283356 0.537159979343414 0.518047988414764 0.558018028736115 0.553964018821716 0.552663028240204 0.554131984710693 0.550095975399017 0.558942019939423
0.456086993217468 0.473262012004852 0.493611991405487 0.489446997642517 0.46679899096489 0.527812004089355 0.561613023281097 0.538338005542755 0.533510982990265 0.533589005470276 0.529677987098694 0.523159027099609 0.536354005336761 0.512811005115509 0.514928996562958 0.505069971084595 0.518359005451202 0.479826003313065 0.476195991039276 0.495716989040375 0.517763018608093 0.553098022937775 0.551483988761902 0.576130986213684 0.570416986942291 0.590768992900848 0.588113009929657 0.55172199010849 0.553104996681213 0.55281400680542 0.557004988193512 0.562438011169434 0.561755001544952 0.561475992202759 0.562304973602295 0.553905010223389 0.540117979049683 0.541839003562927 0.537091970443726 0.532329976558685 0.541909992694855 0.548322021961212 0.549691021442413 0.549033999443054 0.546150982379913 0.519671022891998 0.507516026496887 0.526688992977142 0.546572983264923 0.538855016231537 0.545379996299744 0.551289021968842
0.473569989204407 0.491748988628387 0.483727991580963 0.454634010791779 0.521611988544464 0.471156001091003 0.561621010303497 0.519339025020599 0.466508001089096 0.477456003427505 0.475995004177094 0.46476799249649 0.464305013418198 0.449674010276794 0.440728008747101 0.442357987165451 0.379184007644653 0.378066003322601 0.417082995176315 0.393119990825653 0.479970008134842 0.538945972919464 0.534865975379944 0.55390602350235 0.541640996932983 0.533339023590088 0.516624987125397 0.496396988630295 0.511137008666992 0.502764999866486 0.52311098575592 0.545413970947266 0.562135994434357 0.553026974201202 0.531494975090027 0.507781028747559 0.492118000984192 0.498232990503311 0.506398022174835 0.511771023273468 0.522503018379211 0.534978985786438 0.541193008422852 0.538766026496887 0.542572975158691 0.548793017864227 0.502925992012024 0.506862998008728 0.490106999874115 0.454320013523102 0.511510014533997 0.567698001861572
0.591436982154846 0.567642986774445 0.547246992588043 0.513953983783722 0.512537002563477 0.505326986312866 0.532711029052734 0.502798020839691 0.460700005292892 0.445764988660812 0.440508008003235 0.449847996234894 0.408113986253738 0.421983003616333 0.37372699379921 0.34765899181366 0.314381986856461 0.328317999839783 0.347445011138916 0.387519985437393 0.398909002542496 0.451626986265182 0.4930320084095 0.506736993789673 0.456986993551254 0.492148995399475 0.467355996370316 0.463326990604401 0.453758001327515 0.463358014822006 0.479259014129639 0.507688999176025 0.555482983589172 0.528621017932892 0.442588001489639 0.377923011779785 0.378046989440918 0.415030986070633 0.441713005304337 0.468026995658875 0.466060996055603 0.487715005874634 0.534462988376617 0.529308974742889 0.517458021640778 0.504671990871429 0.501721978187561 0.434291988611221 0.492323994636536 0.428714990615845 0.435553014278412 0.504360020160675
0.582005023956299 0.584783017635345 0.536917984485626 0.554791986942291 0.551396012306213 0.462031990289688 0.591813981533051 0.463663995265961 0.445385009050369 0.397686004638672 0.39749801158905 0.397269994020462 0.364055991172791 0.328837007284164 0.336549997329712 0.356837004423141 0.419609010219574 0.498748987913132 0.54296600818634 0.543385028839111 0.46170899271965 0.433050990104675 0.444175004959106 0.461833000183105 0.423281997442245 0.419793993234634 0.445351004600525 0.451858013868332 0.418536990880966 0.461311012506485 0.416409999132156 0.448395013809204 0.49720099568367 0.449537009000778 0.390078991651535 0.326653987169266 0.307943999767303 0.288107991218567 0.346670985221863 0.350230991840363 0.381541013717651 0.373952001333237 0.467505991458893 0.456209003925323 0.417667001485825 0.327688992023468 0.331335991621017 0.382701992988586 0.422360986471176 0.525370001792908 0.475176006555557 0.388283997774124
0.562425971031189 0.578679978847504 0.578099012374878 0.624010980129242 0.575423002243042 0.482396006584167 0.600823998451233 0.438423007726669 0.466587007045746 0.494094997644424 0.49567699432373 0.516866028308868 0.50195699930191 0.544477999210358 0.578557014465332 0.567717015743256 0.544457018375397 0.557612001895905 0.615782022476196 0.614598989486694 0.534654974937439 0.421209990978241 0.430261999368668 0.426809996366501 0.45576798915863 0.380549997091293 0.449335008859634 0.432442009449005 0.448821991682053 0.461593002080917 0.456203997135162 0.412779986858368 0.406295001506805 0.407667994499207 0.332087010145187 0.276535987854004 0.507679998874664 0.415059000253677 0.348576009273529 0.343557000160217 0.318370014429092 0.303007006645203 0.445924013853073 0.356052994728088 0.324865996837616 0.325046002864838 0.308221995830536 0.331775993108749 0.362812995910645 0.416790008544922 0.472007006406784 0.48853000998497
0.629561007022858 0.619682013988495 0.48199799656868 0.46357199549675 0.490722000598907 0.48462501168251 0.612787008285522 0.451465994119644 0.51425302028656 0.568731009960175 0.567538022994995 0.538881003856659 0.551421999931335 0.520056009292603 0.500172019004822 0.537979006767273 0.567233979701996 0.481355994939804 0.495433986186981 0.50891101360321 0.446882992982864 0.433586001396179 0.439199000597 0.396259993314743 0.459818005561829 0.468897998332977 0.462107002735138 0.472797006368637 0.495094001293182 0.482558995485306 0.484023988246918 0.468820005655289 0.444453001022339 0.427273988723755 0.505765020847321 0.33346700668335 0.269093990325928 0.353103011846542 0.534466028213501 0.570419013500214 0.453366011381149 0.25280499458313 0.421575009822845 0.277179002761841 0.420266002416611 0.438930004835129 0.417169988155365 0.320872992277145 0.3612459897995 0.323105007410049 0.335574001073837 0.455630004405975
0.623336017131805 0.52013897895813 0.525336980819702 0.57598602771759 0.545122981071472 0.502174019813538 0.398604989051819 0.468098014593124 0.509032011032104 0.521121978759766 0.520828008651733 0.381531000137329 0.396490007638931 0.384927988052368 0.365727007389069 0.37083899974823 0.382223010063171 0.488478004932404 0.461694002151489 0.525808990001678 0.512371003627777 0.536800026893616 0.500607013702393 0.486604005098343 0.493755012750626 0.544915020465851 0.498412996530533 0.552766978740692 0.508700013160706 0.475376009941101 0.498082995414734 0.539424002170563 0.537531018257141 0.451624006032944 0.457305997610092 0.527921974658966 0.431270986795425 0.299003005027771 0.352052986621857 0.363655000925064 0.405941992998123 0.443850010633469 0.495418012142181 0.353561013936996 0.350394010543823 0.440223008394241 0.540444016456604 0.488656014204025 0.411588996648788 0.426324993371964 0.398249000310898 0.411493003368378
0.39157098531723 0.388603985309601 0.371006995439529 0.431737005710602 0.542165994644165 0.351554989814758 0.39538499712944 0.473230004310608 0.420401006937027 0.310326009988785 0.307565987110138 0.38348600268364 0.352512985467911 0.354930013418198 0.375281006097794 0.419508010149002 0.328529000282288 0.382376998662949 0.50009697675705 0.527750015258789 0.477889001369476 0.585152983665466 0.59722101688385 0.679374992847443 0.670735001564026 0.623769998550415 0.673596024513245 0.679877996444702 0.688202977180481 0.512124001979828 0.430058985948563 0.458629995584488 0.490514010190964 0.534825026988983 0.483139008283615 0.493604987859726 0.465314000844955 0.466479003429413 0.410695999860764 0.48675000667572 0.469069987535477 0.542123973369598 0.49380499124527 0.379747986793518 0.34689399600029 0.368402987718582 0.375867009162903 0.531098008155823 0.572880983352661 0.530337989330292 0.455798000097275 0.410035014152527
0.370757013559341 0.345133990049362 0.49770799279213 0.4410659968853 0.489333003759384 0.533514976501465 0.428701996803284 0.589636981487274 0.378221988677979 0.36142098903656 0.361595988273621 0.441011011600494 0.43341600894928 0.383015006780624 0.393934011459351 0.46942400932312 0.424923002719879 0.37049999833107 0.417474001646042 0.395628988742828 0.547397971153259 0.559794008731842 0.640428006649017 0.711265981197357 0.65787798166275 0.624683022499084 0.61980402469635 0.638810992240906 0.621604025363922 0.622977018356323 0.542420029640198 0.416314005851746 0.482831001281738 0.488297998905182 0.49711599946022 0.464679002761841 0.371834009885788 0.385598003864288 0.380555987358093 0.418069988489151 0.455457001924515 0.516269981861115 0.436235010623932 0.553601980209351 0.340561002492905 0.38527500629425 0.370330989360809 0.408143997192383 0.416521012783051 0.433840990066528 0.4826839864254 0.515208005905151
