Monophyllus_redmani.asc
ncols  804
nrows  378
xllcorner  -74.6418056
yllcorner  17.2248604
cellsize 0.00833333370646766
NODATA_value  -9999
[rows 46 to 68 of 378, columns 156 to 207 of 804]
-9999 -9999 -9999 -9999 -9999 -9999 -9999 -9999 -9999 -9999 -9999 -9999 -9999 -9999 -9999 -9999 -9999 -9999 -9999 -9999 -9999 -9999 -9999 -9999 -9999 -9999 -9999 -9999 -9999 -9999 -9999 -9999 -9999 -9999 -9999 -9999 -9999 -9999 -9999 -9999 -9999 -9999 -9999 -9999 -9999 -9999 -9999 -9999 -9999 -9999 -9999 -9999
-9999 -9999 -9999 -9999 -9999 -9999 -9999 -9999 -9999 -9999 -9999 -9999 -9999 -9999 -9999 -9999 -9999 -9999 -9999 -9999 -9999 -9999 -9999 -9999 -9999 -9999 -9999 -9999 -9999 -9999 -9999 -9999 -9999 -9999 -9999 -9999 -9999 -9999 -9999 -9999 -9999 -9999 -9999 -9999 -9999 -9999 -9999 -9999 -9999 -9999 -9999 -9999
-9999 -9999 -9999 -9999 -9999 -9999 -9999 -9999 -9999 -9999 -9999 -9999 -9999 -9999 -9999 -9999 -9999 -9999 -9999 -9999 -9999 -9999 -9999 -9999 -9999 -9999 -9999 -9999 -9999 -9999 -9999 -9999 -9999 -9999 -9999 -9999 -9999 -9999 -9999 -9999 -9999 -9999 -9999 -9999 -9999 -9999 -9999 -9999 -9999 -9999 -9999 -9999
-9999 -9999 -9999 -9999 -9999 -9999 -9999 -9999 -9999 -9999 -9999 -9999 -9999 -9999 -9999 -9999 -9999 -9999 -9999 -9999 -9999 -9999 -9999 -9999 -9999 -9999 -9999 -9999 -9999 -9999 -9999 -9999 -9999 -9999 -9999 -9999 -9999 -9999 -9999 -9999 -9999 -9999 -9999 -9999 -9999 -9999 -9999 -9999 -9999 -9999 -9999 -9999
-9999 -9999 -9999 -9999 -9999 -9999 -9999 -9999 -9999 -9999 -9999 -9999 -9999 -9999 -9999 -9999 -9999 -9999 -9999 -9999 -9999 -9999 -9999 -9999 -9999 -9999 -9999 -9999 -9999 -9999 -9999 -9999 -9999 -9999 -9999 -9999 -9999 -9999 -9999 -9999 -9999 -9999 -9999 -9999 -9999 -9999 -9999 -9999 -9999 -9999 -9999 -9999
-9999 -9999 -9999 -9999 -9999 -9999 -9999 -9999 -9999 -9999 -9999 -9999 -9999 -9999 -9999 -9999 -9999 -9999 -9999 -9999 -9999 -9999 -9999 -9999 -9999 -9999 -9999 -9999 -9999 -9999 -9999 -9999 -9999 -9999 -9999 -9999 -9999 -9999 -9999 -9999 -9999 -9999 -9999 -9999 -9999 -9999 -9999 -9999 -9999 -9999 -9999 -9999
-9999 -9999 -9999 -9999 -9999 -9999 -9999 -9999 -9999 -9999 -9999 -9999 -9999 -9999 -9999 -9999 -9999 -9999 -9999 -9999 -9999 -9999 -9999 -9999 -9999 -9999 -9999 -9999 -9999 -9999 -9999 -9999 -9999 -9999 -9999 -9999 -9999 -9999 -9999 -9999 -9999 -9999 -9999 -9999 -9999 -9999 -9999 -9999 -9999 -9999 -9999 -9999
-9999 -9999 -9999 -9999 -9999 -9999 -9999 -9999 -9999 -9999 -9999 -9999 -9999 -9999 -9999 -9999 -9999 -9999 -9999 -9999 0.494807988405228 0.490794003009796 0.498466998338699 -9999 -9999 -9999 -9999 -9999 -9999 -9999 -9999 -9999 -9999 -9999 -9999 -9999 -9999 -9999 -9999 -9999 -9999 -9999 -9999 -9999 -9999 -9999 -9999 0.481366008520126 0.461017996072769 0.454129010438919 0.459733992815018 0.492549985647202
-9999 -9999 -9999 -9999 -9999 -9999 -9999 -9999 -9999 -9999 -9999 -9999 -9999 -9999 -9999 -9999 -9999 -9999 0.485904008150101 0.490022987127304 0.490092992782593 0.497808992862701 0.521202027797699 0.439929008483887 0.455215990543365 0.46543300151825 0.488512992858887 0.487188994884491 0.474747002124786 0.478738993406296 0.484214007854462 0.477519005537033 0.498266011476517 0.503791987895966 0.488436013460159 0.467949986457825 0.508687973022461 0.501347005367279 0.513127028942108 0.500742971897125 0.465860992670059 0.508346021175385 0.495660006999969 0.470784991979599 0.471985012292862 0.494296997785568 0.471278995275497 0.441505014896393 0.43478998541832 0.443834006786346 0.487094014883041 0.509248971939087
-9999 -9999 -9999 -9999 -9999 -9999 -9999 -9999 -9999 -9999 -9999 -9999 -9999 -9999 -9999 -9999 -9999 0.488503009080887 0.472303003072739 0.475113987922668 0.482789993286133 0.48998299241066 0.486117988824844 0.490687996149063 0.421265989542007 0.449463993310928 0.518540024757385 0.482021987438202 0.49090901017189 0.473545014858246 0.456124007701874 0.443740993738174 0.497280985116959 0.514403998851776 0.469536989927292 0.495561003684998 0.45847499370575 0.503804981708527 0.492302000522614 0.44379198551178 0.494872003793716 0.46875 0.464251011610031 0.457534998655319 0.430990993976593 0.473648995161057 0.437287986278534 0.433187007904053 0.461735993623734 0.451241999864578 0.490931987762451 0.465072005987167
-9999 -9999 -9999 -9999 -9999 -9999 -9999 -9999 -9999 -9999 -9999 -9999 -9999 -9999 -9999 0.456488996744156 0.446687012910843 0.486138999462128 0.464213997125626 0.446116000413895 0.460543990135193 0.465043991804123 0.518036007881165 0.45542100071907 0.482197999954224 0.443188011646271 0.512533009052277 0.505770027637482 0.509014010429382 0.497759997844696 0.504414975643158 0.464993000030518 0.449948996305466 0.496461987495422 0.497402995824814 0.451375007629395 0.505693018436432 0.506996989250183 0.44344300031662 0.491905987262726 0.440616011619568 0.4843829870224 0.433995991945267 0.454611003398895 0.446446001529694 0.420444011688232 0.486788004636765 0.449849992990494 0.439801007509232 0.492951989173889 0.476727992296219 0.486072987318039
-9999 -9999 -9999 -9999 -9999 -9999 -9999 -9999 -9999 -9999 -9999 -9999 -9999 0.514755010604858 0.490108996629715 0.462269991636276 0.452630013227463 0.491450011730194 0.469592988491058 0.454131007194519 0.471432000398636 0.469772011041641 0.519218027591705 0.458090007305145 0.487118005752563 0.444743990898132 0.510545015335083 0.499803006649017 0.49524998664856 0.48258900642395 0.489621013402939 0.449707001447678 0.437772989273071 0.481335014104843 0.486815989017487 0.450819998979568 0.512130975723267 0.509001970291138 0.443948000669479 0.486108988523483 0.43469899892807 0.482235014438629 0.433524996042252 0.444819986820221 0.438960999250412 0.416597008705139 0.485936999320984 0.445484012365341 0.431302011013031 0.481085002422333 0.46576601266861 0.471518009901047
-9999 -9999 -9999 -9999 -9999 -9999 -9999 -9999 -9999 -9999 -9999 -9999 0.505209982395172 0.472470998764038 0.44744598865509 0.448897004127502 0.442151010036469 0.472541004419327 0.426147013902664 0.430058002471924 0.538327991962433 0.467451006174088 0.454966992139816 0.463847994804382 0.456200003623962 0.412326008081436 0.499707996845245 0.470912009477615 0.475391000509262 0.452973008155823 0.439220011234283 0.432761996984482 0.494652986526489 0.501089990139008 0.473854005336761 0.481178998947144 0.442512989044189 0.497022986412048 0.502660989761353 0.451492995023727 0.475576996803284 0.485486000776291 0.495745986700058 0.449701011180878 0.417259991168976 0.486225992441177 0.490072011947632 0.483648985624313 0.484697997570038 0.471273988485336 0.477382987737656 0.475569009780884
-9999 -9999 -9999 -9999 -9999 -9999 -9999 -9999 -9999 -9999 0.509769022464752 0.489663004875183 0.456211000680923 0.434399008750916 0.439383000135422 0.470899999141693 0.476083010435104 0.415246993303299 0.482746988534927 0.416224002838135 0.435135990381241 0.419416010379791 0.498605012893677 0.515139997005463 0.47162801027298 0.522409021854401 0.528433978557587 0.52345997095108 0.515452027320862 0.512035012245178 0.51969701051712 0.515043973922729 0.508907973766327 0.502590000629425 0.462285995483398 0.440685987472534 0.483651012182236 0.426016986370087 0.496647000312805 0.493909001350403 0.501272022724152 0.489006996154785 0.509020984172821 0.472552001476288 0.48760598897934 0.489775985479355 0.474858999252319 0.472288012504578 0.464565992355347 0.473224997520447 0.465191006660461 0.457771986722946
-9999 -9999 -9999 -9999 -9999 -9999 -9999 -9999 0.508698999881744 0.481588006019592 0.456963002681732 0.42594701051712 0.416083991527557 0.450980007648468 0.522512018680573 0.46603998541832 0.421586990356445 0.487271010875702 0.504880011081696 0.472624987363815 0.473908990621567 0.516610026359558 0.515042006969452 0.506356000900269 0.528985023498535 0.505545973777771 0.527288973331451 0.523320972919464 0.519810974597931 0.500214993953705 0.509989023208618 0.497251003980637 0.50729501247406 0.51198399066925 0.514069974422455 0.486460000276566 0.453855007886887 0.51493901014328 0.504078984260559 0.50034099817276 0.501698970794678 0.484403997659683 0.513988971710205 0.487134993076324 0.49567699432373 0.482477992773056 0.476963013410568 0.48130801320076 0.480859994888306 0.477375000715256 0.479472011327744 0.474175989627838
-9999 -9999 -9999 -9999 -9999 0.479732006788254 0.479642987251282 0.461084991693497 0.436993986368179 0.408838987350464 0.400710999965668 0.405041992664337 0.477057993412018 0.470990002155304 0.440542995929718 0.473078012466431 0.522167026996613 0.513399004936218 0.497826993465424 0.511735022068024 0.485215991735458 0.483119010925293 0.481054991483688 0.511273980140686 0.52538400888443 0.515413999557495 0.471529990434647 0.509643018245697 0.495195001363754 0.510598003864288 0.508741974830627 0.514407992362976 0.505433976650238 0.513293027877808 0.515816986560822 0.508830010890961 0.512476980686188 0.509836971759796 0.49523401260376 0.505847990512848 0.495036989450455 0.496486008167267 0.517477989196777 0.488918989896774 0.475964993238449 0.486559003591537 0.483655989170074 0.487305998802185 0.469572991132736 0.481011003255844 0.471538990736008 0.451824009418488
-9999 -9999 0.495914995670319 0.456321001052856 0.434511989355087 0.418179005384445 0.419930994510651 0.424113005399704 0.411668002605438 0.422031998634338 0.41881799697876 0.439388006925583 0.442375004291534 0.463968992233276 0.530578970909119 0.499184012413025 0.515872001647949 0.498421013355255 0.497464001178741 0.486975997686386 0.475356996059418 0.476687014102936 0.484703987836838 0.516083002090454 0.514782011508942 0.5244460105896 0.505491018295288 0.48157000541687 0.501666009426117 0.507277011871338 0.508104979991913 0.508625984191895 0.49217900633812 0.488716006278992 0.506370007991791 0.519658029079437 0.50406801700592 0.498039990663528 0.508723020553589 0.50298398733139 0.497855991125107 0.50017899274826 0.508068978786469 0.510462999343872 0.474727988243103 0.46739199757576 0.467202007770538 0.461867988109589 0.46129098534584 0.481285989284515 0.459699988365173 0.452542006969452
0.497761011123657 0.46807399392128 0.413314014673233 0.41210401058197 0.419716000556946 0.43953400850296 0.442634999752045 0.453487992286682 0.439996004104614 0.448208004236221 0.438666999340057 0.4791139960289 0.431522011756897 0.424151003360748 0.511767983436584 0.523817002773285 0.492971986532211 0.504173994064331 0.510398983955383 0.489347010850906 0.471024006605148 0.442245990037918 0.435950994491577 0.493279010057449 0.50032901763916 0.51189798116684 0.507185995578766 0.50373500585556 0.510438024997711 0.512786984443665 0.497700989246368 0.497171014547348 0.494578003883362 0.47903698682785 0.468198001384735 0.521260976791382 0.508998990058899 0.498210996389389 0.504451990127563 0.493472993373871 0.503785014152527 0.475421011447906 0.49932798743248 0.501428008079529 0.488655000925064 0.483765006065369 0.46832600235939 0.472153007984161 0.46867498755455 0.449822992086411 0.465847998857498 0.455716997385025
0.431692004203796 0.403113007545471 0.405344992876053 0.440479010343552 0.457527011632919 0.473951995372772 0.475717008113861 0.446934014558792 0.436176002025604 0.442469000816345 0.470223009586334 0.49083599448204 0.433614999055862 0.469267994165421 0.475995004177094 0.538811028003693 0.493261009454727 0.486321985721588 0.471592009067535 0.490388989448547 0.419780999422073 0.40768900513649 0.415531992912292 0.422975987195969 0.525430023670197 0.508113980293274 0.494771003723145 0.460871011018753 0.496728003025055 0.504276990890503 0.496760010719299 0.527091979980469 0.5157790184021 0.499439001083374 0.481947004795074 0.468645006418228 0.485119998455048 0.509247004985809 0.509101986885071 0.497529000043869 0.490538001060486 0.452632009983063 0.488660007715225 0.484400004148483 0.470836013555527 0.486344009637833 0.484524995088577 0.498450011014938 0.468439996242523 0.47173199057579 0.470604985952377 0.477697014808655
0.423938006162643 0.432464987039566 0.47112300992012 0.469678997993469 0.467328011989594 0.451534003019333 0.455134987831116 0.428600996732712 0.45414999127388 0.464695990085602 0.505445003509521 0.489315003156662 0.449624001979828 0.451301991939545 0.482558995485306 0.502789974212646 0.508840024471283 0.484236985445023 0.44939199090004 0.438850998878479 0.434644013643265 0.366654992103577 0.503709018230438 0.424360007047653 0.487298011779785 0.517490983009338 0.532436013221741 0.440629988908768 0.459327012300491 0.500456988811493 0.506238996982574 0.510523974895477 0.48955500125885 0.46425598859787 0.483590990304947 0.448157995939255 0.463007003068924 0.452306002378464 0.486887007951736 0.5033940076828 0.45091700553894 0.496003001928329 0.492356985807419 0.492585986852646 0.488669991493225 0.470586985349655 0.503809988498688 0.494129002094269 0.487580001354218 0.499940007925034 0.491780996322632 0.482425004243851
0.48598700761795 0.493048012256622 0.48410901427269 0.469107985496521 0.454237014055252 0.45702600479126 0.462902992963791 0.471760988235474 0.497676998376846 0.5190070271492 0.525829970836639 0.42468199133873 0.43265101313591 0.483325988054276 0.492579996585846 0.490110009908676 0.488568991422653 0.435310989618301 0.38289800286293 0.402904003858566 0.479988992214203 0.372741013765335 0.483790010213852 0.449921011924744 0.45371600985527 0.524622023105621 0.468214988708496 0.489953011274338 0.439399987459183 0.448352009057999 0.504725992679596 0.484236985445023 0.443711012601852 0.446556985378265 0.451404005289078 0.529910027980804 0.463766992092133 0.452111005783081 0.486173003911972 0.487608999013901 0.466410011053085 0.477223008871078 0.509491980075836 0.509212970733643 0.522916972637177 0.506456971168518 0.485399007797241 0.48650398850441 0.495676010847092 0.47545000910759 0.488400995731354 0.452430009841919
0.509786009788513 0.491820991039276 0.481956005096436 0.470025986433029 0.481700003147125 0.471504986286163 0.479741990566254 0.486382991075516 0.528510987758636 0.557376027107239 0.527619004249573 0.459764987230301 0.45184600353241 0.460281997919083 0.500335991382599 0.439197987318039 0.348670989274979 0.372231006622314 0.449001014232635 0.355004012584686 0.421003997325897 0.454443991184235 0.403337985277176 0.534048020839691 0.413287997245789 0.453348010778427 0.481792002916336 0.499545007944107 0.48861500620842 0.46126601099968 0.466354995965958 0.457408994436264 0.451822012662888 0.470568001270294 0.459601014852524 0.468263000249863 0.472391992807388 0.498329997062683 0.475001007318497 0.4757120013237 0.472252994775772 0.487913995981216 0.485152006149292 0.500303983688354 0.522701025009155 0.493788987398148 0.466672986745834 0.453821986913681 0.484463006258011 0.460521012544632 0.482517004013062 0.477611005306244
0.504051029682159 0.508174002170563 0.486256986856461 0.475919991731644 0.472840011119843 0.463025003671646 0.467379987239838 0.510904014110565 0.53412401676178 0.566442012786865 0.532207012176514 0.487477988004684 0.493248999118805 0.431371986865997 0.50049901008606 0.362208992242813 0.419472992420197 0.42382800579071 0.568484008312225 0.455103993415833 0.342822998762131 0.426642000675201 0.48471200466156 0.438188999891281 0.519842982292175 0.408782005310059 0.48767301440239 0.503998994827271 0.520241022109985 0.479824990034103 0.4548180103302 0.461883008480072 0.464913010597229 0.450888007879257 0.501461029052734 0.41252800822258 0.481534004211426 0.493532985448837 0.493010014295578 0.473033994436264 0.468075007200241 0.467581987380981 0.458104997873306 0.489908009767532 0.446601986885071 0.485101014375687 0.451512008905411 0.444851994514465 0.477775990962982 0.48123899102211 0.451299995183945 0.502052009105682
