Monophyllus_redmani.asc
ncols  804
nrows  378
xllcorner  -74.6418056
yllcorner  17.2248604
cellsize 0.00833333370646766
NODATA_value  -9999
[rows 253 to 275 of 378, columns 364 to 415 of 804]
0.491521000862122 0.41924199461937 0.495943993330002 0.388300001621246 0.496547996997833 0.504432022571564 0.527342021465302 0.369522988796234 0.396620988845825 0.410654991865158 0.45456799864769 0.583526015281677 0.580111026763916 0.520824015140533 0.519087016582489 0.556774020195007 0.615710020065308 0.509216010570526 0.568809986114502 0.450850993394852 0.428598999977112 0.555602014064789 0.422327995300293 0.389239013195038 0.512557029724121 0.620895981788635 0.595557987689972 0.528158009052277 0.576701998710632 0.619372010231018 0.588621973991394 0.609477996826172 0.609333992004395 0.551586985588074 0.563989996910095 0.610327005386353 0.635891973972321 0.597298979759216 0.629988014698029 0.62322598695755 0.626798987388611 0.62866997718811 0.629963994026184 0.628557026386261 0.630798995494843 0.633965015411377 0.634365022182465 0.640712976455688 0.641879975795746 0.642428994178772 0.645448982715607 0.645991027355194
0.525067985057831 0.473953008651733 0.463941007852554 0.468616992235184 0.438564985990524 0.457740992307663 0.532770991325378 0.540247023105621 0.460483998060226 0.380010008811951 0.360870987176895 0.411323010921478 0.56317800283432 0.622866988182068 0.61361300945282 0.598151981830597 0.581659972667694 0.620884001255035 0.413619995117188 0.440439999103546 0.640851974487305 0.480069994926453 0.465283006429672 0.491284996271133 0.592876970767975 0.616800010204315 0.618632018566132 0.609681010246277 0.561080992221832 0.560456991195679 0.60028201341629 0.6216139793396 0.587812006473541 0.587926983833313 0.608111977577209 0.573620975017548 0.547414004802704 0.541297018527985 0.596394002437592 0.609962999820709 0.610276997089386 0.616730988025665 0.616369009017944 0.607985973358154 0.614497005939484 0.625330984592438 0.629725992679596 0.632484972476959 0.636920988559723 0.632071971893311 0.642443001270294 0.647448003292084
0.463939994573593 0.490924000740051 0.482706010341644 0.425211995840073 0.447075009346008 0.563657999038696 0.474723011255264 0.459551006555557 0.482847988605499 0.548564970493317 0.433182001113892 0.364481002092361 0.395475000143051 0.519276976585388 0.510043978691101 0.584066987037659 0.565630972385406 0.629410982131958 0.51188999414444 0.414195001125336 0.414669990539551 0.393061012029648 0.46696999669075 0.481505990028381 0.582729995250702 0.618770003318787 0.615974009037018 0.611359000205994 0.614131987094879 0.598461985588074 0.588181972503662 0.606131017208099 0.596606016159058 0.612398982048035 0.601864993572235 0.564722001552582 0.613189995288849 0.574185013771057 0.581171989440918 0.583015978336334 0.59783399105072 0.595911979675293 0.587203979492188 0.590870022773743 0.59162300825119 0.611337006092072 0.609567999839783 0.600409984588623 0.621685981750488 0.614773988723755 0.621900975704193 0.628435015678406
0.523616015911102 0.490886002779007 0.536117017269135 0.490718007087708 0.399942010641098 0.464598000049591 0.523892998695374 0.483274012804031 0.468306005001068 0.514809012413025 0.495752990245819 0.510591983795166 0.390401989221573 0.410616010427475 0.406922996044159 0.497007012367249 0.539559006690979 0.523570001125336 0.497943997383118 0.441935986280441 0.4723120033741 0.378531992435455 0.320326000452042 0.293018013238907 0.401425004005432 0.567179024219513 0.615531980991364 0.602102994918823 0.600126028060913 0.604076027870178 0.617678999900818 0.593232989311218 0.592980980873108 0.595822989940643 0.599524021148682 0.587131977081299 0.619225025177002 0.540793001651764 0.580832004547119 0.573046982288361 0.577944993972778 0.579294979572296 0.583956003189087 0.590250015258789 0.589883029460907 0.574342012405396 0.574684023857117 0.577969014644623 0.594121992588043 0.599276006221771 0.593580007553101 0.610570013523102
0.600808024406433 0.56673002243042 0.560606002807617 0.559764981269836 0.473551988601685 0.4098120033741 0.445841014385223 0.474886000156403 0.529206991195679 0.46213299036026 0.484167009592056 0.439042001962662 0.557000994682312 0.491917014122009 0.48937401175499 0.481741011142731 0.5261589884758 0.565410017967224 0.591659009456635 0.559345006942749 0.514402985572815 0.543102979660034 0.508186995983124 0.358787000179291 0.277130991220474 0.40336799621582 0.587411999702454 0.607354998588562 0.592158019542694 0.588497996330261 0.587428987026215 0.583980023860931 0.58591902256012 0.583177983760834 0.562532007694244 0.543356001377106 0.505120992660522 0.539690017700195 0.526795983314514 0.562300980091095 0.557377994060516 0.565934002399445 0.580003023147583 0.581977009773254 0.578037977218628 0.56979900598526 0.557844996452332 0.576372027397156 0.587767004966736 0.590650975704193 0.586033999919891 0.595533013343811
0.570858001708984 0.632622003555298 0.649604976177216 0.644559979438782 0.623272001743317 0.535926997661591 0.469049990177155 0.45135098695755 0.504966020584106 0.544304013252258 0.532836019992828 0.437065005302429 0.41347399353981 0.44896599650383 0.455554008483887 0.555051982402802 0.553393006324768 0.554861009120941 0.631426990032196 0.665530979633331 0.666876018047333 0.632112979888916 0.610296010971069 0.565101027488708 0.443080008029938 0.34307000041008 0.43419998884201 0.556101977825165 0.594268023967743 0.587193012237549 0.576875984668732 0.584662973880768 0.576191008090973 0.560784995555878 0.545481979846954 0.502838015556335 0.505840003490448 0.564163982868195 0.461582005023956 0.536563992500305 0.541643023490906 0.544731020927429 0.570774972438812 0.574611008167267 0.53007698059082 0.514549016952515 0.528846025466919 0.548354983329773 0.553677022457123 0.55759197473526 0.562897980213165 0.570003986358643
0.606543004512787 0.561455011367798 0.628463983535767 0.596861004829407 0.644540011882782 0.62710702419281 0.577920973300934 0.55649197101593 0.52564799785614 0.577813982963562 0.599035024642944 0.584658026695251 0.474952012300491 0.409162998199463 0.412335991859436 0.375847011804581 0.4964280128479 0.617974996566772 0.556097984313965 0.591522991657257 0.653798997402191 0.620473980903625 0.594731986522675 0.510864973068237 0.35555699467659 0.372996985912323 0.401455998420715 0.507737994194031 0.566830992698669 0.588290989398956 0.583976984024048 0.57479202747345 0.549646019935608 0.545593023300171 0.533728003501892 0.496679991483688 0.484315007925034 0.517742991447449 0.488754987716675 0.453644007444382 0.535504996776581 0.544749975204468 0.561839997768402 0.561734020709991 0.537347972393036 0.551015019416809 0.540863990783691 0.548205018043518 0.496847987174988 0.553731977939606 0.560908019542694 0.576052010059357
0.605520009994507 0.598948001861572 0.595650017261505 0.613526999950409 0.560890018939972 0.664713025093079 0.581795990467072 0.603451013565063 0.615034997463226 0.595112025737762 0.651193022727966 0.641170024871826 0.614886999130249 0.579712986946106 0.583271980285645 0.460372000932693 0.345616012811661 0.419806003570557 0.552718997001648 0.5711629986763 0.612879991531372 0.586290001869202 0.569150984287262 0.561582028865814 0.40318700671196 0.371845990419388 0.530063986778259 0.488774001598358 0.528330028057098 0.544553995132446 0.556356012821198 0.575802028179169 0.540212988853455 0.531023979187012 0.504698991775513 0.463952004909515 0.466358006000519 0.543370008468628 0.514104008674622 0.45660001039505 0.48504900932312 0.511282026767731 0.540633976459503 0.573195993900299 0.598728001117706 0.558175027370453 0.583194971084595 0.588057994842529 0.57525497674942 0.618727028369904 0.671603977680206 0.646578013896942
0.60089099407196 0.653656005859375 0.613228976726532 0.609035015106201 0.587661027908325 0.55630499124527 0.641743004322052 0.554630994796753 0.632883012294769 0.636429011821747 0.632966995239258 0.646959006786346 0.645408987998962 0.629023015499115 0.636604011058807 0.592903017997742 0.534382998943329 0.412811011075974 0.417201012372971 0.418511986732483 0.581278026103973 0.538166999816895 0.496717989444733 0.636102974414825 0.609663009643555 0.392031997442245 0.452847987413406 0.505954027175903 0.527876019477844 0.495927006006241 0.500099003314972 0.589576005935669 0.533191978931427 0.524233996868134 0.442360997200012 0.426447987556458 0.485190987586975 0.420709013938904 0.491106986999512 0.437314987182617 0.431791007518768 0.492027997970581 0.515375971794128 0.539628982543945 0.51944500207901 0.544807970523834 0.593870997428894 0.595752000808716 0.681780993938446 0.628724992275238 0.61981201171875 0.673295974731445
0.581493020057678 0.586778998374939 0.596868991851807 0.652303993701935 0.648348987102509 0.555414021015167 0.581672012805939 0.616932988166809 0.521027982234955 0.579616010189056 0.601330995559692 0.624481022357941 0.619663000106812 0.627420008182526 0.638949990272522 0.637767970561981 0.572192013263702 0.550998985767365 0.512512981891632 0.561964988708496 0.492848992347717 0.554614007472992 0.471735000610352 0.483289986848831 0.455689013004303 0.428178995847702 0.356494009494781 0.46501499414444 0.528907001018524 0.462053000926971 0.529833018779755 0.538716018199921 0.523428022861481 0.450010985136032 0.446648001670837 0.401246011257172 0.401358991861343 0.386097997426987 0.500137984752655 0.448314011096954 0.418107002973557 0.43444898724556 0.52157199382782 0.519470989704132 0.483220010995865 0.50873202085495 0.574441015720367 0.611853003501892 0.690613985061646 0.6423259973526 0.642163991928101 0.637772977352142
0.558216989040375 0.565815985202789 0.584133982658386 0.588427007198334 0.583527028560638 0.558436989784241 0.547200977802277 0.579210996627808 0.548170983791351 0.56556099653244 0.54798299074173 0.540656983852386 0.561523973941803 0.566453993320465 0.579657018184662 0.641759991645813 0.617154002189636 0.595354020595551 0.553597986698151 0.591112017631531 0.59059202671051 0.580802023410797 0.536490023136139 0.440427005290985 0.610540986061096 0.541294991970062 0.455879002809525 0.314063012599945 0.381509006023407 0.581991016864777 0.51571398973465 0.591517984867096 0.534298002719879 0.470167011022568 0.436300992965698 0.420415997505188 0.442173987627029 0.508504986763 0.487394988536835 0.443107008934021 0.41075199842453 0.410690009593964 0.537392020225525 0.493696987628937 0.484694987535477 0.519896984100342 0.511985003948212 0.557810008525848 0.63491302728653 0.624014019966125 0.595395028591156 0.624109983444214
0.55391401052475 0.593499004840851 0.610629975795746 0.589003026485443 0.537859976291656 0.567396998405457 0.498519986867905 0.563585996627808 0.592108011245728 0.52717399597168 0.580133020877838 0.504051983356476 0.453592002391815 0.46467998623848 0.470375001430511 0.395336002111435 0.373456001281738 0.602298974990845 0.618844985961914 0.551735997200012 0.606791019439697 0.668784976005554 0.521763026714325 0.437169998884201 0.574517011642456 0.573400974273682 0.568736970424652 0.616546988487244 0.390296012163162 0.378625988960266 0.413349986076355 0.61318701505661 0.445592999458313 0.481445997953415 0.46101701259613 0.463946014642715 0.473434001207352 0.481579005718231 0.589999973773956 0.453179001808167 0.329553991556168 0.414095997810364 0.577512979507446 0.469204008579254 0.494111001491547 0.519665002822876 0.550788998603821 0.557910978794098 0.578918993473053 0.603583991527557 0.602526009082794 0.56292599439621
0.582737028598785 0.609924018383026 0.631040990352631 0.630101978778839 0.628217995166779 0.662409007549286 0.527819991111755 0.522868990898132 0.536131978034973 0.588882029056549 0.517616987228394 0.516328990459442 0.557949006557465 0.493182003498077 0.491944998502731 0.439841002225876 0.379189014434814 0.329815000295639 0.516857981681824 0.648765981197357 0.559983015060425 0.665383994579315 0.600022971630096 0.426530987024307 0.439538985490799 0.579446971416473 0.546869993209839 0.584342002868652 0.544785976409912 0.600340008735657 0.346242010593414 0.515886008739471 0.455603003501892 0.466830998659134 0.489223003387451 0.508076012134552 0.465243011713028 0.512714028358459 0.589393019676208 0.569118022918701 0.317907005548477 0.387724995613098 0.559684991836548 0.473554998636246 0.554581999778748 0.593841016292572 0.544537007808685 0.603397011756897 0.562699973583221 0.506047010421753 0.552913010120392 0.564395010471344
0.604265987873077 0.608156979084015 0.65091198682785 0.657495975494385 0.667788982391357 0.65403801202774 0.647589981555939 0.566617012023926 0.572342991828918 0.538012027740479 0.575693011283875 0.514663994312286 0.56182998418808 0.533432006835938 0.521407008171082 0.514328002929688 0.482322007417679 0.411190003156662 0.34433901309967 0.478208988904953 0.646269977092743 0.648823976516724 0.525786995887756 0.426393002271652 0.480087995529175 0.523580014705658 0.604355990886688 0.563764989376068 0.536821007728577 0.555440008640289 0.584223985671997 0.483747988939285 0.434224992990494 0.432702004909515 0.590907990932465 0.561426997184753 0.443089008331299 0.499639987945557 0.582861006259918 0.636393010616302 0.360040992498398 0.376269996166229 0.48360800743103 0.563176989555359 0.519003987312317 0.554361999034882 0.562452971935272 0.506748020648956 0.551950991153717 0.531295001506805 0.464323997497559 0.552896022796631
0.589110970497131 0.595646023750305 0.594036996364594 0.62459397315979 0.63825398683548 0.648983001708984 0.66031801700592 0.659421980381012 0.61538302898407 0.612233996391296 0.606341004371643 0.581593990325928 0.480562001466751 0.512015998363495 0.494046002626419 0.537850022315979 0.530964970588684 0.535247981548309 0.46542501449585 0.364315003156662 0.426844000816345 0.60385799407959 0.53243100643158 0.429971992969513 0.499213010072708 0.463791996240616 0.509521007537842 0.61148601770401 0.600046992301941 0.496320009231567 0.471724987030029 0.448841989040375 0.573552012443542 0.406477004289627 0.530220985412598 0.544602990150452 0.540975987911224 0.50032901763916 0.558368980884552 0.585770010948181 0.378291010856628 0.462296992540359 0.48378399014473 0.444588989019394 0.533652007579803 0.517870008945465 0.568657994270325 0.529286980628967 0.556410014629364 0.576484978199005 0.596247017383575 0.548282027244568
0.51544201374054 0.540899991989136 0.563722014427185 0.607713997364044 0.628157019615173 0.648164987564087 0.671652019023895 0.680950999259949 0.623309016227722 0.598694026470184 0.601383984088898 0.533160984516144 0.443401008844376 0.389714002609253 0.38051700592041 0.562153995037079 0.549989998340607 0.604640007019043 0.623422026634216 0.565945982933044 0.400519013404846 0.320412993431091 0.472213000059128 0.591445028781891 0.594779014587402 0.522617995738983 0.382833987474442 0.509707987308502 0.483678996562958 0.393774002790451 0.546018004417419 0.4026840031147 0.474236994981766 0.48709899187088 0.443262010812759 0.532800018787384 0.57700902223587 0.560998022556305 0.515936970710754 0.459307998418808 0.470723986625671 0.508077025413513 0.535297989845276 0.419373989105225 0.47801399230957 0.471994012594223 0.6214240193367 0.664795994758606 0.627366006374359 0.579047977924347 0.546284019947052 0.486620008945465
0.53261798620224 0.559684991836548 0.584622979164124 0.619202017784119 0.624876022338867 0.636949002742767 0.674265027046204 0.664228975772858 0.666539013385773 0.57615602016449 0.527216017246246 0.474629998207092 0.440185010433197 0.524119019508362 0.514124989509583 0.387434989213943 0.525161027908325 0.526409983634949 0.616410970687866 0.609046995639801 0.638278007507324 0.597968995571136 0.393822997808456 0.4393669962883 0.477347999811172 0.489955008029938 0.617425978183746 0.465142995119095 0.422630995512009 0.484838008880615 0.565038979053497 0.505216002464294 0.396118998527527 0.453186005353928 0.445776998996735 0.477737009525299 0.572268009185791 0.570100009441376 0.519658982753754 0.48921799659729 0.484667986631393 0.586256980895996 0.536612987518311 0.546676993370056 0.483904987573624 0.611979007720947 0.715942025184631 0.647026002407074 0.5555340051651 0.606262028217316 0.478498011827469 0.510600984096527
0.56367301940918 0.564974009990692 0.545180976390839 0.563485026359558 0.589879989624023 0.600670993328094 0.613924026489258 0.644240975379944 0.667078971862793 0.617919981479645 0.533237993717194 0.52061802148819 0.441206991672516 0.508531987667084 0.495608001947403 0.507930994033813 0.474671006202698 0.442634999752045 0.441711008548737 0.494832009077072 0.641918003559113 0.636745989322662 0.65209698677063 0.622950971126556 0.658026993274689 0.551765978336334 0.478022992610931 0.529752016067505 0.591571986675262 0.618416011333466 0.649173974990845 0.590426981449127 0.51416802406311 0.522014975547791 0.448810994625092 0.562900006771088 0.58542001247406 0.512094020843506 0.546212017536163 0.577486991882324 0.536412000656128 0.515770971775055 0.548861980438232 0.479059994220734 0.676283001899719 0.680190026760101 0.686680018901825 0.612545013427734 0.740158975124359 0.710233986377716 0.719461977481842 0.64690500497818
0.558722019195557 0.560824990272522 0.540593981742859 0.552720010280609 0.579518020153046 0.590129971504211 0.603007972240448 0.640757977962494 0.668941020965576 0.623390972614288 0.531620979309082 0.523967027664185 0.444795995950699 0.511491000652313 0.497381985187531 0.505724012851715 0.476303994655609 0.446280002593994 0.443177998065948 0.498228996992111 0.639820992946625 0.63442999124527 0.636202991008759 0.609519004821777 0.638912975788116 0.53973799943924 0.471235990524292 0.53422999382019 0.608669996261597 0.632548987865448 0.653419971466064 0.598487973213196 0.5310959815979 0.54661500453949 0.479770988225937 0.599281013011932 0.614537000656128 0.530973970890045 0.55637401342392 0.584612011909485 0.546709001064301 0.52989798784256 0.562792003154755 0.496692001819611 0.698912978172302 0.701807975769043 0.702266991138458 0.618521988391876 0.73998898267746 0.712797999382019 0.726520001888275 0.654247999191284
0.474730998277664 0.498214989900589 0.538837015628815 0.53726601600647 0.556795001029968 0.576659023761749 0.599961996078491 0.620187997817993 0.666737020015717 0.683089971542358 0.539492011070251 0.506452977657318 0.517925977706909 0.38562598824501 0.374489992856979 0.529411971569061 0.589812994003296 0.530412018299103 0.47197699546814 0.411807000637054 0.392224997282028 0.42281100153923 0.501541972160339 0.584519982337952 0.615724980831146 0.653496026992798 0.569734990596771 0.546913981437683 0.534716010093689 0.522400975227356 0.564414978027344 0.578486025333405 0.564893007278442 0.632130980491638 0.734342992305756 0.730256974697113 0.60928601026535 0.488467991352081 0.583193004131317 0.654955983161926 0.618431985378265 0.65243798494339 0.597131013870239 0.499289989471436 0.460626006126404 0.595981001853943 0.550307989120483 0.642228007316589 0.468897998332977 0.570603013038635 0.653858006000519 0.60563600063324
0.541162014007568 0.492103010416031 0.516632974147797 0.552070021629333 0.559589028358459 0.565698981285095 0.584730982780457 0.604004979133606 0.626634001731873 0.669916987419128 0.658801019191742 0.459531992673874 0.54534500837326 0.453307002782822 0.440688997507095 0.339661002159119 0.544037997722626 0.6684849858284 0.609600007534027 0.580968976020813 0.518741011619568 0.520022988319397 0.544681012630463 0.544535994529724 0.632286012172699 0.601851999759674 0.596059024333954 0.583875000476837 0.603356003761292 0.602550983428955 0.555931985378265 0.527072012424469 0.512760996818542 0.609389007091522 0.684957027435303 0.688908994197845 0.649200022220612 0.565971970558167 0.515556991100311 0.655189990997314 0.515751004219055 0.567344009876251 0.657850027084351 0.639117002487183 0.596045017242432 0.496446996927261 0.46084800362587 0.541495978832245 0.52684497833252 0.61870002746582 0.737348973751068 0.601908981800079
0.569685995578766 0.550381004810333 0.510814011096954 0.518194019794464 0.557765007019043 0.545682013034821 0.564222991466522 0.588630974292755 0.608476996421814 0.632941007614136 0.682694971561432 0.58330100774765 0.518652975559235 0.606308996677399 0.598083972930908 0.37848699092865 0.323040992021561 0.464720994234085 0.635097980499268 0.644586026668549 0.599195003509521 0.447876006364822 0.446974992752075 0.596188008785248 0.613243997097015 0.606885015964508 0.636961996555328 0.621258020401001 0.634185016155243 0.6389399766922 0.689899981021881 0.589222013950348 0.521562993526459 0.564375996589661 0.583507001399994 0.684943020343781 0.537271022796631 0.54983001947403 0.62339198589325 0.634683012962341 0.651452004909515 0.550902009010315 0.581301987171173 0.730093002319336 0.661862015724182 0.648298025131226 0.632247984409332 0.454337000846863 0.45422300696373 0.481099009513855 0.702775001525879 0.645111978054047
0.590224981307983 0.579210996627808 0.561380982398987 0.51698100566864 0.555140972137451 0.568093001842499 0.546819984912872 0.564058005809784 0.585062980651855 0.618803977966309 0.652557015419006 0.70592999458313 0.580123007297516 0.617316007614136 0.613982975482941 0.582642018795013 0.428963989019394 0.33125901222229 0.448749989271164 0.598210990428925 0.596446990966797 0.530710995197296 0.505046010017395 0.595445990562439 0.620886981487274 0.614166021347046 0.574858009815216 0.647975981235504 0.647328972816467 0.61564302444458 0.638541996479034 0.666914999485016 0.633401989936829 0.615269005298615 0.604800999164581 0.622505009174347 0.549883008003235 0.615018010139465 0.707100987434387 0.606675028800964 0.664681017398834 0.718037009239197 0.608115017414093 0.540633976459503 0.635828018188477 0.676253974437714 0.618766009807587 0.569607973098755 0.541355013847351 0.401533991098404 0.563628017902374 0.623933970928192
