Monophyllus_redmani.asc
ncols  804
nrows  378
xllcorner  -74.6418056
yllcorner  17.2248604
cellsize 0.00833333370646766
NODATA_value  -9999
[rows 184 to 206 of 378, columns 260 to 311 of 804]
0.471284985542297 0.362080991268158 0.28413799405098 0.308320999145508 0.371688008308411 0.503395974636078 0.5884850025177 0.507405996322632 0.473830997943878 0.511538982391357 0.474817007780075 0.390949994325638 0.4011450111866 0.455715000629425 0.353814005851746 0.426569014787674 0.512818992137909 0.469599992036819 0.458685994148254 0.45236998796463 0.498255014419556 0.503346025943756 0.468515008687973 0.464080005884171 0.44539201259613 0.439911991357803 0.470490992069244 0.562897980213165 0.488471001386642 0.525703012943268 0.567039012908936 0.484151005744934 0.477456986904144 0.494596987962723 0.509211003780365 0.49898099899292 0.488604992628098 0.473755985498428 0.463203012943268 0.466150999069214 0.476837992668152 0.47324800491333 0.476451992988586 0.472941011190414 0.463589012622833 0.437308996915817 0.42570099234581 0.454497992992401 0.442779004573822 0.451691001653671 0.393754988908768 0.382373988628387
0.465393006801605 0.414768993854523 0.315461009740829 0.280119985342026 0.287250012159348 0.35274401307106 0.38043200969696 0.416785001754761 0.371845990419388 0.434951990842819 0.403093993663788 0.330617010593414 0.347041994333267 0.309756994247437 0.407804995775223 0.487688988447189 0.631026983261108 0.623081028461456 0.59010899066925 0.513611018657684 0.47511899471283 0.53907698392868 0.570329010486603 0.567246973514557 0.534097015857697 0.490906000137329 0.416072010993958 0.44769299030304 0.387764006853104 0.497756004333496 0.472553014755249 0.499929010868073 0.486487001180649 0.492846012115479 0.518064975738525 0.483776986598969 0.48319599032402 0.486220002174377 0.485998004674911 0.48827201128006 0.486600995063782 0.469417989253998 0.468531012535095 0.473183006048203 0.444279998540878 0.452993988990784 0.468726992607117 0.452158004045486 0.450479000806808 0.456438988447189 0.371111989021301 0.397341012954712
0.448101013898849 0.504252016544342 0.492080003023148 0.41168600320816 0.342664003372192 0.343181997537613 0.318224996328354 0.464397996664047 0.356546998023987 0.353958010673523 0.335473001003265 0.358047008514404 0.366120010614395 0.234045997262001 0.232308000326157 0.462377995252609 0.581248998641968 0.580451011657715 0.560341000556946 0.618013024330139 0.527469992637634 0.47181499004364 0.534842014312744 0.623134016990662 0.610683023929596 0.544804990291595 0.533843994140625 0.473210990428925 0.534269988536835 0.520395994186401 0.498410999774933 0.498073011636734 0.523127973079681 0.576858997344971 0.530059993267059 0.521754026412964 0.467106014490128 0.504580020904541 0.505304992198944 0.538520991802216 0.504287004470825 0.482293009757996 0.492918014526367 0.465739995241165 0.471285998821259 0.477403998374939 0.476713985204697 0.490511000156403 0.457509011030197 0.450857013463974 0.432283997535706 0.35963299870491
0.481507986783981 0.409714013338089 0.5225710272789 0.47104999423027 0.460215985774994 0.427542001008987 0.421829998493195 0.413419008255005 0.44207501411438 0.370124995708466 0.36074298620224 0.394612014293671 0.42637300491333 0.456277996301651 0.291287004947662 0.266891986131668 0.455733001232147 0.540220022201538 0.613496005535126 0.508258998394012 0.581739008426666 0.610768020153046 0.503606975078583 0.549649000167847 0.642904996871948 0.595573008060455 0.56454998254776 0.548991024494171 0.558366000652313 0.560325980186462 0.5867919921875 0.593858003616333 0.582195997238159 0.582372009754181 0.540422976016998 0.534777998924255 0.552551984786987 0.537760972976685 0.5173299908638 0.528692007064819 0.509880006313324 0.486364990472794 0.482957988977432 0.475463002920151 0.484495997428894 0.481139987707138 0.490765005350113 0.472330987453461 0.491811990737915 0.464204996824265 0.464175999164581 0.442299008369446
0.508221983909607 0.476446986198425 0.429545998573303 0.512526988983154 0.46824899315834 0.448772013187408 0.462956994771957 0.493023008108139 0.441291987895966 0.473176002502441 0.463138997554779 0.401681005954742 0.330211997032166 0.415751993656158 0.529814004898071 0.468093991279602 0.344956010580063 0.443441987037659 0.60689502954483 0.576124012470245 0.427520006895065 0.538268983364105 0.649326026439667 0.602684020996094 0.558155000209808 0.54626601934433 0.590602993965149 0.595266997814178 0.573880016803741 0.571811974048615 0.573450982570648 0.553364992141724 0.559744000434875 0.559684991836548 0.553385019302368 0.559220016002655 0.528580009937286 0.529594004154205 0.515796005725861 0.496488988399506 0.479333013296127 0.500213027000427 0.490038990974426 0.488292008638382 0.468284010887146 0.483269989490509 0.490211009979248 0.48327499628067 0.477317988872528 0.496562004089355 0.46679699420929 0.469188004732132
0.533155977725983 0.538547992706299 0.472900986671448 0.502457022666931 0.478583008050919 0.472692012786865 0.453767985105515 0.46203801035881 0.463268995285034 0.468823999166489 0.464500993490219 0.387959986925125 0.4288290143013 0.440542995929718 0.341363996267319 0.522486984729767 0.414469003677368 0.339985013008118 0.417306989431381 0.513399004936218 0.505182027816772 0.475046992301941 0.583121001720428 0.564409017562866 0.537640988826752 0.586130023002625 0.600292980670929 0.59383499622345 0.590844988822937 0.586066007614136 0.606981992721558 0.589519023895264 0.592055022716522 0.588832974433899 0.514283001422882 0.48896199464798 0.524940013885498 0.52461701631546 0.489645004272461 0.500483989715576 0.51877897977829 0.495920985937119 0.483853995800018 0.481934010982513 0.478156000375748 0.469449013471603 0.482188999652863 0.480805993080139 0.494778990745544 0.499078989028931 0.470854014158249 0.46110400557518
0.474680989980698 0.50959300994873 0.506802976131439 0.497979998588562 0.505107998847961 0.51637202501297 0.480325996875763 0.459686011075974 0.472023010253906 0.489825993776321 0.488864004611969 0.470286011695862 0.401398986577988 0.335788011550903 0.475942999124527 0.355859994888306 0.457507014274597 0.46331599354744 0.555893003940582 0.581808984279633 0.556595027446747 0.60045599937439 0.630760014057159 0.575317025184631 0.535409986972809 0.569141983985901 0.57381397485733 0.588662981987 0.585102021694183 0.575460016727448 0.563790023326874 0.562135994434357 0.556972026824951 0.53838700056076 0.520734012126923 0.513324975967407 0.51555198431015 0.510872006416321 0.511523008346558 0.505343019962311 0.519647002220154 0.500482976436615 0.494332998991013 0.487848997116089 0.494825005531311 0.486434996128082 0.47427299618721 0.48411500453949 0.475569993257523 0.477611005306244 0.485756993293762 0.467123985290527
0.484528988599777 0.462700992822647 0.506790995597839 0.489715993404388 0.483036011457443 0.513445019721985 0.497079014778137 0.499228000640869 0.459562987089157 0.487109988927841 0.48343899846077 0.491650998592377 0.444898009300232 0.420102000236511 0.341141998767853 0.342314004898071 0.401951998472214 0.497224003076553 0.536952018737793 0.60392302274704 0.504041016101837 0.552377998828888 0.59256500005722 0.586013972759247 0.526039004325867 0.578118979930878 0.540527999401093 0.531354010105133 0.545544981956482 0.574697017669678 0.552179992198944 0.536101996898651 0.527333974838257 0.49100199341774 0.467409014701843 0.484477996826172 0.451263010501862 0.503458976745605 0.524704992771149 0.503996014595032 0.499985009431839 0.496544003486633 0.482217013835907 0.477753013372421 0.484822005033493 0.482096999883652 0.473246991634369 0.472451001405716 0.484501004219055 0.468165010213852 0.493423014879227 0.474667012691498
0.515450000762939 0.498508989810944 0.495743006467819 0.505294024944305 0.492311000823975 0.488227993249893 0.488656997680664 0.471058994531631 0.504346013069153 0.489455997943878 0.484548985958099 0.482611000537872 0.461914986371994 0.454935014247894 0.444961994886398 0.395431011915207 0.314913988113403 0.437788009643555 0.635483980178833 0.515213012695313 0.480150014162064 0.45474299788475 0.562668979167938 0.524739027023315 0.556105971336365 0.549108982086182 0.523550987243652 0.572992026805878 0.505611002445221 0.510637998580933 0.493934005498886 0.440019011497498 0.446658998727798 0.492379993200302 0.467505991458893 0.455103993415833 0.427881985902786 0.442975997924805 0.500926971435547 0.492529004812241 0.483821004629135 0.487560987472534 0.466268986463547 0.476832985877991 0.468919008970261 0.467388987541199 0.471206992864609 0.446399986743927 0.478013008832932 0.456793993711472 0.469844996929169 0.46594300866127
0.516193985939026 0.498620986938477 0.496924996376038 0.504940986633301 0.494248002767563 0.490341007709503 0.491658985614777 0.473098993301392 0.50949501991272 0.488741993904114 0.489333003759384 0.485967010259628 0.460476011037827 0.45736101269722 0.443737000226974 0.392569988965988 0.299701988697052 0.396394997835159 0.572984993457794 0.456506997346878 0.425924986600876 0.408890008926392 0.518427014350891 0.483678996562958 0.516143977642059 0.53396600484848 0.529258012771606 0.573307991027832 0.489574998617172 0.4965960085392 0.494524985551834 0.447921007871628 0.458736002445221 0.505041003227234 0.481750994920731 0.477169007062912 0.453698009252548 0.457787990570068 0.506247997283936 0.493986010551453 0.476471990346909 0.482313990592957 0.464902997016907 0.479635000228882 0.470275014638901 0.469365000724792 0.472166001796722 0.445226013660431 0.475816011428833 0.456115990877151 0.474828004837036 0.465846985578537
0.534402012825012 0.525578022003174 0.505035996437073 0.507541000843048 0.504097998142242 0.499287992715836 0.498436003923416 0.4843829870224 0.480670005083084 0.495559990406036 0.492051005363464 0.500047981739044 0.495422005653381 0.502546012401581 0.452412992715836 0.455783993005753 0.426292985677719 0.309078991413116 0.276470988988876 0.3646419942379 0.40234699845314 0.493238002061844 0.497803002595901 0.450720995664597 0.457314014434814 0.521951019763947 0.579559981822968 0.48445600271225 0.529753983020782 0.515811026096344 0.577015995979309 0.465514004230499 0.457076013088226 0.502532005310059 0.502412974834442 0.47095599770546 0.497233003377914 0.442766010761261 0.458061993122101 0.474839985370636 0.465595006942749 0.464049011468887 0.463396012783051 0.484172999858856 0.424845010042191 0.466924995183945 0.473731011152267 0.454793989658356 0.471585988998413 0.454959988594055 0.437795996665955 0.445630013942719
-9999 0.537082016468048 0.52743798494339 0.528572976589203 0.487156987190247 0.49677100777626 0.497839003801346 0.507999002933502 0.50287401676178 0.490794986486435 0.4896419942379 0.496452987194061 0.466659009456635 0.443598002195358 0.432953000068665 0.450527012348175 0.446377009153366 0.508165001869202 0.404877007007599 0.310285985469818 0.411621987819672 0.496223002672195 0.488887995481491 0.480657994747162 0.427771985530853 0.512943029403687 0.592097997665405 0.550297021865845 0.55503898859024 0.530210971832275 0.556276977062225 0.562057971954346 0.489885985851288 0.46568500995636 0.495949000120163 0.520276010036469 0.475704997777939 0.43461400270462 0.459022998809814 0.426142007112503 0.42433300614357 0.412779986858368 0.440032988786697 0.412198007106781 0.452143996953964 0.419609993696213 0.465342998504639 0.464201986789703 0.422847986221313 0.410809993743896 0.404837012290955 0.428591012954712
-9999 0.549667000770569 0.539198994636536 0.537684977054596 0.537304997444153 0.491162985563278 0.500383973121643 0.519128978252411 0.526490986347198 0.517050981521606 0.515111982822418 0.489023000001907 0.488103985786438 0.452645003795624 0.452953010797501 0.446105003356934 0.483842998743057 0.442941009998322 0.487208992242813 0.488041996955872 0.431347995996475 0.421847999095917 0.447667002677917 0.428678005933762 0.474730998277664 0.482001006603241 0.591108024120331 0.579445004463196 0.569329977035522 0.635939002037048 0.576524019241333 0.572521984577179 0.533304989337921 0.515016973018646 0.521071016788483 0.503642976284027 0.511900007724762 0.436459988355637 0.442499995231628 0.393833011388779 0.402860999107361 0.347294986248016 0.364861994981766 0.422248005867004 0.462087988853455 0.444034993648529 0.429814010858536 0.389396011829376 0.282117009162903 0.254799991846085 0.292549014091492 0.405303001403809
-9999 -9999 0.549472987651825 0.544618010520935 0.539573013782501 0.538519978523254 0.50789600610733 0.512385010719299 0.537357985973358 0.514796018600464 0.505750000476837 0.518001973628998 0.515429973602295 0.44250899553299 0.374428987503052 0.404395997524261 0.423808991909027 0.45660400390625 0.500203013420105 0.491948992013931 0.480574011802673 0.527146995067596 0.43859800696373 0.391622990369797 0.471073001623154 0.557013988494873 0.574247002601624 0.513188004493713 0.571557998657227 0.592698991298676 0.545360028743744 0.541095018386841 0.500905990600586 0.453363001346588 0.51341301202774 0.523303985595703 0.5035520195961 0.483942002058029 0.43384200334549 0.424102991819382 0.412252008914948 0.399819999933243 0.367384999990463 0.348794996738434 0.352649986743927 0.361606985330582 0.336006999015808 0.234767004847527 0.213281005620956 0.283926993608475 0.285980999469757 0.254563987255096
-9999 -9999 0.569907009601593 0.5572310090065 0.55475902557373 0.545931994915009 0.539071023464203 0.505593001842499 0.496367007493973 0.49168398976326 0.489726006984711 0.481873989105225 0.492215991020203 0.492543995380402 0.445778012275696 0.376210004091263 0.373001009225845 0.377898007631302 0.389082014560699 0.474453985691071 0.552379012107849 0.490166991949081 0.499031007289886 0.404947012662888 0.451570004224777 0.395031988620758 0.45236599445343 0.577986001968384 0.493775010108948 0.51861697435379 0.559777975082397 0.579689025878906 0.499803990125656 0.450585007667542 0.407067000865936 0.542819023132324 0.50485497713089 0.506568014621735 0.444431006908417 0.453895002603531 0.465142011642456 0.492289990186691 0.460611999034882 0.385582000017166 0.329775005578995 0.337058007717133 0.299674987792969 0.281973987817764 0.410030990839005 0.501829981803894 0.484005987644196 0.279653012752533
-9999 -9999 0.584646999835968 0.575942993164063 0.570946991443634 0.561855018138885 0.55283397436142 0.548381984233856 0.520443975925446 0.495977014303207 0.488276988267899 0.471365988254547 0.475120007991791 0.495301991701126 0.49710801243782 0.474573999643326 0.438140988349915 0.425882995128632 0.39300400018692 0.422807991504669 0.520784020423889 0.530493974685669 0.521981000900269 0.50373101234436 0.488914012908936 0.518666982650757 0.46924901008606 0.439401000738144 0.518454015254974 0.552451014518738 0.595676004886627 0.549552977085114 0.520443022251129 0.451561003923416 0.487906008958817 0.404477000236511 0.482863992452621 0.522117018699646 0.463090986013412 0.422022014856339 0.502018988132477 0.566906988620758 0.522332012653351 0.517975986003876 0.503782987594604 0.500194013118744 0.445551991462708 0.424212992191315 0.445013999938965 0.475306987762451 0.437707006931305 0.54358297586441
-9999 -9999 -9999 -9999 -9999 -9999 -9999 -9999 -9999 -9999 0.549373984336853 0.536274015903473 0.513318002223969 0.509690999984741 0.484472990036011 0.492105007171631 0.481305003166199 0.428723007440567 0.408502995967865 0.384494006633759 0.424908012151718 0.454766005277634 0.497891992330551 0.544903993606567 0.485076010227203 0.418866008520126 0.439761996269226 0.482266008853912 0.440654009580612 0.601032018661499 0.633315980434418 0.478255987167358 0.500669002532959 0.538388013839722 0.486654996871948 0.41023200750351 0.477950006723404 0.369886010885239 0.476891994476318 0.451788008213043 0.421597003936768 0.466677993535995 0.471368014812469 0.391178011894226 0.342548996210098 0.481546998023987 0.448130011558533 0.390781998634338 0.380883008241653 0.419162005186081 0.46477198600769 0.229491993784904
-9999 -9999 -9999 -9999 -9999 -9999 -9999 -9999 -9999 -9999 0.561837017536163 0.553021013736725 0.545606017112732 0.5293790102005 0.507534027099609 0.494105011224747 0.500877022743225 0.489847987890244 0.422311991453171 0.445692986249924 0.41066300868988 0.432440012693405 0.479160010814667 0.586911976337433 0.462529003620148 0.466325014829636 0.394721001386642 0.392946004867554 0.421947002410889 0.463470011949539 0.570119976997375 0.433878988027573 0.421249985694885 0.445244014263153 0.433216989040375 0.484540998935699 0.326012998819351 0.537450015544891 0.456396013498306 0.497328013181686 0.466847002506256 0.518016993999481 0.412885010242462 0.387515991926193 0.391846001148224 0.34307798743248 0.386225998401642 0.431421995162964 0.394749999046326 0.245891004800797 0.207855999469757 0.3367780148983
-9999 -9999 -9999 -9999 -9999 -9999 -9999 -9999 -9999 -9999 0.571748018264771 0.566950023174286 -9999 0.559998989105225 0.54789000749588 0.518568992614746 0.506222009658813 0.502381980419159 0.492036014795303 0.498156011104584 0.465936988592148 0.42595100402832 0.470068007707596 0.449434995651245 0.525092005729675 0.499390006065369 0.553071022033691 0.475019991397858 0.404830008745193 0.400647014379501 0.465653002262115 0.553835988044739 0.45584300160408 0.444398999214172 0.370422005653381 0.448321014642715 0.435622006654739 0.434527009725571 0.503476977348328 0.489881008863449 0.449263989925385 0.525608003139496 0.440546005964279 0.464423000812531 0.372474014759064 0.456456989049911 0.454163014888763 0.342925012111664 0.240906998515129 0.286525994539261 0.325890004634857 0.302219986915588
-9999 -9999 -9999 -9999 -9999 -9999 -9999 -9999 -9999 -9999 -9999 -9999 -9999 -9999 -9999 0.55790501832962 0.553591012954712 0.549399018287659 0.518447995185852 0.496836990118027 0.499184995889664 0.495943009853363 0.496015012264252 0.498066008090973 0.484434008598328 0.549593985080719 0.509230017662048 0.491842985153198 0.519064009189606 0.406221002340317 0.408807992935181 0.48047599196434 0.533976972103119 0.554763972759247 0.534557998180389 0.460465997457504 0.417472988367081 0.427890002727509 0.427890002727509 0.456138998270035 0.543474018573761 0.388323992490768 0.420466989278793 0.376204997301102 0.301620006561279 0.320782005786896 0.322827011346817 0.343021005392075 0.377979010343552 0.476974010467529 0.323145002126694 0.322483986616135
-9999 -9999 -9999 -9999 -9999 -9999 -9999 -9999 -9999 -9999 -9999 -9999 -9999 -9999 -9999 -9999 -9999 0.558272004127502 0.554383993148804 0.548368990421295 0.525592982769012 0.504288971424103 0.51605498790741 0.556073009967804 0.555213987827301 0.495146989822388 0.501672029495239 0.514872014522552 0.528640985488892 0.524930000305176 0.442299991846085 0.404574990272522 0.483503013849258 0.483543992042542 0.496001005172729 0.559853971004486 0.56138002872467 0.530053973197937 0.426726013422012 0.425332993268967 0.48496401309967 0.418359994888306 0.480913013219833 0.438798010349274 0.34654900431633 0.323976993560791 0.369861006736755 0.37057501077652 0.435600996017456 0.437619000673294 0.368809014558792 0.286615014076233
-9999 -9999 -9999 -9999 -9999 -9999 -9999 -9999 -9999 -9999 -9999 -9999 -9999 -9999 -9999 -9999 -9999 -9999 0.561127007007599 0.554958999156952 0.556425988674164 0.548696994781494 0.528366029262543 0.530005991458893 0.558225989341736 0.54364401102066 0.513719022274017 0.540874004364014 0.533304989337921 0.544547021389008 0.542563021183014 0.494787007570267 0.447313994169235 0.510726988315582 0.545046985149384 0.572279989719391 0.558996975421906 0.558737993240356 0.528217017650604 0.492870986461639 0.473567008972168 0.534653007984161 0.532662987709045 0.527207016944885 0.492893993854523 0.429140001535416 0.446382999420166 0.422780990600586 0.434152007102966 0.407676011323929 0.368730008602142 0.319014012813568
-9999 -9999 -9999 -9999 -9999 -9999 -9999 -9999 -9999 -9999 -9999 -9999 -9999 -9999 -9999 -9999 0.577089011669159 0.571346998214722 0.565891981124878 0.564920008182526 0.564693987369537 0.563314020633698 0.574096024036407 0.570155024528503 0.538935005664825 0.561841011047363 0.563472986221313 0.575612008571625 0.561646997928619 0.550733983516693 0.557029008865356 0.567673027515411 0.552586019039154 0.570013999938965 0.569761991500854 0.577677011489868 0.568746984004974 0.560262024402618 0.554416000843048 0.554508984088898 0.526090025901794 0.544121980667114 0.538222014904022 0.53105902671814 0.53007698059082 0.511418998241425 0.485693991184235 0.503085017204285 0.481795012950897 0.466587007045746 0.398983001708984 0.381184995174408
