Mormoops_blainvillei.asc
ncols  804
nrows  378
xllcorner  -74.6418056
yllcorner  17.2248604
cellsize 0.00833333370646766
NODATA_value  -9999
[rows 253 to 275 of 378, columns 364 to 415 of 804]
0.27461901307106 0.197545006871223 0.314226001501083 0.178633004426956 0.331652998924255 0.3315269947052 0.38017800450325 0.164385005831718 0.196395993232727 0.216273993253708 0.283250004053116 0.535812020301819 0.557761013507843 0.443565994501114 0.444673985242844 0.508271992206573 0.617299973964691 0.394481003284454 0.528297007083893 0.33159801363945 0.302338987588882 0.539506018161774 0.290197998285294 0.257788985967636 0.499929010868073 0.738611996173859 0.69071102142334 0.546289026737213 0.645404994487762 0.725385010242462 0.651907026767731 0.691868007183075 0.696228981018066 0.572489023208618 0.595380008220673 0.69098299741745 0.754189014434814 0.684522986412048 0.753929972648621 0.743039011955261 0.752155005931854 0.755915999412537 0.759181976318359 0.754909992218018 0.758816003799438 0.766112983226776 0.765960991382599 0.775853991508484 0.776234984397888 0.777122020721436 0.78277999162674 0.783128023147583
0.320977002382278 0.256480991840363 0.254355996847153 0.27062800526619 0.237544998526573 0.250802010297775 0.362525999546051 0.385376989841461 0.272478997707367 0.171855002641678 0.14732700586319 0.208063006401062 0.467970013618469 0.622654974460602 0.613412022590637 0.583014011383057 0.542971014976501 0.621111989021301 0.244366005063057 0.30111101269722 0.70082700252533 0.390047013759613 0.371490001678467 0.43020299077034 0.662154972553253 0.724215984344482 0.733801007270813 0.716390013694763 0.611271023750305 0.604853987693787 0.684165000915527 0.724034011363983 0.65574699640274 0.662222027778625 0.699970006942749 0.606360018253326 0.544387996196747 0.542630970478058 0.674036979675293 0.706245005130768 0.715242028236389 0.728155016899109 0.727122008800507 0.710902988910675 0.722890973091125 0.744663000106812 0.753696024417877 0.756511986255646 0.76094001531601 0.749042987823486 0.772773027420044 0.782688021659851
0.218477994203568 0.264144986867905 0.260607004165649 0.195271998643875 0.235330998897552 0.425803989171982 0.278421998023987 0.256181985139847 0.289184004068375 0.395572990179062 0.221339002251625 0.142813995480537 0.180885002017021 0.368420988321304 0.376599997282028 0.529169976711273 0.485670000314713 0.621398985385895 0.388940989971161 0.23683500289917 0.242124006152153 0.216086000204086 0.333119988441467 0.373973995447159 0.613108992576599 0.712314009666443 0.721368014812469 0.712857007980347 0.717989981174469 0.682744979858398 0.662222981452942 0.698786973953247 0.677644014358521 0.710627973079681 0.68477201461792 0.595650017261505 0.682623028755188 0.603035986423492 0.630394995212555 0.642549991607666 0.677389025688171 0.6805459856987 0.660172998905182 0.665585994720459 0.664017021656036 0.709352016448975 0.707560002803802 0.685335993766785 0.72454297542572 0.704704999923706 0.722723007202148 0.735754013061523
0.284381985664368 0.251040011644363 0.323500007390976 0.261974990367889 0.164380997419357 0.248366996645927 0.341776996850967 0.287743985652924 0.265906006097794 0.326469004154205 0.286985993385315 0.313847988843918 0.165573000907898 0.192479997873306 0.198338001966476 0.332733988761902 0.416604995727539 0.38528499007225 0.342662990093231 0.259209990501404 0.308925002813339 0.178953006863594 0.121693000197411 0.103063002228737 0.24354399740696 0.582807004451752 0.707139015197754 0.687012016773224 0.681522011756897 0.689166009426117 0.715978026390076 0.66795802116394 0.66703599691391 0.673102021217346 0.683833003044128 0.648142993450165 0.700285017490387 0.527215003967285 0.617724001407623 0.613354027271271 0.625111997127533 0.63628101348877 0.641314029693604 0.656347990036011 0.652710974216461 0.623565018177032 0.623511016368866 0.620001971721649 0.654434025287628 0.662966012954712 0.647955000400543 0.688758015632629
0.398631006479263 0.349907010793686 0.351366013288498 0.351372003555298 0.228557005524635 0.162688001990318 0.215663000941277 0.262807995080948 0.350336998701096 0.248108997941017 0.268209010362625 0.203418001532555 0.378883987665176 0.287036001682281 0.294596999883652 0.286803990602493 0.364188998937607 0.447889000177383 0.507116973400116 0.446592003107071 0.363332986831665 0.417167007923126 0.360789000988007 0.15888600051403 0.0910511016845703 0.248153999447823 0.635083019733429 0.689656019210815 0.660282015800476 0.647909998893738 0.647755980491638 0.640653014183044 0.645644009113312 0.64521998167038 0.596886992454529 0.548623025417328 0.451498001813889 0.510321021080017 0.490087002515793 0.575236022472382 0.572290003299713 0.596172988414764 0.627177000045776 0.633261024951935 0.621037006378174 0.604659020900726 0.571128010749817 0.602600991725922 0.629046976566315 0.630677998065948 0.617031991481781 0.642448008060455
0.348046004772186 0.46799498796463 0.508493006229401 0.493910998106003 0.450937986373901 0.304405987262726 0.221378996968269 0.212227001786232 0.295711994171143 0.358722001314163 0.333081007003784 0.196718007326126 0.169945999979973 0.213284000754356 0.226280003786087 0.38612699508667 0.403077989816666 0.41313698887825 0.574109017848969 0.661123991012573 0.668672025203705 0.597699999809265 0.5607950091362 0.478071004152298 0.290764003992081 0.173289999365807 0.317689001560211 0.57165402173996 0.658735990524292 0.643525004386902 0.619536995887756 0.63825398683548 0.620139002799988 0.589277982711792 0.553646981716156 0.454631000757217 0.442299008369446 0.542077004909515 0.345651000738144 0.498771995306015 0.520856022834778 0.536566972732544 0.600358009338379 0.611910998821259 0.516146004199982 0.478175014257431 0.497830003499985 0.53550797700882 0.548408985137939 0.548722982406616 0.551527976989746 0.569436013698578
0.401899009943008 0.339527010917664 0.473078995943069 0.409891992807388 0.490586012601852 0.450789988040924 0.370393007993698 0.345486998558044 0.31045401096344 0.399908989667892 0.43291300535202 0.401780992746353 0.2345360070467 0.161960005760193 0.167180001735687 0.136659994721413 0.289007008075714 0.524594008922577 0.416108995676041 0.494630992412567 0.63529497385025 0.573893010616302 0.529406011104584 0.378035008907318 0.164021000266075 0.191455006599426 0.254736989736557 0.462033003568649 0.594675004482269 0.641427993774414 0.630886971950531 0.611302971839905 0.557370007038116 0.546804010868073 0.520628988742828 0.435057997703552 0.390551000833511 0.433026999235153 0.36607301235199 0.317045003175735 0.484364002943039 0.516668021678925 0.569278001785278 0.574636995792389 0.520824015140533 0.535127997398376 0.506841003894806 0.512283027172089 0.409207999706268 0.514374017715454 0.518118023872375 0.549754023551941
0.406693011522293 0.40209099650383 0.410353988409042 0.452376991510391 0.348408997058868 0.522305011749268 0.371288001537323 0.417751997709274 0.446465998888016 0.422035992145538 0.533752024173737 0.50551301240921 0.448325991630554 0.383836001157761 0.390240013599396 0.213256999850273 0.107748001813889 0.186506003141403 0.398773014545441 0.448870003223419 0.546865999698639 0.489100992679596 0.450783997774124 0.443852990865707 0.206293001770973 0.189802005887032 0.473154991865158 0.404298007488251 0.503166973590851 0.541693985462189 0.56563001871109 0.607465028762817 0.52792501449585 0.507219970226288 0.450244009494781 0.362401008605957 0.346489995718002 0.467191994190216 0.389892995357513 0.29611799120903 0.362307995557785 0.432125985622406 0.51316499710083 0.591560006141663 0.646915018558502 0.551317989826202 0.586552977561951 0.578962028026581 0.53286999464035 0.615836024284363 0.726381003856659 0.678319990634918
0.412263005971909 0.507681012153625 0.436210006475449 0.441873997449875 0.403324991464615 0.334607988595963 0.475757002830505 0.329223990440369 0.478606998920441 0.491486012935638 0.494749009609222 0.524052023887634 0.511081993579865 0.470759987831116 0.475735008716583 0.399246007204056 0.311684012413025 0.166874006390572 0.181869998574257 0.19828499853611 0.470770001411438 0.39868700504303 0.329459011554718 0.597836017608643 0.54697597026825 0.201216995716095 0.314859986305237 0.422118008136749 0.489455997943878 0.428292006254196 0.438006013631821 0.628983020782471 0.505914986133575 0.483319997787476 0.320208013057709 0.285488992929459 0.363736987113953 0.241863995790482 0.321482986211777 0.241432994604111 0.253132998943329 0.370406001806259 0.442692995071411 0.509639024734497 0.469213992357254 0.515870988368988 0.606150984764099 0.582497000694275 0.739894986152649 0.627677977085114 0.620528995990753 0.740351974964142
0.391761004924774 0.391638994216919 0.407786011695862 0.517400979995728 0.514782011508942 0.344980001449585 0.372159987688065 0.424322992563248 0.283412992954254 0.395649999380112 0.437972992658615 0.487280994653702 0.47487398982048 0.474184989929199 0.480300009250641 0.473369002342224 0.361214011907578 0.335301995277405 0.288644999265671 0.382753998041153 0.293502002954483 0.404868990182877 0.272040992975235 0.288129985332489 0.262926995754242 0.243983998894691 0.169233992695808 0.337408989667892 0.477396994829178 0.348946988582611 0.480962991714478 0.513558983802795 0.477140992879868 0.332996994256973 0.308283001184464 0.228014007210732 0.218632996082306 0.175062999129295 0.308017998933792 0.234150007367134 0.210471004247665 0.254453003406525 0.438740998506546 0.450278013944626 0.37185001373291 0.415879011154175 0.542605996131897 0.60503101348877 0.750459015369415 0.656050026416779 0.667757987976074 0.664853990077972
0.369637995958328 0.377721011638641 0.403993010520935 0.407214999198914 0.396705001592636 0.356985986232758 0.326442986726761 0.368313014507294 0.323018997907639 0.374274998903275 0.360718995332718 0.347784996032715 0.378708988428116 0.373212993144989 0.376419991254807 0.477596014738083 0.430272996425629 0.399526000022888 0.341260999441147 0.415715992450714 0.427020013332367 0.426425009965897 0.352609008550644 0.222342997789383 0.50407201051712 0.389445006847382 0.263025999069214 0.117843002080917 0.209989994764328 0.561510026454926 0.44685098528862 0.613211989402771 0.493503004312515 0.354851990938187 0.285706013441086 0.238233000040054 0.249954000115395 0.315084993839264 0.260066986083984 0.204618006944656 0.185790002346039 0.215192005038261 0.461479991674423 0.381585985422134 0.347530007362366 0.398243010044098 0.384057998657227 0.468122005462646 0.626017987728119 0.607118010520935 0.562403976917267 0.634009003639221
0.38044399023056 0.441217988729477 0.463281989097595 0.420753002166748 0.338418006896973 0.39334100484848 0.270278990268707 0.356759995222092 0.399430006742477 0.305842012166977 0.416936993598938 0.303611993789673 0.230336993932724 0.238264992833138 0.230162993073463 0.138306006789207 0.116319999098778 0.402229011058807 0.44352400302887 0.338640987873077 0.441127002239227 0.576481997966766 0.311280995607376 0.217963993549347 0.456833988428116 0.456629008054733 0.446119993925095 0.547079026699066 0.20490899682045 0.203398004174232 0.260416001081467 0.654926002025604 0.321116000413895 0.364977985620499 0.316655993461609 0.302935004234314 0.289564996957779 0.26960501074791 0.398418009281158 0.194491997361183 0.102775000035763 0.219062998890877 0.536831974983215 0.322614014148712 0.339401006698608 0.367316991090775 0.421153992414474 0.437548995018005 0.490547001361847 0.554324984550476 0.566220998764038 0.50312602519989
0.443010002374649 0.483224987983704 0.516038000583649 0.509621977806091 0.512453973293304 0.591686010360718 0.335155993700027 0.309814006090164 0.320241987705231 0.40854400396347 0.300435990095139 0.324972003698349 0.413455009460449 0.30019998550415 0.288807988166809 0.202941000461578 0.128763005137444 0.0865155011415482 0.269666999578476 0.500752985477448 0.352405995130539 0.555154979228973 0.429262012243271 0.200528994202614 0.239434003829956 0.486256986856461 0.419147998094559 0.497229993343353 0.425736993551254 0.550238013267517 0.158259004354477 0.443414002656937 0.32295298576355 0.328529000282288 0.35402899980545 0.375517010688782 0.274863988161087 0.310609012842178 0.388018995523453 0.337296992540359 0.0886783003807068 0.182923004031181 0.492394000291824 0.327769994735718 0.439866989850998 0.483927994966507 0.387995988130569 0.504572987556458 0.441305994987488 0.349763989448547 0.449499994516373 0.490543007850647
0.494206011295319 0.484880000352859 0.555276989936829 0.563242971897125 0.590407013893127 0.567279994487762 0.561780989170074 0.399771988391876 0.397092998027802 0.336634010076523 0.407884985208511 0.315046012401581 0.41983300447464 0.387306988239288 0.369538992643356 0.34696900844574 0.277240991592407 0.16923999786377 0.0999421030282974 0.221353992819786 0.49804699420929 0.517482995986938 0.299569010734558 0.19396099448204 0.296875 0.401915997266769 0.558215975761414 0.473686009645462 0.414739012718201 0.449054002761841 0.523845970630646 0.373782008886337 0.287124991416931 0.261763006448746 0.533263027667999 0.471181988716125 0.248188003897667 0.294209986925125 0.377113997936249 0.450230985879898 0.11659300327301 0.165602996945381 0.342849999666214 0.495350003242493 0.387318998575211 0.414227992296219 0.397348999977112 0.314772993326187 0.395188003778458 0.361427009105682 0.269924998283386 0.441812992095947
0.468890011310577 0.466040998697281 0.450307011604309 0.502871990203857 0.5295370221138 0.551276981830597 0.579107999801636 0.581701993942261 0.485915988683701 0.48385301232338 0.483029991388321 0.443863987922668 0.279363989830017 0.354018986225128 0.340871006250381 0.417701989412308 0.398508012294769 0.385681003332138 0.247712001204491 0.120302997529507 0.169762000441551 0.419360011816025 0.303209990262985 0.199489995837212 0.329062014818192 0.300819009542465 0.395574986934662 0.606446027755737 0.584863007068634 0.372678995132446 0.329095989465714 0.312128990888596 0.548241972923279 0.226720005273819 0.407858997583389 0.430146008729935 0.41040900349617 0.299073994159698 0.350423991680145 0.369964987039566 0.131907001137733 0.272563993930817 0.321716994047165 0.26842999458313 0.402458012104034 0.343077003955841 0.390803009271622 0.314736008644104 0.375292986631393 0.416734009981155 0.481038004159927 0.414568990468979
0.3525750041008 0.387001007795334 0.416631013154984 0.488992989063263 0.520500004291534 0.556510984897614 0.601906001567841 0.621304988861084 0.504306018352509 0.468104988336563 0.479205012321472 0.374098002910614 0.241904005408287 0.180223003029823 0.183226004242897 0.483725011348724 0.459515005350113 0.559822022914886 0.577980995178223 0.422336995601654 0.15836800634861 0.0845362991094589 0.223660007119179 0.439123004674911 0.485936999320984 0.374446004629135 0.19370399415493 0.404069006443024 0.363606989383698 0.215124994516373 0.455049008131027 0.227948993444443 0.349925011396408 0.356361985206604 0.266539007425308 0.405943989753723 0.47604501247406 0.4009949862957 0.300402998924255 0.222000002861023 0.255382001399994 0.346031010150909 0.392051994800568 0.209875002503395 0.295060008764267 0.260177999734879 0.468834012746811 0.537750005722046 0.479595988988876 0.3994520008564 0.377792000770569 0.289050996303558
0.397421985864639 0.438122004270554 0.475686013698578 0.52912700176239 0.529067993164063 0.545589983463287 0.616110026836395 0.585789978504181 0.585945010185242 0.424621999263763 0.352187007665634 0.283091008663177 0.259099006652832 0.410555005073547 0.385930985212326 0.202134996652603 0.419955998659134 0.422428011894226 0.596669971942902 0.566025018692017 0.598308980464935 0.474501997232437 0.15387000143528 0.20362900197506 0.2620689868927 0.293770998716354 0.571779012680054 0.318006008863449 0.25457900762558 0.332718998193741 0.449777990579605 0.375247985124588 0.222634002566338 0.300437986850739 0.273308008909225 0.303368985652924 0.452416002750397 0.427343994379044 0.326974004507065 0.296555012464523 0.308582991361618 0.489962011575699 0.387620002031326 0.375651985406876 0.272992998361588 0.471875011920929 0.647551000118256 0.48735898733139 0.325208991765976 0.423188000917435 0.241601005196571 0.283659994602203
0.464973002672195 0.457534998655319 0.410739988088608 0.431733012199402 0.473190009593964 0.482757985591888 0.495932996273041 0.547379016876221 0.589097023010254 0.495862007141113 0.36566498875618 0.364578008651733 0.275418013334274 0.414680987596512 0.382023990154266 0.396634012460709 0.335449993610382 0.277242988348007 0.275445014238358 0.364100992679596 0.657859027385712 0.633161008358002 0.636641979217529 0.558022975921631 0.641471982002258 0.427011013031006 0.303411990404129 0.407418012619019 0.53118097782135 0.553662002086639 0.606612026691437 0.520425975322723 0.383055001497269 0.389001995325089 0.266838014125824 0.431014001369476 0.440578013658524 0.323505014181137 0.403113007545471 0.481837004423141 0.418242990970612 0.36422199010849 0.407056003808975 0.26639199256897 0.578474998474121 0.576315999031067 0.571814000606537 0.407851994037628 0.646220028400421 0.582741022109985 0.613712012767792 0.470892012119293
0.462660014629364 0.457255005836487 0.412827998399734 0.427453011274338 0.468490988016129 0.4774209856987 0.49108499288559 0.553268015384674 0.600899994373322 0.506862998008728 0.357901006937027 0.368723005056381 0.270085990428925 0.418911010026932 0.401643991470337 0.408897995948792 0.349967986345291 0.291566014289856 0.275368988513947 0.360601007938385 0.641143977642059 0.636678993701935 0.635712027549744 0.579895973205566 0.649217009544373 0.443572998046875 0.310526013374329 0.404237002134323 0.534730970859528 0.568538010120392 0.613707005977631 0.514248013496399 0.37874698638916 0.391880989074707 0.263630002737045 0.439233005046844 0.45354500412941 0.34340301156044 0.432722985744476 0.517472982406616 0.444566011428833 0.391939997673035 0.439691007137299 0.30077800154686 0.62747997045517 0.596578001976013 0.595939993858337 0.446299999952316 0.690921008586884 0.628199994564056 0.657464027404785 0.515120983123779
0.324454993009567 0.356927990913391 0.424728006124496 0.413078010082245 0.443170011043549 0.472012013196945 0.504574000835419 0.52989399433136 0.606189012527466 0.628625988960266 0.35725799202919 0.323733985424042 0.366066992282867 0.198229998350143 0.202645003795624 0.466515004634857 0.589196026325226 0.46144500374794 0.344996988773346 0.240541994571686 0.210133001208305 0.248061001300812 0.373766988515854 0.529484987258911 0.591364979743958 0.676635980606079 0.494522005319595 0.437974989414215 0.410311996936798 0.38231098651886 0.453310996294022 0.475295007228851 0.425188004970551 0.518359005451202 0.694674015045166 0.665346026420593 0.418895989656448 0.26672500371933 0.473210006952286 0.659394979476929 0.576710999011993 0.636165976524353 0.51291698217392 0.317286014556885 0.234135001897812 0.410061985254288 0.323128014802933 0.501064002513885 0.243688002228737 0.383177012205124 0.505581021308899 0.422003000974655
0.45559498667717 0.35843500494957 0.39334499835968 0.453182995319366 0.458667010068893 0.461457997560501 0.489358007907867 0.510101974010468 0.533819973468781 0.603057980537415 0.569746017456055 0.238684996962547 0.399094998836517 0.26410898566246 0.277588993310928 0.160613000392914 0.494982004165649 0.753232002258301 0.63270902633667 0.570981979370117 0.439287006855011 0.431360006332397 0.466637998819351 0.457046985626221 0.635266005992889 0.5711789727211 0.55630499124527 0.524177014827728 0.561437010765076 0.557790994644165 0.457471996545792 0.391130000352859 0.337662011384964 0.466630011796951 0.577711999416351 0.57607901096344 0.501487970352173 0.377674996852875 0.343809008598328 0.658999025821686 0.385832995176315 0.460305005311966 0.640224993228912 0.590191006660461 0.479400992393494 0.281904011964798 0.22987699508667 0.369194000959396 0.370743006467819 0.488916993141174 0.67951500415802 0.414267987012863
0.519228994846344 0.474909007549286 0.397217005491257 0.397118002176285 0.463232010602951 0.432698011398315 0.459012001752853 0.491939008235931 0.51324999332428 0.539438009262085 0.621196985244751 0.417769998311996 0.329360008239746 0.500398993492126 0.506718993186951 0.187961995601654 0.140700995922089 0.343046993017197 0.680024981498718 0.701058983802795 0.594708025455475 0.288951992988586 0.276091992855072 0.5450159907341 0.591516017913818 0.583709001541138 0.645527005195618 0.604278028011322 0.630945980548859 0.634561002254486 0.737209022045135 0.52156800031662 0.367502987384796 0.401071012020111 0.399399995803833 0.577417016029358 0.31539198756218 0.367763012647629 0.540220022201538 0.607915997505188 0.657298028469086 0.449862986803055 0.48539400100708 0.783838987350464 0.619747996330261 0.579734981060028 0.553795993328094 0.270040988922119 0.268626987934113 0.2603679895401 0.608460009098053 0.498771011829376
0.569392025470734 0.54211699962616 0.495225012302399 0.406224995851517 0.468317002058029 0.486757010221481 0.431975990533829 0.45422700047493 0.479571014642715 0.522786974906921 0.568228006362915 0.66408497095108 0.415410995483398 0.500828981399536 0.503193020820618 0.468407988548279 0.245286002755165 0.145914003252983 0.308997005224228 0.595770001411438 0.582885026931763 0.430936992168427 0.372119009494781 0.553667008876801 0.603456020355225 0.581246018409729 0.511573016643524 0.662976026535034 0.658302009105682 0.587406992912292 0.622775018215179 0.677600979804993 0.593128025531769 0.520659029483795 0.465977013111115 0.481016993522644 0.3646419942379 0.50874000787735 0.725449979305267 0.518589019775391 0.655103981494904 0.774743974208832 0.559391975402832 0.406486004590988 0.581420004367828 0.64096200466156 0.539313018321991 0.482744008302689 0.43368199467659 0.183851003646851 0.365978986024857 0.459508985280991
