Mormoops_blainvillei.asc
ncols  804
nrows  378
xllcorner  -74.6418056
yllcorner  17.2248604
cellsize 0.00833333370646766
NODATA_value  -9999
[rows 184 to 206 of 378, columns 416 to 467 of 804]
0.379797011613846 0.439040988683701 0.455139994621277 0.462612986564636 0.454535007476807 0.468059986829758 0.372835993766785 0.386512011289597 0.424735009670258 0.438982009887695 0.408518999814987 0.357223987579346 0.380710005760193 0.448170989751816 0.291386008262634 0.270781010389328 0.290066987276077 0.388940006494522 0.264097988605499 0.287070989608765 0.148062005639076 0.418193995952606 0.32872799038887 0.350017011165619 0.193542003631592 0.280074000358582 0.266763001680374 0.277045994997025 0.228017002344131 0.217410996556282 0.206223994493484 0.18359500169754 0.178480997681618 0.108638003468513 0.160040006041527 0.137192994356155 0.238754004240036 0.0615085996687412 0.0332683995366096 0.0767111033201218 0.0645056962966919 0.0688761994242668 0.104631997644901 0.0974181964993477 0.124591998755932 0.139110997319221 0.108797997236252 0.167676001787186 0.0843788012862206 0.0961595997214317 0.106237001717091 0.16813999414444
0.486261993646622 0.483994990587234 0.496405988931656 0.476709008216858 0.466325014829636 0.428214013576508 0.465164989233017 0.389247000217438 0.383899986743927 0.459818989038467 0.478861004114151 0.382869988679886 0.446976989507675 0.364843994379044 0.364755988121033 0.349115014076233 0.355506002902985 0.392652004957199 0.234514996409416 0.458678007125854 0.332403987646103 0.238006994128227 0.285342991352081 0.319572001695633 0.276912987232208 0.227610006928444 0.170582994818687 0.222050994634628 0.210319995880127 0.384209007024765 0.345037013292313 0.236371994018555 0.287376999855042 0.245682001113892 0.25552698969841 0.195152997970581 0.0769866034388542 0.0492320992052555 0.100256003439426 0.149492993950844 0.108401000499725 0.157042995095253 0.107983000576496 0.113237001001835 0.0664519965648651 0.0572333000600338 0.173161000013351 0.155192002654076 0.117156997323036 0.139742001891136 0.0782776027917862 0.201591998338699
0.489077985286713 0.484791994094849 0.489125996828079 0.479203999042511 0.396326005458832 0.467509001493454 0.41737300157547 0.463791996240616 0.435748994350433 0.313392013311386 0.367884010076523 0.425540000200272 0.446541994810104 0.399401992559433 0.440158009529114 0.418132990598679 0.344204008579254 0.328512996435165 0.262064009904861 0.34485000371933 0.441179990768433 0.207017004489899 0.314871996641159 0.287317991256714 0.331966996192932 0.205904006958008 0.155504003167152 0.182851001620293 0.331827998161316 0.330630004405975 0.221489995718002 0.231793001294136 0.282582014799118 0.235910996794701 0.153247997164726 0.119350999593735 0.170968994498253 0.210843995213509 0.1492830067873 0.164610996842384 0.123911000788212 0.0664573013782501 0.189814001321793 0.186281993985176 0.119762003421783 0.168044999241829 0.158639997243881 0.169651001691818 0.0978291034698486 0.0743644014000893 0.0776972994208336 0.0593820996582508
0.486855000257492 0.476662993431091 0.486070990562439 0.480733007192612 0.474909007549286 0.479234009981155 0.466919004917145 0.366867989301682 0.195535004138947 0.221150994300842 0.352687001228333 0.412827998399734 0.366084009408951 0.392381012439728 0.362852990627289 0.356779009103775 0.370227992534637 0.295464992523193 0.442438006401062 0.375218003988266 0.3853560090065 0.332015991210938 0.286365002393723 0.293772011995316 0.277244985103607 0.350026994943619 0.3454549908638 0.213244006037712 0.219881996512413 0.235242992639542 0.30281800031662 0.315313011407852 0.274477988481522 0.170756995677948 0.203980997204781 0.198465004563332 0.279015988111496 0.181768000125885 0.104032002389431 0.136306002736092 0.147220999002457 0.306764990091324 0.168657004833221 0.204090997576714 0.187508001923561 0.226624995470047 0.205229997634888 0.208165004849434 0.0976191014051437 0.0694361999630928 0.190467998385429 0.209472000598907
0.521001994609833 0.499657988548279 0.483213007450104 0.46247199177742 0.423687011003494 0.496228009462357 0.397513002157211 0.246086001396179 0.165875002741814 0.327243000268936 0.233410000801086 0.408831000328064 0.478278011083603 0.429107010364532 0.449214994907379 0.445455014705658 0.325560003519058 0.381594002246857 0.401172995567322 0.342070013284683 0.365785986185074 0.437692999839783 0.331679999828339 0.316518008708954 0.33127099275589 0.346587985754013 0.356878995895386 0.285786002874374 0.2499970048666 0.304073005914688 0.270199000835419 0.282835006713867 0.278856009244919 0.304702997207642 0.293630987405777 0.301665008068085 0.288653999567032 0.264456003904343 0.200761005282402 0.121184997260571 0.160027995705605 0.144968003034592 0.316767007112503 0.281453013420105 0.117200002074242 0.097836397588253 0.100598998367786 0.131352007389069 0.110004000365734 0.153578996658325 0.0659679993987083 0.101446002721786
0.525506973266602 0.518877983093262 0.507610976696014 0.476812988519669 0.47112900018692 0.420762002468109 0.466129988431931 0.393052011728287 0.228290006518364 0.256734997034073 0.403625994920731 0.434428006410599 0.455406010150909 0.381545007228851 0.37594398856163 0.373353987932205 0.286022007465363 0.243130996823311 0.221191003918648 0.41517499089241 0.293255001306534 0.263330012559891 0.357630014419556 0.343091994524002 0.407831996679306 0.331366002559662 0.357443988323212 0.328649014234543 0.337722986936569 0.295046001672745 0.275599986314774 0.372931003570557 0.323316991329193 0.333306014537811 0.210709005594254 0.250313013792038 0.249881997704506 0.219713002443314 0.303932011127472 0.138383001089096 0.248264998197556 0.148371994495392 0.133377999067307 0.130510002374649 0.0959355011582375 0.111382998526096 0.0711615011096001 0.0839357003569603 0.139454007148743 0.113121002912521 0.11429999768734 0.0924222022294998
0.530095994472504 0.523697972297668 0.502448976039886 0.494823008775711 0.49796798825264 0.466138005256653 0.488104999065399 0.455415010452271 0.368896007537842 0.372440993785858 0.435871988534927 0.41813200712204 0.325145989656448 0.445188999176025 0.270292013883591 0.26426100730896 0.248680993914604 0.285980999469757 0.32956600189209 0.201146006584167 0.343897998332977 0.367603003978729 0.339451998472214 0.401174992322922 0.276955008506775 0.391075998544693 0.336890012025833 0.286713987588882 0.290311992168427 0.371360003948212 0.342487007379532 0.227687001228333 0.235689997673035 0.202237993478775 0.196217000484467 0.210601001977921 0.217192992568016 0.21637399494648 0.206903994083405 0.258183002471924 0.121569000184536 0.210914999246597 0.102782003581524 0.105276003479958 0.245710000395775 0.270343005657196 0.133087992668152 0.160788998007774 0.175071999430656 0.0979046002030373 0.111933998763561 0.066015399992466
0.532096982002258 0.529586017131805 0.509133994579315 0.499264001846313 0.501708984375 0.480275988578796 0.476056009531021 0.459535986185074 0.470117002725601 0.414932012557983 0.393972992897034 0.504051029682159 0.330318987369537 0.497294992208481 0.30281400680542 0.309556007385254 0.336122006177902 0.36982798576355 0.261070013046265 0.365168988704681 0.377613008022308 0.364854007959366 0.333732008934021 0.264117985963821 0.329692006111145 0.431017994880676 0.357122004032135 0.323915988206863 0.306924998760223 0.271414995193481 0.276194989681244 0.2238489985466 0.292001008987427 0.2481340020895 0.376307994127274 0.33025598526001 0.27353098988533 0.291391998529434 0.227764993906021 0.257692992687225 0.229809001088142 0.150796994566917 0.145820006728172 0.217773005366325 0.22350899875164 0.13740299642086 0.18189400434494 0.187652006745338 0.0941720008850098 0.15132200717926 0.220280006527901 0.155728995800018
0.541024029254913 0.531574010848999 0.523554027080536 0.526969015598297 0.509361028671265 0.488669008016586 0.488748013973236 0.44199201464653 0.446377992630005 0.409684002399445 0.442862987518311 0.456086009740829 0.363905996084213 0.472972005605698 0.335833996534348 0.339298993349075 0.291096985340118 0.450598001480103 0.400429010391235 0.398943990468979 0.411112010478973 0.351251006126404 0.452877014875412 0.373910009860992 0.43784898519516 0.348167985677719 0.28303000330925 0.324319988489151 0.33304899930954 0.270606994628906 0.271997004747391 0.403174012899399 0.375310987234116 0.208923995494843 0.166511997580528 0.17535500228405 0.264919012784958 0.315421998500824 0.262124985456467 0.303896009922028 0.23148900270462 0.276087999343872 0.284388989210129 0.154997006058693 0.12729600071907 0.178326994180679 0.216747999191284 0.291637986898422 0.218459993600845 0.176846995949745 0.090997502207756 0.0844314992427826
0.542141020298004 0.534223973751068 0.540605008602142 0.529986023902893 0.51283198595047 0.494011014699936 0.499906986951828 0.454026997089386 0.450206995010376 0.423179000616074 0.445167988538742 0.459390997886658 0.377061992883682 0.478491008281708 0.35078701376915 0.340649008750916 0.29280298948288 0.450637996196747 0.399158000946045 0.406361013650894 0.40845599770546 0.354562997817993 0.453065007925034 0.376531988382339 0.450922012329102 0.354313999414444 0.28692701458931 0.32463601231575 0.336881011724472 0.259234994649887 0.261101007461548 0.388707011938095 0.369210004806519 0.199974998831749 0.161023005843163 0.173204004764557 0.271501004695892 0.333701014518738 0.267093986272812 0.312673985958099 0.237423002719879 0.275339007377625 0.281637012958527 0.155015006661415 0.126420006155968 0.170953005552292 0.211895003914833 0.288551986217499 0.221105992794037 0.197787001729012 0.0954554975032806 0.0843636021018028
0.556125998497009 0.557201027870178 0.546607971191406 0.545409023761749 0.517401993274689 0.515761017799377 0.487448006868362 0.451591998338699 0.473268002271652 0.449530005455017 0.418224990367889 0.486306995153427 0.404419988393784 0.511838972568512 0.406571000814438 0.396757990121841 0.459874987602234 0.383201986551285 0.438024997711182 0.372406989336014 0.353684991598129 0.453364014625549 0.281625002622604 0.31624099612236 0.357389003038406 0.342871993780136 0.407797008752823 0.345160990953445 0.304881989955902 0.424270987510681 0.358346998691559 0.261662006378174 0.211144998669624 0.180978998541832 0.259642988443375 0.218940004706383 0.0894552022218704 0.20184899866581 0.319707006216049 0.337242007255554 0.306519001722336 0.209727004170418 0.279271990060806 0.339094996452332 0.254440009593964 0.153350993990898 0.170864000916481 0.149526998400688 0.175429001450539 0.125303998589516 0.268867999315262 0.24906699359417
0.56443202495575 0.552617013454437 0.552290022373199 0.548964023590088 0.521375000476837 0.53505802154541 0.508929014205933 0.478756010532379 0.441771000623703 0.443803012371063 0.423976987600327 0.472755014896393 0.414956986904144 0.496928006410599 0.321029990911484 0.306322008371353 0.466396003961563 0.399318009614944 0.441143989562988 0.39308899641037 0.436994999647141 0.403741985559464 0.33576300740242 0.402568995952606 0.398357003927231 0.450520992279053 0.416195005178452 0.371055006980896 0.379455000162125 0.345173001289368 0.340135008096695 0.262915998697281 0.326157003641129 0.264917999505997 0.175791993737221 0.116864003241062 0.120178997516632 0.0552577003836632 0.150887995958328 0.155663996934891 0.244673997163773 0.302926987409592 0.160558000206947 0.174530997872353 0.173131003975868 0.136844992637634 0.0837301984429359 0.171072006225586 0.139820992946625 0.224399000406265 0.128624007105827 0.103013001382351
0.582147002220154 0.563004016876221 0.553523004055023 0.543972015380859 0.54170298576355 0.543298006057739 0.504347026348114 0.49940100312233 0.474025994539261 0.474454998970032 0.384995996952057 0.49567699432373 0.396582990884781 0.489271998405457 0.406399011611938 0.388166010379791 0.443924009799957 0.427839994430542 0.367412000894547 0.412771999835968 0.465620994567871 0.392527014017105 0.401262998580933 0.387470006942749 0.404859989881516 0.346897006034851 0.422820001840591 0.38324698805809 0.421678990125656 0.395045012235641 0.300401002168655 0.308903992176056 0.192396000027657 0.154985994100571 0.180682003498077 0.198758006095886 0.220859006047249 0.0826200023293495 0.105175003409386 0.0660971999168396 0.13926200568676 0.196952998638153 0.311955988407135 0.0693944990634918 0.0990170985460281 0.185257002711296 0.143480002880096 0.050050001591444 0.25415700674057 0.149480000138283 0.105484999716282 0.145337998867035
0.547510027885437 0.549618005752563 0.565761983394623 0.578763008117676 0.571403980255127 0.562200009822845 0.536387979984283 0.511852979660034 0.496874004602432 0.474186986684799 0.44769498705864 0.410975992679596 0.486892998218536 0.37202200293541 0.35104900598526 0.343614995479584 0.515824973583221 0.476292014122009 0.461625993251801 0.469036012887955 0.45915898680687 0.38187101483345 0.429872006177902 0.404085993766785 0.4271380007267 0.394580006599426 0.45592400431633 0.4740070104599 0.329160988330841 0.297760993242264 0.323132008314133 0.336297988891602 0.271194010972977 0.146758005023003 0.142551004886627 0.144721001386642 0.176220998167992 0.356752008199692 0.123313002288342 0.184396997094154 0.0732306018471718 0.170110002160072 0.14190100133419 0.273223996162415 0.0798477008938789 0.0854448974132538 0.0663693025708199 0.157328993082047 0.0804873034358025 0.0956865027546883 0.136194005608559 0.26171800494194
0.535749971866608 0.546980023384094 0.535764992237091 0.561289012432098 0.531642019748688 0.547740995883942 0.541969001293182 0.532851994037628 0.509752988815308 0.505478024482727 0.465745985507965 0.395595014095306 0.343138992786407 0.353675007820129 0.347889989614487 0.340721011161804 0.479997992515564 0.526705026626587 0.514876008033752 0.496143996715546 0.477266013622284 0.464109003543854 0.440705001354218 0.35214701294899 0.442218989133835 0.336037009954453 0.463777005672455 0.4200100004673 0.357356995344162 0.319068998098373 0.282678008079529 0.229586005210876 0.352306008338928 0.32583299279213 0.159599006175995 0.187085002660751 0.15446799993515 0.124439001083374 0.401118010282516 0.239584997296333 0.148911997675896 0.152902007102966 0.112377002835274 0.157085001468658 0.150835007429123 0.041152898222208 0.0984743982553482 0.0916066020727158 0.23565199971199 0.36157700419426 0.315939009189606 0.199309006333351
0.536080002784729 0.530363976955414 0.56180202960968 0.538922011852264 0.546554982662201 0.526786983013153 0.567616999149323 0.562016010284424 0.537747025489807 0.524924993515015 0.492161989212036 0.498856008052826 0.41466099023819 0.35274600982666 0.458792001008987 0.4444580078125 0.481763988733292 0.443809986114502 0.4825179874897 0.472532987594604 0.469532012939453 0.479104995727539 0.48361399769783 0.478850990533829 0.301559001207352 0.418511003255844 0.411742001771927 0.324256986379623 0.361660003662109 0.366012990474701 0.330646008253098 0.296002000570297 0.204076007008553 0.266844004392624 0.372740000486374 0.309498995542526 0.207386001944542 0.183505997061729 0.237876996397972 0.194480001926422 0.321758985519409 0.12406100332737 0.188901007175446 0.152128994464874 0.263287007808685 0.0947868973016739 0.0959459990262985 0.128868997097015 0.0550584010779858 0.121619999408722 0.13832700252533 0.102264001965523
0.569890975952148 0.536965012550354 0.57091099023819 0.522858023643494 0.561075985431671 0.508912980556488 0.522805988788605 0.522144973278046 0.559868991374969 0.561551988124847 0.517072021961212 0.494172990322113 0.472541987895966 0.527387022972107 0.468942999839783 0.469716012477875 0.398674994707108 0.49694699048996 0.495391994714737 0.50304901599884 0.455633997917175 0.444070011377335 0.424888998270035 0.421124994754791 0.431493014097214 0.346190989017487 0.276845991611481 0.329246014356613 0.416640013456345 0.397475004196167 0.417012989521027 0.348470002412796 0.319276005029678 0.223089993000031 0.211207002401352 0.24549899995327 0.281006991863251 0.210150003433228 0.134611994028091 0.280981004238129 0.223994001746178 0.268902987241745 0.177596002817154 0.149617001414299 0.162071004509926 0.302439987659454 0.103076003491879 0.183149993419647 0.116834998130798 0.0962184965610504 0.135753005743027 0.101497001945972
0.536849021911621 0.551410019397736 0.523052990436554 0.558232009410858 0.544459998607635 0.517576992511749 0.522818982601166 0.53261798620224 0.546455025672913 0.537854015827179 0.567000985145569 0.457828998565674 0.46875 0.533855020999908 0.519354999065399 0.52625697851181 0.445342004299164 0.513025999069214 0.479837000370026 0.465056002140045 0.480879008769989 0.510635018348694 0.466587990522385 0.451117992401123 0.432976990938187 0.433602005243301 0.419373989105225 0.296764999628067 0.256253004074097 0.320095002651215 0.428328007459641 0.383863002061844 0.340539991855621 0.260747998952866 0.200711995363235 0.202096000313759 0.278227001428604 0.239547997713089 0.185444995760918 0.229815006256104 0.234548002481461 0.214759007096291 0.187098994851112 0.179662004113197 0.183629006147385 0.170945003628731 0.279617995023727 0.238312005996704 0.197585001587868 0.121593996882439 0.139622002840042 0.203644007444382
0.281897991895676 0.499646991491318 0.323520988225937 0.36658900976181 0.46569898724556 0.4775770008564 0.534676015377045 0.473630994558334 0.484871000051498 0.484304010868073 0.566974997520447 0.536930978298187 0.496982008218765 0.461158007383347 0.5174800157547 0.519827008247375 0.427026003599167 0.469101011753082 0.46992701292038 0.472218006849289 0.51935601234436 0.493463009595871 0.504462003707886 0.503612995147705 0.453705996274948 0.441199988126755 0.467956006526947 0.443951994180679 0.368382006883621 0.312564998865128 0.318953007459641 0.280247986316681 0.259232997894287 0.255932003259659 0.312177002429962 0.194374993443489 0.276895999908447 0.227210998535156 0.102205000817776 0.22596800327301 0.20244200527668 0.13136599957943 0.323426008224487 0.242340996861458 0.128840997815132 0.145216003060341 0.236004993319511 0.182527005672455 0.352010011672974 0.321393013000488 0.179298996925354 0.0966658964753151
0.441287010908127 0.355336010456085 0.368431001901627 0.304821014404297 0.439195990562439 0.355459988117218 0.373241007328033 0.258397996425629 0.336342990398407 0.470957010984421 0.464354008436203 0.52700400352478 0.559005975723267 0.512829005718231 0.500819981098175 0.486261010169983 0.489825010299683 0.442110002040863 0.472737014293671 0.488842010498047 0.499489992856979 0.459199994802475 0.511659979820251 0.509998977184296 0.506734013557434 0.448484003543854 0.467875987291336 0.477580994367599 0.437335997819901 0.278465002775192 0.247659996151924 0.299290001392365 0.340611010789871 0.418157994747162 0.361328989267349 0.255255997180939 0.18656100332737 0.248518005013466 0.17671799659729 0.143224000930786 0.350986003875732 0.24651600420475 0.237459003925323 0.350892007350922 0.299607008695602 0.125198006629944 0.32319900393486 0.277296990156174 0.221227005124092 0.244064003229141 0.124799996614456 0.270684987306595
0.537401020526886 0.442371010780334 0.478507995605469 0.381217986345291 0.474339991807938 0.37372300028801 0.236112996935844 0.434071004390717 0.266761004924774 0.248922005295753 0.463710010051727 0.559897005558014 0.552410006523132 0.474725008010864 0.552248001098633 0.548061013221741 0.482354998588562 0.518842995166779 0.493811994791031 0.493180006742477 0.492680013179779 0.453673005104065 0.451833993196487 0.464744001626968 0.417145013809204 0.44564500451088 0.426923990249634 0.498407006263733 0.39648100733757 0.281417012214661 0.225348994135857 0.333007007837296 0.254474014043808 0.257683008909225 0.385886996984482 0.382147014141083 0.269715011119843 0.212369993329048 0.211276993155479 0.185163006186485 0.183101996779442 0.2238450050354 0.26113298535347 0.233664005994797 0.0947299972176552 0.250283986330032 0.145995005965233 0.247060999274254 0.137070000171661 0.209619000554085 0.196014001965523 0.113498002290726
0.555371999740601 0.490880995988846 0.461369007825851 0.468143999576569 0.436812996864319 0.34340700507164 0.358063012361526 0.26774200797081 0.54706197977066 0.357410997152328 0.270606011152267 0.437936007976532 0.536785006523132 0.52861499786377 0.482380002737045 0.47206699848175 0.50686901807785 0.431163996458054 0.544080018997192 0.409177005290985 0.4911749958992 0.511349022388458 0.497359991073608 0.465748995542526 0.419241011142731 0.397379994392395 0.334744989871979 0.427078992128372 0.490776002407074 0.252166986465454 0.247944995760918 0.265516012907028 0.243480995297432 0.20414899289608 0.161220997571945 0.182371005415916 0.174527004361153 0.230733007192612 0.132781997323036 0.185467004776001 0.233847007155418 0.186299994587898 0.216648995876312 0.137932002544403 0.334172010421753 0.107464998960495 0.109678000211716 0.177852004766464 0.186773002147675 0.155904993414879 0.178696006536484 0.159575000405312
0.346879005432129 0.431416004896164 0.333994001150131 0.459989011287689 0.450305998325348 0.353561013936996 0.369917988777161 0.360686987638474 0.363027006387711 0.516694009304047 0.311010003089905 0.28065899014473 0.388211011886597 0.541360974311829 0.525224983692169 0.517063021659851 0.530264019966125 0.461998999118805 0.469999998807907 0.49328801035881 0.506955027580261 0.507237017154694 0.343854010105133 0.429814010858536 0.319931000471115 0.205535992980003 0.334526002407074 0.248311996459961 0.445270001888275 0.437364012002945 0.287000000476837 0.308486998081207 0.399224996566772 0.394932001829147 0.237400993704796 0.244576007127762 0.158500000834465 0.226766005158424 0.113517999649048 0.108074001967907 0.415313005447388 0.299802005290985 0.290573000907898 0.2934690117836 0.215179994702339 0.156903997063637 0.314999014139175 0.345524996519089 0.264593988656998 0.199635997414589 0.293619006872177 0.260904014110565
