Mormoops_blainvillei.asc
ncols  804
nrows  378
xllcorner  -74.6418056
yllcorner  17.2248604
cellsize 0.00833333370646766
NODATA_value  -9999
[rows 299 to 321 of 378, columns 364 to 415 of 804]
0.743422985076904 0.75034898519516 0.794963002204895 0.846467971801758 0.848335981369019 0.843321979045868 0.823825001716614 0.758535027503967 0.765947997570038 0.817390978336334 0.864974021911621 0.86245197057724 0.855683982372284 0.852167010307312 0.848664999008179 0.85791802406311 0.85808402299881 0.859131991863251 0.86334902048111 0.849645972251892 0.854960024356842 0.86455500125885 0.84127801656723 0.827885985374451 0.828661024570465 0.837499976158142 0.842625021934509 0.865993022918701 0.844033002853394 0.84127402305603 0.857827007770538 0.88789701461792 0.863690972328186 0.881717026233673 0.878525018692017 0.880105018615723 0.892117977142334 0.891664028167725 0.893773972988129 0.892804026603699 0.891093015670776 0.887187004089355 0.892843008041382 0.891205012798309 -9999 -9999 -9999 -9999 -9999 -9999 -9999 -9999
0.71881502866745 0.74803102016449 0.76435399055481 0.808444023132324 0.791015982627869 0.784898996353149 0.78023898601532 0.73378998041153 0.766690015792847 0.848721981048584 0.872866988182068 0.875994980335236 0.866912007331848 0.860319972038269 0.861814022064209 0.867174983024597 0.859790980815887 0.863433003425598 0.868786990642548 0.870657026767731 0.8473179936409 0.852168023586273 0.860466003417969 0.879472017288208 0.854101002216339 0.846373975276947 0.823659002780914 0.802564024925232 0.854797005653381 0.859808027744293 0.889585971832275 0.846720993518829 0.834846973419189 0.87042498588562 0.881821990013123 0.892709016799927 0.887759983539581 0.889057993888855 0.894906997680664 0.889491975307465 0.888557970523834 0.887784004211426 0.895290970802307 -9999 -9999 -9999 -9999 -9999 -9999 -9999 -9999 -9999
0.814377009868622 0.846686005592346 0.80623197555542 0.811904013156891 0.80240797996521 0.795966982841492 0.80696702003479 0.805078029632568 0.853573977947235 0.852126002311707 0.867537975311279 0.885397970676422 0.881240010261536 0.87541002035141 0.872034013271332 0.873385012149811 0.869796991348267 0.870266973972321 0.870142996311188 0.870130002498627 0.859771013259888 0.853552997112274 0.870621025562286 0.8699049949646 0.885500013828278 0.863937020301819 0.872484982013702 0.895714998245239 0.896788001060486 0.87788599729538 0.872581005096436 0.80050802230835 0.849705994129181 0.871197998523712 0.880231976509094 0.874167025089264 0.881169974803925 0.886173009872437 0.890985012054443 0.892520010471344 0.89103102684021 0.894179999828339 -9999 -9999 -9999 -9999 -9999 -9999 -9999 -9999 -9999 -9999
0.815868973731995 0.84962797164917 0.867738008499146 0.871872007846832 0.855786025524139 0.852868020534515 0.859944999217987 0.857051014900208 0.847410023212433 0.848982989788055 0.850228011608124 0.872650980949402 0.889721989631653 0.887787997722626 0.885042011737823 0.881506025791168 0.887106001377106 0.889621019363403 0.88222998380661 0.872332990169525 0.884649991989136 0.871043026447296 0.876187026500702 0.869489014148712 0.858184993267059 0.85359400510788 0.881029009819031 0.878784000873566 0.87922602891922 0.881922006607056 0.826901972293854 0.813637971878052 0.874486982822418 0.869601011276245 0.873390018939972 0.884163022041321 0.893854022026062 0.89545202255249 0.899159014225006 0.894838988780975 0.894963979721069 -9999 -9999 -9999 -9999 -9999 -9999 -9999 -9999 -9999 -9999 -9999
0.781868994235992 0.841113984584808 0.852450013160706 0.857281982898712 0.862190008163452 0.860077023506165 0.861200988292694 0.858232975006104 0.854996979236603 0.859526991844177 0.854448974132538 0.858718991279602 0.874107003211975 0.875627994537354 0.879711985588074 0.890555024147034 0.898388028144836 0.899937987327576 0.884512007236481 0.889190018177032 0.875959992408752 0.876576006412506 0.856954991817474 0.866069972515106 0.886902987957001 0.865754008293152 0.865043997764587 0.881067991256714 0.875895023345947 0.861531019210815 0.837601006031036 0.858294010162354 0.891586005687714 0.895741999149323 0.900097012519836 0.898285984992981 0.900982022285461 0.901009976863861 0.897166013717651 0.89606100320816 -9999 -9999 -9999 -9999 -9999 -9999 -9999 -9999 -9999 -9999 -9999 -9999
0.763071000576019 0.821308016777039 0.838047027587891 0.845395028591156 0.85757702589035 0.871901988983154 0.874042987823486 0.864872992038727 0.846853971481323 0.859076976776123 0.870829999446869 0.872563004493713 0.873115003108978 0.874871015548706 0.872072994709015 0.900604009628296 0.901386976242065 0.890165984630585 0.886054992675781 0.878884971141815 0.884958028793335 0.886606991291046 0.892579019069672 0.866177022457123 0.876854002475739 0.849853992462158 0.864270985126495 0.885434985160828 0.885991990566254 0.870105028152466 0.853299975395203 0.887736976146698 0.899541020393372 0.894397974014282 0.898149013519287 0.89841902256012 0.899030029773712 0.891609013080597 0.89920699596405 0.903455018997192 -9999 -9999 -9999 -9999 -9999 -9999 -9999 -9999 -9999 -9999 -9999 -9999
0.726318001747131 0.756236016750336 0.782288014888763 0.812384009361267 0.822866976261139 0.834553003311157 0.855580985546112 0.867164015769958 0.852155983448029 0.859865009784698 0.865773022174835 0.865958988666534 0.867228984832764 0.867145001888275 0.865733027458191 0.894397020339966 0.888935029506683 0.890874028205872 0.875267028808594 0.879194021224976 0.895497977733612 0.903070986270905 0.895931005477905 0.888683021068573 0.878091990947723 0.875584006309509 0.859441995620728 0.853390991687775 0.87030702829361 0.863494992256165 0.851118981838226 0.887059986591339 0.896453976631165 0.894910991191864 0.893845021724701 0.893902003765106 0.899887025356293 0.901452004909515 0.906060993671417 -9999 -9999 -9999 -9999 -9999 -9999 -9999 -9999 -9999 -9999 -9999 -9999 -9999
0.767217993736267 0.744755029678345 0.751091003417969 0.756111025810242 0.764423012733459 0.77503502368927 0.806927025318146 0.840848982334137 0.844290018081665 0.874431014060974 0.866442024707794 0.84944099187851 0.872229993343353 0.863361001014709 0.861555993556976 0.858039975166321 0.890968978404999 0.891326010227203 0.888697981834412 0.889014005661011 0.887365996837616 0.903517007827759 0.900017023086548 0.898638010025024 0.896768987178802 0.896732985973358 0.885058999061584 0.867388010025024 0.855777025222778 0.851181983947754 0.880129992961884 0.89191997051239 0.901611983776093 0.896749019622803 0.90208899974823 0.894010007381439 0.907714009284973 0.899627983570099 0.899618029594421 -9999 -9999 -9999 -9999 -9999 -9999 -9999 -9999 -9999 -9999 -9999 -9999 -9999
0.837948977947235 0.822086989879608 0.805992007255554 0.787624001502991 0.783016979694366 0.78474897146225 0.785467028617859 0.818755984306335 0.841802000999451 0.85316401720047 0.87552797794342 0.850008010864258 0.841678023338318 0.863703012466431 0.86498099565506 0.862949013710022 0.86666601896286 0.885321021080017 0.890258014202118 0.883219003677368 0.891521990299225 0.88919198513031 0.892355978488922 0.896009981632233 0.897822976112366 0.901006996631622 0.903339982032776 0.896191000938416 0.881151020526886 0.872331976890564 0.886117994785309 0.89649099111557 0.897544980049133 0.89835399389267 0.895748972892761 0.900623023509979 -9999 -9999 -9999 -9999 -9999 -9999 -9999 -9999 -9999 -9999 -9999 -9999 -9999 -9999 -9999 -9999
0.8680499792099 0.857936024665833 0.85556298494339 0.843478977680206 0.818584024906158 0.807914018630981 0.815427005290985 0.822299003601074 0.849132001399994 0.832019984722137 0.846552014350891 0.881103992462158 0.869623005390167 0.872722983360291 0.872721016407013 0.869737982749939 0.866406977176666 0.871034979820251 0.888553977012634 0.890039026737213 0.887813985347748 0.885397970676422 0.885195016860962 0.897476971149445 0.899851977825165 0.901421010494232 0.899782001972198 0.899010002613068 0.898132026195526 0.898796021938324 0.90327399969101 0.896512985229492 0.903814971446991 0.896692991256714 0.901687026023865 -9999 -9999 -9999 -9999 -9999 -9999 -9999 -9999 -9999 -9999 -9999 -9999 -9999 -9999 -9999 -9999 -9999
0.86020702123642 0.869687974452972 0.859157979488373 0.852639973163605 0.85164600610733 0.824859023094177 0.828321993350983 0.824025988578796 0.821838974952698 0.823872983455658 0.847254991531372 0.872250020503998 0.872690975666046 0.857213020324707 0.859071016311646 0.887771010398865 0.88100802898407 0.873941004276276 0.860936999320984 0.873458981513977 0.884976029396057 0.891138017177582 0.888141989707947 0.888279974460602 0.894783973693848 0.897572994232178 0.8958780169487 0.896803975105286 0.900018990039825 0.903230011463165 0.903248012065887 0.90037202835083 0.901390016078949 0.898553013801575 -9999 -9999 -9999 -9999 -9999 -9999 -9999 -9999 -9999 -9999 -9999 -9999 -9999 -9999 -9999 -9999 -9999 -9999
0.863843977451324 0.873488008975983 0.869719982147217 0.865171015262604 0.84619402885437 0.826928973197937 0.830564022064209 0.825295984745026 0.82234001159668 0.82335501909256 0.84647399187088 0.872156023979187 0.864821016788483 0.848977982997894 0.852389991283417 0.891053020954132 0.883311986923218 0.874630987644196 0.864804983139038 0.877372026443481 0.88671201467514 0.886291980743408 0.882300972938538 0.883338987827301 0.89664900302887 0.902534008026123 0.898989975452423 0.89904797077179 0.901051998138428 0.904417991638184 0.904082000255585 0.90148800611496 0.901301980018616 0.900704979896545 -9999 -9999 -9999 -9999 -9999 -9999 -9999 -9999 -9999 -9999 -9999 -9999 -9999 -9999 -9999 -9999 -9999 -9999
0.86904901266098 0.86055999994278 0.874644994735718 0.872424006462097 0.864157974720001 0.85325700044632 0.828706979751587 0.819347023963928 0.809265971183777 0.814684987068176 0.837630987167358 0.864345014095306 0.870922982692719 0.857886016368866 0.859865009784698 0.846270978450775 0.861441016197205 0.873238027095795 0.857104003429413 0.865186989307404 0.883503973484039 0.889424026012421 0.883612990379333 0.87710702419281 0.876236021518707 0.874970018863678 0.884768009185791 0.889356017112732 0.896076023578644 0.906010985374451 0.904316008090973 0.902935028076172 0.902347981929779 -9999 -9999 -9999 -9999 -9999 -9999 -9999 -9999 -9999 -9999 -9999 -9999 -9999 -9999 -9999 -9999 -9999 -9999 -9999
0.876954019069672 0.856947004795074 0.844646990299225 0.846747994422913 0.826860010623932 0.819639980792999 0.803097009658813 0.787416994571686 0.777617990970612 0.775672972202301 0.811433017253876 0.865222990512848 0.833103001117706 0.856693983078003 0.857981026172638 0.837404012680054 0.860915005207062 0.869022011756897 0.845858991146088 0.853100001811981 0.863002002239227 0.876062989234924 0.890509009361267 0.892350018024445 0.893317997455597 0.889898002147675 0.862203001976013 0.874876022338867 0.902543008327484 0.908363997936249 0.906013011932373 0.904470026493073 0.903645992279053 -9999 -9999 -9999 -9999 -9999 -9999 -9999 -9999 -9999 -9999 -9999 -9999 -9999 -9999 -9999 -9999 -9999 -9999 -9999
0.86607301235199 0.864201009273529 0.877916991710663 0.874670028686523 0.866195976734161 0.854074001312256 0.838681995868683 0.815856993198395 0.766511023044586 0.72598797082901 0.750918984413147 0.797749996185303 0.822772979736328 0.836601972579956 0.838464021682739 0.834433019161224 0.877973973751068 0.872956991195679 0.867263972759247 0.865972995758057 0.869033992290497 0.866217017173767 0.869612991809845 0.882883012294769 0.903485000133514 0.907916009426117 0.881383001804352 0.873468995094299 0.902541995048523 0.909382998943329 0.907952010631561 0.905219972133636 -9999 -9999 -9999 -9999 -9999 -9999 -9999 -9999 -9999 -9999 -9999 -9999 -9999 -9999 -9999 -9999 -9999 -9999 -9999 -9999
-9999 -9999 -9999 -9999 -9999 -9999 -9999 0.864979982376099 0.848309993743896 0.79194700717926 0.74202299118042 0.735749006271362 0.791603982448578 0.783703982830048 0.787486016750336 0.815023005008698 0.887934029102325 0.883433997631073 0.876549005508423 0.871061027050018 0.870667994022369 0.878573000431061 0.886002004146576 0.889218986034393 0.896302998065948 0.90801602602005 0.871577024459839 0.875277996063232 0.9043949842453 0.90870600938797 0.908652007579803 0.907450973987579 -9999 -9999 -9999 -9999 -9999 -9999 -9999 -9999 -9999 -9999 -9999 -9999 -9999 -9999 -9999 -9999 -9999 -9999 -9999 -9999
-9999 -9999 -9999 -9999 -9999 -9999 -9999 -9999 -9999 0.869107007980347 0.824452996253967 0.79252701997757 0.765634000301361 0.765088021755219 0.752303004264832 0.766066014766693 0.855336010456085 0.882676005363464 0.878886997699738 0.878866016864777 0.889064013957977 0.885120987892151 0.869000017642975 0.886965990066528 0.901665985584259 0.884374022483826 0.870561003684998 0.893662989139557 0.905764997005463 0.901395976543427 0.905179977416992 0.907627999782562 -9999 -9999 -9999 -9999 -9999 -9999 -9999 -9999 -9999 -9999 -9999 -9999 -9999 -9999 -9999 -9999 -9999 -9999 -9999 -9999
-9999 -9999 -9999 -9999 -9999 -9999 -9999 -9999 -9999 -9999 0.88204699754715 0.86259400844574 0.817553997039795 0.749871015548706 0.738463997840881 0.729135990142822 0.797923028469086 0.889055013656616 0.881637990474701 0.875881016254425 0.8819580078125 0.892313003540039 0.884298026561737 0.888750016689301 0.894865989685059 0.88068699836731 0.881792008876801 0.896416008472443 0.907172977924347 0.912141978740692 0.903756976127625 -9999 -9999 -9999 -9999 -9999 -9999 -9999 -9999 -9999 -9999 -9999 -9999 -9999 -9999 -9999 -9999 -9999 -9999 -9999 -9999 -9999
-9999 -9999 -9999 -9999 -9999 -9999 -9999 -9999 -9999 -9999 -9999 0.876914978027344 0.858940005302429 0.774882018566132 0.776076018810272 0.736603021621704 0.739445984363556 0.859744012355804 0.871213018894196 0.878391981124878 0.884265005588531 0.888131022453308 0.888171970844269 0.880240023136139 0.887288987636566 0.896070003509521 0.886721014976501 0.897648990154266 0.90929502248764 0.904554009437561 0.905662000179291 -9999 -9999 -9999 -9999 -9999 -9999 -9999 -9999 -9999 -9999 -9999 -9999 -9999 -9999 -9999 -9999 -9999 -9999 -9999 -9999 -9999
-9999 -9999 -9999 -9999 -9999 -9999 -9999 -9999 -9999 -9999 -9999 -9999 0.879294991493225 0.845911979675293 0.845494985580444 0.745949983596802 0.711692988872528 0.783037006855011 0.888589024543762 0.878709018230438 0.887686014175415 0.887229025363922 0.892055988311768 0.881879985332489 0.894998013973236 0.890509009361267 0.880218029022217 0.906974971294403 0.9045649766922 0.907281994819641 0.904758989810944 -9999 -9999 -9999 -9999 -9999 -9999 -9999 -9999 -9999 -9999 -9999 -9999 -9999 -9999 -9999 -9999 -9999 -9999 -9999 -9999 -9999
-9999 -9999 -9999 -9999 -9999 -9999 -9999 -9999 -9999 -9999 -9999 -9999 -9999 0.881340026855469 0.879279017448425 0.823973000049591 0.74344801902771 0.728870987892151 0.862084984779358 0.885684013366699 0.8870609998703 0.890726983547211 0.894649982452393 0.88773900270462 0.894933998584747 0.886465013027191 0.879975020885468 0.913438022136688 0.899160981178284 0.90405797958374 -9999 -9999 -9999 -9999 -9999 -9999 -9999 -9999 -9999 -9999 -9999 -9999 -9999 -9999 -9999 -9999 -9999 -9999 -9999 -9999 -9999 -9999
-9999 -9999 -9999 -9999 -9999 -9999 -9999 -9999 -9999 -9999 -9999 -9999 -9999 0.893486976623535 0.89105099439621 0.877511978149414 0.79967600107193 0.713672995567322 0.831481993198395 0.896359980106354 0.888300001621246 0.888774991035461 0.907763004302979 0.909281015396118 0.89036500453949 0.872259974479675 0.889181971549988 0.909331977367401 0.910636007785797 0.897197008132935 -9999 -9999 -9999 -9999 -9999 -9999 -9999 -9999 -9999 -9999 -9999 -9999 -9999 -9999 -9999 -9999 -9999 -9999 -9999 -9999 -9999 -9999
-9999 -9999 -9999 -9999 -9999 -9999 -9999 -9999 -9999 -9999 -9999 -9999 -9999 -9999 0.898303985595703 0.891183972358704 0.86099100112915 0.73834502696991 0.711154997348785 0.885137975215912 0.888713002204895 0.897150993347168 0.910246014595032 0.900238990783691 0.879737973213196 0.879823982715607 0.903178989887238 0.905969023704529 0.902918994426727 0.910063982009888 -9999 -9999 -9999 -9999 -9999 -9999 -9999 -9999 -9999 -9999 -9999 -9999 -9999 -9999 -9999 -9999 -9999 -9999 -9999 -9999 -9999 -9999
