Mormoops_blainvillei.asc
ncols  804
nrows  378
xllcorner  -74.6418056
yllcorner  17.2248604
cellsize 0.00833333370646766
NODATA_value  -9999
[rows 230 to 252 of 378, columns 104 to 155 of 804]
0.624536991119385 0.784337997436523 0.781803011894226 0.836969017982483 0.829761981964111 0.673964023590088 0.602265000343323 0.647342026233673 0.747730016708374 0.459491014480591 0.507914006710052 0.551777005195618 0.234927996993065 0.416696012020111 0.322016000747681 0.444247990846634 0.483222007751465 0.528622984886169 0.548963010311127 0.589884996414185 0.720139026641846 0.842490017414093 0.701007008552551 0.636519014835358 0.475805997848511 0.580817997455597 0.683158993721008 0.816471993923187 0.606754004955292 0.778015971183777 0.574272990226746 0.557024002075195 0.741868019104004 0.582180023193359 0.762517988681793 0.659870982170105 0.798946022987366 0.666137993335724 0.836229979991913 0.757691025733948 0.651027023792267 0.747346997261047 0.56166797876358 0.631093978881836 0.71848601102829 0.85290402173996 0.835851013660431 0.828032970428467 0.85106498003006 0.819182991981506 0.840008974075317 0.805011987686157
0.811145007610321 0.77149897813797 0.823773980140686 0.724816977977753 0.729463994503021 0.43622499704361 0.541405022144318 0.718860983848572 0.612145006656647 0.623593986034393 0.620639026165009 0.294483989477158 0.428665995597839 0.753386974334717 0.568996012210846 0.882211029529572 0.840029001235962 0.750849008560181 0.802929997444153 0.852985978126526 0.603730022907257 0.511934995651245 0.708904981613159 0.833781003952026 0.878619015216827 0.784532010555267 0.627722024917603 0.653945982456207 0.79914402961731 0.879935026168823 0.864311993122101 0.556814014911652 0.680145025253296 0.648580014705658 0.888190984725952 0.743946015834808 0.649006009101868 0.893710017204285 0.749418020248413 0.699155986309052 0.715923011302948 0.858682990074158 0.902691006660461 0.782720029354095 0.870105028152466 0.794036984443665 0.820592999458313 0.809777975082397 0.805177986621857 0.770891010761261 0.691796004772186 0.81452202796936
0.82718300819397 0.764536023139954 0.811317026615143 0.714299023151398 0.688490986824036 0.424437999725342 0.53473299741745 0.719160974025726 0.608965992927551 0.63756799697876 0.644662976264954 0.286449998617172 0.433317989110947 0.799124002456665 0.60919600725174 0.910649001598358 0.865737974643707 0.785408973693848 0.838841021060944 0.873001992702484 0.613757014274597 0.50627201795578 0.681523025035858 0.815371990203857 0.864701986312866 0.769805014133453 0.629392981529236 0.664202988147736 0.800755977630615 0.893593013286591 0.884021997451782 0.566890001296997 0.710289001464844 0.672280013561249 0.900771021842957 0.767463982105255 0.644676983356476 0.893818974494934 0.757157981395721 0.705186009407043 0.721170008182526 0.865338981151581 0.90173602104187 0.770690977573395 0.853380978107452 0.778047025203705 0.80883800983429 0.792559027671814 0.792703986167908 0.753690004348755 0.692421972751617 0.814502000808716
0.477026998996735 0.777382016181946 0.598111987113953 0.657535016536713 0.632040977478027 0.70905202627182 0.582157015800476 0.261905014514923 0.66566401720047 0.378991007804871 0.623162984848022 0.394133001565933 0.611096024513245 0.781322002410889 0.778485000133514 0.539220988750458 0.715357005596161 0.691902995109558 0.550660014152527 0.485060006380081 0.511637985706329 0.746046006679535 0.788600981235504 0.859896004199982 0.805046021938324 0.830466985702515 0.843769013881683 0.859606981277466 0.888378024101257 0.916095018386841 0.904340982437134 0.885990023612976 0.729709982872009 0.744453012943268 0.811260998249054 0.776425004005432 0.899496972560883 0.885109007358551 0.89369797706604 0.762371003627777 0.81453400850296 0.76188600063324 0.691045999526978 0.693611979484558 0.772454023361206 0.778263986110687 0.726229012012482 0.793626010417938 0.722046971321106 0.722513973712921 0.670870006084442 0.776419997215271
0.607116997241974 0.702727019786835 0.753709971904755 0.302569985389709 0.292207002639771 0.43655601143837 0.25041601061821 0.734746992588043 0.502106010913849 0.730759978294373 0.695181012153625 0.484905987977982 0.761664986610413 0.824899971485138 0.726929008960724 0.593005001544952 0.766238987445831 0.768236994743347 0.742573022842407 0.759416997432709 0.842429995536804 0.837357997894287 0.82252699136734 0.756090998649597 0.868430018424988 0.84356302022934 0.881577014923096 0.848986029624939 0.795673012733459 0.917999029159546 0.850939989089966 0.891709983348846 0.813991010189056 0.873659014701843 0.913810014724731 0.88730800151825 0.889438986778259 0.880855023860931 0.859771013259888 0.901302993297577 0.800692021846771 0.813413023948669 0.728240013122559 0.868912994861603 0.837239027023315 0.85403698682785 0.760233998298645 0.720390021800995 0.810754001140594 0.82650899887085 0.594434976577759 0.787142992019653
0.577331006526947 0.671799004077911 0.642217993736267 0.694253027439117 0.668757021427155 0.469314992427826 0.629208028316498 0.819628000259399 0.60894900560379 0.450112998485565 0.637329995632172 0.51111102104187 0.874993979930878 0.888706982135773 0.789505004882813 0.769546985626221 0.794830977916718 0.703750014305115 0.632784008979797 0.624278008937836 0.757201015949249 0.692498028278351 0.623444020748138 0.796841979026794 0.873296976089478 0.787557005882263 0.909808993339539 0.841929972171783 0.897441029548645 0.872657001018524 0.8821120262146 0.929129004478455 0.896109998226166 0.907042980194092 0.884694993495941 0.893356025218964 0.839564979076385 0.848160028457642 0.846786975860596 0.756678998470306 0.774634003639221 0.776601016521454 0.808534026145935 0.810118973255157 0.73844701051712 0.6822429895401 0.77689802646637 0.794053018093109 0.678632974624634 0.658698976039886 0.781296014785767 0.770747005939484
0.754247009754181 0.834224998950958 0.65479302406311 0.716257989406586 0.710430979728699 0.596293985843658 0.61583000421524 0.739780008792877 0.673605024814606 0.78517097234726 0.674776017665863 0.861862003803253 0.696335017681122 0.791463971138 0.77420699596405 0.802188992500305 0.630155980587006 0.793182015419006 0.872618019580841 0.781148016452789 0.832596004009247 0.65275901556015 0.679772973060608 0.708609998226166 0.779504001140594 0.686109006404877 0.649505972862244 0.857152998447418 0.892098009586334 0.891270995140076 0.868623971939087 0.873803019523621 0.880153000354767 0.866562008857727 0.913525998592377 0.861517012119293 0.88645601272583 0.888808012008667 0.833387970924377 0.671036005020142 0.736717998981476 0.691681981086731 0.675915002822876 0.851347982883453 0.780766010284424 0.850009977817535 0.696780979633331 0.639787018299103 0.740135014057159 0.761892020702362 0.627815008163452 0.745621979236603
0.514503002166748 0.612213015556335 0.530541002750397 0.594344019889832 0.603317022323608 0.813050985336304 0.545832991600037 0.537741005420685 0.761665999889374 0.803951978683472 0.837002992630005 0.847355008125305 0.747045993804932 0.741622984409332 0.630510985851288 0.581523001194 0.617052018642426 0.447203993797302 0.543977022171021 0.629652976989746 0.71425199508667 0.722901999950409 0.75388902425766 0.716412007808685 0.903805017471313 0.872187972068787 0.730270981788635 0.759718000888824 0.853300988674164 0.848380982875824 0.867651998996735 0.886075973510742 0.887515008449554 0.844103991985321 0.880529999732971 0.894128978252411 0.875020027160645 0.854318022727966 0.871874988079071 0.83881002664566 0.667652010917664 0.679250001907349 0.793429017066956 0.86225301027298 0.784416019916534 0.734601974487305 0.739513993263245 0.814828991889954 0.711811006069183 0.59129399061203 0.731797993183136 0.719449996948242
0.288875997066498 0.312189996242523 0.710422992706299 0.571619987487793 0.589290976524353 0.834837019443512 0.753768980503082 0.687776982784271 0.521623015403748 0.716193020343781 0.631503999233246 0.727660000324249 0.832194983959198 0.764567017555237 0.545369982719421 0.56333202123642 0.691681981086731 0.651199996471405 0.645416021347046 0.597204983234406 0.655542016029358 0.516130983829498 0.69915097951889 0.857358992099762 0.77283102273941 0.89129900932312 0.801106989383698 0.738138020038605 0.854879975318909 0.869435012340546 0.871912002563477 0.890057027339935 0.886516988277435 0.873565018177032 0.860870003700256 0.864852011203766 0.91364997625351 0.879719018936157 0.835681021213531 0.869881987571716 0.893328011035919 0.860791027545929 0.868000984191895 0.877236008644104 0.781058013439178 0.774990022182465 0.762455999851227 0.751065015792847 0.676272988319397 0.78522402048111 0.835344970226288 0.808202028274536
0.56817901134491 0.647688984870911 0.546930015087128 0.855657994747162 0.868058979511261 0.870666980743408 0.842476010322571 0.903262972831726 0.718828976154327 0.586027026176453 0.719977974891663 0.765073001384735 0.762863993644714 0.60987001657486 0.715153992176056 0.716500997543335 0.824751019477844 0.757266998291016 0.750176012516022 0.706579983234406 0.655176997184753 0.573128998279572 0.517525970935822 0.635415017604828 0.804895997047424 0.824010014533997 0.807748973369598 0.738512992858887 0.723383009433746 0.836540997028351 0.803264021873474 0.80129599571228 0.805895984172821 0.832826972007751 0.892534017562866 0.854780972003937 0.810609996318817 0.887678027153015 0.868263006210327 0.870756983757019 0.861092984676361 0.854650020599365 0.84245902299881 0.85392302274704 0.854930996894836 0.797385990619659 0.786751985549927 0.827037990093231 0.789624989032745 0.84536200761795 0.844224989414215 0.809116005897522
0.798528015613556 0.848843991756439 0.674129009246826 0.860969007015228 0.868331015110016 0.791130006313324 0.780871987342834 0.893754005432129 0.874423027038574 0.837745010852814 0.841722011566162 0.816193997859955 0.77659797668457 0.72639799118042 0.84271502494812 0.843023002147675 0.872087001800537 0.826286017894745 0.762542009353638 0.776018023490906 0.781569004058838 0.747864007949829 0.625904977321625 0.438659995794296 0.458680987358093 0.838369011878967 0.661495983600616 0.849852979183197 0.786014974117279 0.756554007530212 0.618952989578247 0.668954014778137 0.648424029350281 0.759935021400452 0.665762007236481 0.730619013309479 0.735934972763062 0.725385010242462 0.797931015491486 0.8230339884758 0.846992015838623 0.804625988006592 0.852719008922577 0.814379990100861 0.83263498544693 0.852294981479645 0.848787009716034 0.816628992557526 0.83031702041626 0.785712003707886 0.859601974487305 0.88086599111557
0.850139021873474 0.821739971637726 0.778007984161377 0.663299024105072 0.664372980594635 0.678346991539001 0.728326976299286 0.888640999794006 0.796573996543884 0.786135017871857 0.734915971755981 0.779424011707306 0.818885028362274 0.866069972515106 0.896888971328735 0.894990026950836 0.887215971946716 0.866506993770599 0.837459981441498 0.694173991680145 0.727240979671478 0.745981991291046 0.697889983654022 0.665620028972626 0.577655971050262 0.68879497051239 0.563696980476379 0.620320975780487 0.413706004619598 0.682361006736755 0.42747101187706 0.501390993595123 0.619167983531952 0.523715019226074 0.414786994457245 0.456418007612228 0.454663008451462 0.477770000696182 0.60904598236084 0.572476983070374 0.718760013580322 0.559602022171021 0.690887987613678 0.684480011463165 0.720881998538971 0.614521980285645 0.804660022258759 0.793460011482239 0.887921988964081 0.88348001241684 0.823742985725403 0.805586993694305
0.890591025352478 0.866479992866516 0.892297983169556 0.858482003211975 0.854564011096954 0.893797993659973 0.888674020767212 0.885931015014648 0.874477028846741 0.85962700843811 0.807186007499695 0.889752984046936 0.89878898859024 0.912921011447906 0.910135984420776 0.909420013427734 0.899127006530762 0.779231011867523 0.628726005554199 0.598851978778839 0.813253998756409 0.491658985614777 0.327230989933014 0.323572993278503 0.551849007606506 0.609552025794983 0.784298002719879 0.597723007202148 0.816573023796082 0.426165997982025 0.770457983016968 0.373360008001328 0.661374986171722 0.419261991977692 0.339823007583618 0.324761986732483 0.245828002691269 0.428488999605179 0.516305983066559 0.452840000391006 0.440019011497498 0.39640000462532 0.370954006910324 0.492913991212845 0.407220989465714 0.515908002853394 0.641166985034943 0.78923100233078 0.838962972164154 0.882631003856659 0.81121701002121 0.842351019382477
0.904477000236511 0.891530990600586 0.86983597278595 0.887211978435516 0.88748699426651 0.831264972686768 0.841683983802795 0.873575985431671 0.775027990341187 0.741845011711121 0.732518970966339 0.752339005470276 0.724309980869293 0.76581197977066 0.801074028015137 0.900014996528625 0.869605004787445 0.711471974849701 0.761218011379242 0.606024980545044 0.405128985643387 0.257438004016876 0.383603006601334 0.378726989030838 0.518229007720947 0.760140001773834 0.333947002887726 0.479606986045837 0.188711002469063 0.686138987541199 0.442786991596222 0.463075995445251 0.212233006954193 0.291143000125885 0.500454008579254 0.722364008426666 0.423518002033234 0.34782001376152 0.275222986936569 0.411549001932144 0.380129992961884 0.48710098862648 0.39511901140213 0.580052971839905 0.600484013557434 0.57279098033905 0.513202011585236 0.829672992229462 0.809149980545044 0.832845985889435 0.813446998596191 0.683202981948853
0.771682977676392 0.792160987854004 0.780941009521484 0.86201399564743 0.860625028610229 0.869783997535706 0.840655028820038 0.843788027763367 0.791863024234772 0.872754991054535 0.855530023574829 0.888024985790253 0.864163994789124 0.826783001422882 0.760138988494873 0.80401200056076 0.880837023258209 0.76971697807312 0.614648997783661 0.439485013484955 0.476172000169754 0.729519009590149 0.605817973613739 0.817399978637695 0.410389989614487 0.333249986171722 0.312748998403549 0.823674023151398 0.557748973369598 0.266113013029099 0.337933987379074 0.61422997713089 0.598375022411346 0.599048018455505 0.398921996355057 0.502390027046204 0.473888009786606 0.838491976261139 0.401547998189926 0.572897017002106 0.825426995754242 0.76851499080658 0.688908994197845 0.775614023208618 0.715801000595093 0.793823003768921 0.514752984046936 0.677995026111603 0.808758974075317 0.783150017261505 0.821480989456177 0.840677976608276
0.941704988479614 0.939135015010834 0.945954978466034 0.893424987792969 0.902046024799347 0.909071981906891 0.943076014518738 0.94623601436615 0.908119976520538 0.862640023231506 0.830888986587524 0.864230990409851 0.785885989665985 0.839680016040802 0.818858981132507 0.85274201631546 0.836417973041534 0.884039998054504 0.784682989120483 0.577849984169006 0.685168981552124 0.495994985103607 0.45372799038887 0.520214974880219 0.525995016098022 0.623950004577637 0.601032018661499 0.499476999044418 0.542631983757019 0.713698983192444 0.462615013122559 0.528020977973938 0.249459996819496 0.241354003548622 0.284078001976013 0.464652985334396 0.241346001625061 0.268352001905441 0.616164028644562 0.314467996358871 0.443235993385315 0.378571003675461 0.327679991722107 0.650111973285675 0.555328011512756 0.41923999786377 0.47053799033165 0.60554701089859 0.759323000907898 0.782737016677856 0.807260990142822 0.815954029560089
0.849384009838104 0.878130972385406 0.872940003871918 0.868466973304749 0.86761999130249 0.939431011676788 0.941702008247375 0.942705988883972 0.939620018005371 0.941034018993378 0.90837299823761 0.917221009731293 0.910528004169464 0.865722000598907 0.837511003017426 0.890550971031189 0.871393978595734 0.871846973896027 0.749484002590179 0.647964000701904 0.641373991966248 0.882014989852905 0.846038997173309 0.893296003341675 0.670234024524689 0.738815009593964 0.472642004489899 0.558731973171234 0.80579000711441 0.516207993030548 0.541315972805023 0.401899993419647 0.338753998279572 0.386736989021301 0.589663028717041 0.532745003700256 0.805164992809296 0.369534999132156 0.645865976810455 0.398207992315292 0.52223402261734 0.542528986930847 0.576686024665833 0.467792004346848 0.540282011032104 0.563952028751373 0.708500981330872 0.704714000225067 0.911390006542206 0.814966976642609 0.799787998199463 0.899120986461639
0.93477201461792 0.913358986377716 0.944285988807678 0.927168011665344 0.934623003005981 0.943192005157471 0.96211701631546 0.96483701467514 0.942300975322723 0.943046987056732 0.940612018108368 0.928865015506744 0.922303020954132 0.866958975791931 0.892177999019623 0.903949975967407 0.868713974952698 0.826650977134705 0.903237998485565 0.917702972888947 0.857371985912323 0.867590010166168 0.891228973865509 0.843212008476257 0.856873989105225 0.780758023262024 0.87900698184967 0.324270993471146 0.427827000617981 0.511858999729156 0.323224008083344 0.335317999124527 0.46417298913002 0.543614983558655 0.919134974479675 0.583315014839172 0.288231998682022 0.442791998386383 0.660004019737244 0.381983995437622 0.574882984161377 0.734813988208771 0.902388989925385 0.90777599811554 0.836915016174316 0.948051989078522 0.933933019638062 0.864592015743256 0.931209981441498 0.920907020568848 0.90929102897644 0.91192501783371
0.951128005981445 0.940728008747101 0.93631500005722 0.945958018302917 0.952675998210907 0.929053008556366 0.957746982574463 0.926939010620117 0.939894020557404 0.941999971866608 0.956628978252411 0.953258991241455 0.914614021778107 0.907151997089386 0.927760004997253 0.881469011306763 0.78787100315094 0.902463018894196 0.825383007526398 0.781410992145538 0.656314015388489 0.696133971214294 0.940791010856628 0.877251982688904 0.911670029163361 0.782570004463196 0.644438028335571 0.86423397064209 0.89317399263382 0.763975977897644 0.551889002323151 0.891695976257324 0.913918018341064 0.578805983066559 0.333198010921478 0.299575001001358 0.64894700050354 0.817597985267639 0.448987990617752 0.396943002939224 0.587276995182037 0.854227006435394 0.823307991027832 0.891001999378204 0.81522399187088 0.896363973617554 0.883306980133057 0.913941025733948 0.80221700668335 0.900770008563995 0.916741013526917 0.910261988639832
0.944501996040344 0.938564002513885 0.917346000671387 0.925396978855133 0.941659986972809 0.925366997718811 0.956417977809906 0.933475971221924 0.903503000736237 0.947813987731934 0.950784027576447 0.942230999469757 0.926674008369446 0.910118997097015 0.928978025913239 0.913371980190277 0.886627018451691 0.824509024620056 0.855875015258789 0.949331998825073 0.920238018035889 0.627317011356354 0.766103982925415 0.708590984344482 0.786475002765656 0.860929012298584 0.618124008178711 0.428250014781952 0.658421993255615 0.751821994781494 0.700931012630463 0.544848024845123 0.566515028476715 0.538066983222961 0.832481026649475 0.745478987693787 0.851127028465271 0.591440975666046 0.651708006858826 0.448812991380692 0.840924978256226 0.920925974845886 0.903585016727448 0.782356023788452 0.776776015758514 0.878004014492035 0.876645028591156 0.797706007957458 0.897565007209778 0.92299497127533 0.914663016796112 0.90242999792099
0.950082004070282 0.935422003269196 0.918390989303589 0.917855024337769 0.931129992008209 0.924494981765747 0.953817009925842 0.95396500825882 0.915615022182465 0.924287974834442 0.963802993297577 0.9356529712677 0.922042012214661 0.911971986293793 0.941904008388519 0.908212006092072 0.925328016281128 0.908761978149414 0.929391026496887 0.907642006874084 0.914889991283417 0.92246401309967 0.751200020313263 0.936649024486542 0.678689002990723 0.586135029792786 0.700977981090546 0.91797798871994 0.722187995910645 0.482733011245728 0.75578099489212 0.458718985319138 0.821914970874786 0.519218027591705 0.408993989229202 0.514279007911682 0.467070996761322 0.42094498872757 0.552523970603943 0.413415998220444 0.60706102848053 0.795998990535736 0.926967024803162 0.833674013614655 0.91203498840332 0.926010012626648 0.920881986618042 0.920185983181 0.915805995464325 0.913169026374817 0.900996029376984 0.89886599779129
0.947246015071869 0.938212990760803 0.923636019229889 0.923272013664246 0.935748994350433 0.935895025730133 0.933149993419647 0.935625016689301 0.931999027729034 0.955187976360321 0.943488001823425 0.924049019813538 0.950758993625641 0.944239020347595 0.945294976234436 0.904160976409912 0.930256009101868 0.917645990848541 0.952196002006531 0.929238975048065 0.905237019062042 0.952736020088196 0.851435005664825 0.761515974998474 0.921841979026794 0.696428000926971 0.607595026493073 0.404060006141663 0.595318019390106 0.644792020320892 0.687916994094849 0.480493009090424 0.758053004741669 0.505514979362488 0.474844992160797 0.751046001911163 0.468515008687973 0.575716018676758 0.447908997535706 0.626873016357422 0.856694996356964 0.935611009597778 0.938326001167297 0.932456016540527 0.933127999305725 0.924678027629852 0.921745002269745 0.917416989803314 0.917989015579224 0.903312981128693 0.90411102771759 0.9045569896698
0.948975026607513 0.940783023834229 0.926024973392487 0.918383002281189 0.932911992073059 0.929223001003265 0.932417988777161 0.936385989189148 0.934777975082397 0.953572988510132 0.94703197479248 0.926268994808197 0.948113977909088 0.953588008880615 0.952651977539063 0.917532026767731 0.942882001399994 0.928197026252747 0.960574984550476 0.934563994407654 0.898701012134552 0.949877023696899 0.863889992237091 0.78361302614212 0.944474995136261 0.75134402513504 0.651286005973816 0.451460003852844 0.626688003540039 0.663354992866516 0.697534024715424 0.503180027008057 0.774875998497009 0.530257999897003 0.508512020111084 0.771247982978821 0.478825002908707 0.577250003814697 0.436964005231857 0.633675992488861 0.852787017822266 0.927236974239349 0.92800897359848 0.922721982002258 0.921747028827667 0.921366989612579 0.921584010124207 0.918119013309479 0.912243008613586 0.904311001300812 0.905643999576569 0.913006007671356
