Natalus_major.asc
ncols  804
nrows  378
xllcorner  -74.6418056
yllcorner  17.2248604
cellsize 0.00833333370646766
NODATA_value  -9999
[rows 230 to 252 of 378, columns 52 to 103 of 804]
0.659316003322601 0.516219973564148 0.501643002033234 0.724382996559143 0.741461992263794 0.566716015338898 0.680944979190826 0.0873442962765694 0.196446999907494 0.569243013858795 0.533617973327637 0.480832993984222 0.30765101313591 0.269120007753372 0.458077013492584 0.24719800055027 0.0253867991268635 0.337128013372421 0.69990998506546 0.762955009937286 0.303705990314484 0.708262979984283 0.512341022491455 0.702866971492767 0.716670989990234 0.689902007579803 0.407674014568329 0.58008998632431 0.650889992713928 0.669255971908569 0.694594025611877 0.708113014698029 0.677188992500305 0.647174000740051 0.7396439909935 0.698563992977142 0.650731027126312 0.649061024188995 0.738431990146637 0.736949980258942 0.751245021820068 0.743265986442566 0.734022974967957 0.687026023864746 0.680602014064789 0.704614996910095 0.659587979316711 0.642863988876343 0.396755009889603 0.3315210044384 0.48395100235939 0.68103301525116
0.551403999328613 0.619364023208618 0.610260009765625 0.645478010177612 0.64581698179245 0.699171006679535 0.23616099357605 0.744737029075623 0.0376738011837006 0.061388898640871 0.154670998454094 0.370200008153915 0.643236994743347 0.143553003668785 0.273880004882813 0.683667004108429 0.14190199971199 0.47375699877739 0.637902975082397 0.742238998413086 0.508769989013672 0.379637002944946 0.36692601442337 0.47112300992012 0.425787001848221 0.699302971363068 0.614241003990173 0.675005972385406 0.678571999073029 0.651950001716614 0.703374981880188 0.725854992866516 0.72428297996521 0.733609020709991 0.669099986553192 0.662854015827179 0.70539802312851 0.649797976016998 0.715905010700226 0.685176014900208 0.65132600069046 0.614507019519806 0.752095997333527 0.686030983924866 0.665943026542664 0.722281992435455 0.709535002708435 0.161818996071815 0.566776990890503 0.593662977218628 0.37627100944519 0.564098000526428
0.541839003562927 0.596753001213074 0.581686019897461 0.610557019710541 0.627857029438019 0.703127026557922 0.2206140011549 0.718330979347229 0.0386119000613689 0.0645458996295929 0.150747999548912 0.342141002416611 0.605323016643524 0.134019002318382 0.290017992258072 0.707102000713348 0.143453001976013 0.454793989658356 0.598492980003357 0.730235993862152 0.477156013250351 0.353706985712051 0.34435299038887 0.472817987203598 0.410412013530731 0.69334602355957 0.623561024665833 0.695942997932434 0.687269985675812 0.650951981544495 0.684859991073608 0.70727002620697 0.704361975193024 0.71643602848053 0.642117023468018 0.64485102891922 0.690032005310059 0.639546990394592 0.706381022930145 0.659749984741211 0.613178014755249 0.584545016288757 0.750487983226776 0.69249701499939 0.684900999069214 0.742470979690552 0.709052979946136 0.150295004248619 0.52130001783371 0.555842995643616 0.347187995910645 0.533050000667572
0.495963007211685 0.705148994922638 0.658788025379181 0.328871995210648 0.5606529712677 0.607396006584167 0.249124005436897 0.196428000926971 0.615787029266357 0.210189998149872 0.155017003417015 0.556017994880676 0.366795986890793 0.613442003726959 0.143838003277779 0.0544992983341217 0.0550821982324123 0.0447539985179901 0.308165997266769 0.70736300945282 0.257427006959915 0.418253004550934 0.656310021877289 0.55249297618866 0.4529629945755 0.423961997032166 0.306784987449646 0.410715997219086 0.385533004999161 0.587464988231659 0.704958975315094 0.597967982292175 0.334432005882263 0.400214999914169 0.491786003112793 0.674457013607025 0.628189980983734 0.641744017601013 0.566093981266022 0.44030499458313 0.421144992113113 0.399816989898682 0.393364012241364 0.553826987743378 0.553463995456696 0.687490999698639 0.357080012559891 0.34324899315834 0.642392992973328 0.68122398853302 0.557187974452972 0.162249997258186
0.564769983291626 0.351781010627747 0.338660001754761 0.463618993759155 0.540751993656158 0.151758998632431 0.378237992525101 0.105559997260571 0.477459996938705 0.269078999757767 0.146602004766464 0.375629991292953 0.246962994337082 0.253895998001099 0.55204302072525 0.603061974048615 0.141291007399559 0.104414001107216 0.230882003903389 0.593232989311218 0.425096988677979 0.470643997192383 0.595323026180267 0.526645004749298 0.550786018371582 0.354851990938187 0.586562991142273 0.538830995559692 0.421766996383667 0.0944849997758865 0.525178015232086 0.403100997209549 0.623919010162354 0.424793988466263 0.517807006835938 0.68249899148941 0.700524985790253 0.581601977348328 0.457928001880646 0.65497100353241 0.717492997646332 0.668088972568512 0.344999998807907 0.431196987628937 0.519765973091125 0.472467988729477 0.451656997203827 0.52928900718689 0.665395021438599 0.630075991153717 0.437804013490677 0.636101007461548
0.68470698595047 0.327939987182617 0.308362007141113 0.454778999090195 0.712431013584137 0.430909991264343 0.229360997676849 0.212308004498482 0.276389986276627 0.121250003576279 0.40845999121666 0.0727296024560928 0.220881000161171 0.0569478012621403 0.258188992738724 0.150270000100136 0.0689608007669449 0.309895008802414 0.251015990972519 0.199522003531456 0.720130026340485 0.688951015472412 0.632912993431091 0.678218007087708 0.481985002756119 0.460101008415222 0.430651992559433 0.592859983444214 0.53330397605896 0.466820001602173 0.164498001337051 0.395974010229111 0.666132986545563 0.658506989479065 0.636156976222992 0.536795020103455 0.706570982933044 0.66644299030304 0.697116017341614 0.633204996585846 0.698912024497986 0.625330984592438 0.667997002601624 0.628696978092194 0.627012014389038 0.651036024093628 0.599825978279114 0.347009986639023 0.304969012737274 0.295711010694504 0.142450004816055 0.4825040102005
0.716535985469818 0.564020991325378 0.558713972568512 0.579171001911163 0.665413975715637 0.293428003787994 0.129213005304337 0.579255998134613 0.487141996622086 0.103278003633022 0.102860003709793 0.0513533987104893 0.198183998465538 0.38357800245285 0.0045694699510932 0.0185430999845266 0.342624992132187 0.458191007375717 0.164083003997803 0.0601920001208782 0.0469780005514622 0.00461798021569848 0.0281662996858358 0.044769998639822 0.413414001464844 0.115425996482372 0.412238985300064 0.566690981388092 0.601978003978729 0.602108001708984 0.544519007205963 0.530387997627258 0.505824983119965 0.603401005268097 0.605418026447296 0.660974979400635 0.677734971046448 0.699141025543213 0.698487997055054 0.710641980171204 0.695604026317596 0.611954987049103 0.595242977142334 0.485944002866745 0.306194007396698 0.642449975013733 0.54364800453186 0.37057301402092 0.116446003317833 0.265293002128601 0.336798012256622 0.137529000639915
0.631663978099823 0.588666975498199 0.594007015228271 0.548806011676788 0.0549818016588688 0.143530994653702 0.441520988941193 0.348857998847961 0.373989999294281 0.13358299434185 0.383181989192963 0.456223994493484 0.558634996414185 0.385778993368149 0.0525912009179592 0.197586998343468 0.23921599984169 0.0167516991496086 0.00559293013066053 0.0114446002990007 9.2712500190828E-5 0.000419329997384921 0.00323148001916707 0.0304936002939939 0.00875823013484478 0.0358231998980045 0.496338993310928 0.517974972724915 0.615067005157471 0.629504024982452 0.567575991153717 0.614289999008179 0.65309602022171 0.65311998128891 0.608807981014252 0.601563990116119 0.707751989364624 0.674872994422913 0.707249999046326 0.674179971218109 0.696871995925903 0.715995013713837 0.696003019809723 0.0986737012863159 0.463578999042511 0.484191000461578 0.525300025939941 0.2917859852314 0.383134007453918 0.354274988174438 0.506411015987396 0.0387950018048286
0.495588004589081 0.407092988491058 0.40251499414444 0.110274001955986 0.46485498547554 0.377829998731613 0.313008010387421 0.509405016899109 0.0507671982049942 0.0859725028276443 0.185712993144989 0.279366999864578 0.51758599281311 0.548431992530823 0.0580689013004303 0.133558005094528 0.297187000513077 0.0490116998553276 0.130152001976967 0.111712001264095 0.246758997440338 0.209259003400803 0.020142700523138 0.31240901350975 0.10809600353241 0.533329010009766 0.272684007883072 0.213664993643761 0.54440301656723 0.64850902557373 0.639967978000641 0.561046004295349 0.243589997291565 0.668155014514923 0.619931995868683 0.556865990161896 0.689785003662109 0.71120697259903 0.655975997447968 0.726082980632782 0.729959011077881 0.60725998878479 0.399989008903503 0.379862993955612 0.566398024559021 0.445098996162415 0.300419986248016 0.327585011720657 0.306149005889893 0.693581998348236 0.364960998296738 0.523220002651215
0.353446006774902 0.547843992710114 0.572741985321045 0.352459013462067 0.0312739983201027 0.0383375994861126 0.263913989067078 0.0615387000143528 0.368268013000488 0.136096999049187 0.0466946996748447 0.00471638981252909 0.117123000323772 0.00733075011521578 0.0570753999054432 0.530390024185181 0.575778007507324 0.397179007530212 0.230795994400978 0.160714998841286 0.153243005275726 0.165888994932175 0.0997096970677376 0.298772007226944 0.0407420992851257 0.00838369037955999 0.0296426992863417 0.156111001968384 0.169723004102707 0.271843999624252 0.0939306020736694 0.0196215007454157 0.2708959877491 0.408304005861282 0.545943021774292 0.624951004981995 0.708015024662018 0.717163026332855 0.680433988571167 0.732617974281311 0.308223992586136 0.60291600227356 0.32974299788475 0.54304701089859 0.37601301074028 0.691101014614105 0.545261025428772 0.358426988124847 0.564243018627167 0.766207993030548 0.498966991901398 0.679647028446198
0.0975039973855019 0.228792995214462 0.248052999377251 0.218217998743057 0.200333997607231 0.478646010160446 0.0901418998837471 0.222810000181198 0.0305173005908728 0.224318996071815 0.0830364003777504 0.00403048982843757 0.00145924999378622 0.0080441003665328 0.0316885001957417 0.22945399582386 0.598879992961884 0.594120979309082 0.45949399471283 0.313612014055252 0.256568998098373 0.322239995002747 0.132570996880531 0.518245995044708 0.278544008731842 0.419229000806808 0.608999013900757 0.579017996788025 0.363077014684677 0.612448990345001 0.406414002180099 0.704092979431152 0.507504999637604 0.279668986797333 0.353204011917114 0.287541002035141 0.696017980575562 0.686533987522125 0.725745022296906 0.148092001676559 0.626963973045349 0.757018983364105 0.625667989253998 0.797565996646881 0.747566998004913 0.546329021453857 0.690725028514862 0.605337977409363 0.687928020954132 0.791817009449005 0.741653025150299 0.692920982837677
0.0890415981411934 0.495591014623642 0.512624979019165 0.26104599237442 0.472546994686127 0.53090500831604 0.175467997789383 0.674041986465454 0.127059996128082 0.0251733008772135 0.0163272991776466 0.324766010046005 0.0274052005261183 0.313701987266541 0.200380995869637 0.028040399774909 0.0762977972626686 0.24626499414444 0.181851997971535 0.204458996653557 0.184402003884315 0.50083202123642 0.0354773998260498 0.0114444000646472 0.0812837034463882 0.0544890016317368 0.0124123003333807 0.00308874994516373 0.0186628997325897 0.0649273991584778 0.0366627015173435 0.00779358018189669 0.0227879006415606 0.631461024284363 0.609681010246277 0.707080006599426 0.604214012622833 0.339442998170853 0.768028020858765 0.76706999540329 0.785088002681732 0.777052998542786 0.792451977729797 0.799789011478424 0.786495983600616 0.75366997718811 0.618176996707916 0.734951972961426 0.781234979629517 0.788007974624634 0.804615020751953 0.813435018062592
0.604664027690887 0.784623980522156 0.783801019191742 0.660368978977203 0.731490015983582 0.781717002391815 0.740934014320374 0.794568002223969 0.458101987838745 0.509119987487793 0.713590025901794 0.776289999485016 0.749836981296539 0.575996994972229 0.441664010286331 0.271077990531921 0.20974500477314 0.0313692986965179 0.00885371956974268 0.0069276001304388 0.0129663003608584 0.0109666995704174 0.192889004945755 0.409738004207611 0.470919013023376 0.446673005819321 0.522881984710693 0.465579986572266 0.0162675008177757 0.0485946983098984 0.203297004103661 0.401538997888565 0.0231474991887808 0.0631420016288757 0.135982006788254 0.171737000346184 0.213578999042511 0.73555201292038 0.744333028793335 0.521549999713898 0.757982015609741 0.796877026557922 0.791171014308929 0.787096977233887 0.811289012432098 0.793098986148834 0.808975994586945 0.822649002075195 0.824687004089355 0.822327971458435 0.826708972454071 0.826972007751465
0.62127298116684 0.743785977363586 0.730974018573761 0.785264015197754 0.535490989685059 0.500925004482269 0.676340997219086 0.251062005758286 0.583428978919983 0.327641010284424 0.370290994644165 0.584501028060913 0.659650981426239 0.488743990659714 0.610539972782135 0.515316009521484 0.167939007282257 0.356584012508392 0.324620991945267 0.0345195010304451 0.0954383015632629 0.101671002805233 0.0533685982227325 0.0337671004235744 0.0882811993360519 0.0863497033715248 0.0765549018979073 0.0146789001300931 0.121142998337746 0.231213003396988 0.200984001159668 0.174053996801376 0.461041986942291 0.577160000801086 0.348201006650925 0.192637994885445 0.529057025909424 0.649209976196289 0.572632014751434 0.725089013576508 0.798359990119934 0.797411978244781 0.793175995349884 0.804287016391754 0.811089992523193 0.815623998641968 0.815711975097656 0.82055401802063 0.811496019363403 0.812547028064728 0.821103990077972 0.822324991226196
0.65301901102066 0.776614010334015 0.773396015167236 0.657644987106323 0.629056990146637 0.467943996191025 0.235010996460915 0.554987013339996 0.145520001649857 0.681155979633331 0.709452986717224 0.589693009853363 0.708880007266998 0.658271014690399 0.346314013004303 0.430720001459122 0.482125997543335 0.569751024246216 0.366118013858795 0.139798998832703 0.168521001935005 0.392933994531631 0.411311000585556 0.349756985902786 0.183236002922058 0.0583163984119892 0.216489002108574 0.347804993391037 0.0120585998520255 0.0139341996982694 0.0594572015106678 0.0611191987991333 0.0897893980145454 0.198070004582405 0.497038990259171 0.381505012512207 0.459601014852524 0.768197000026703 0.801837980747223 0.78753399848938 0.79771500825882 0.795005023479462 0.80289500951767 0.809297978878021 0.815420985221863 0.812570989131927 0.807577013969421 0.8019779920578 0.803072988986969 0.775910019874573 0.781090974807739 0.759404003620148
0.82778000831604 0.831214010715485 0.826719999313354 0.82557600736618 0.81718498468399 0.812667012214661 0.809538006782532 0.720997989177704 0.62124502658844 0.518446981906891 0.704724013805389 0.586980998516083 0.261610001325607 0.263024985790253 0.441861987113953 0.753161013126373 0.733980000019073 0.712517976760864 0.501340985298157 0.303292006254196 0.152742996811867 0.428144007921219 0.615140974521637 0.536974012851715 0.497658997774124 0.48183199763298 0.386543989181519 0.591457009315491 0.21670800447464 0.250809013843536 0.096952997148037 0.353736013174057 0.141662001609802 0.305090010166168 0.289292991161346 0.518065989017487 0.721777975559235 0.773867011070251 0.775631010532379 0.787989974021912 0.812795996665955 0.805707991123199 0.812272012233734 0.817625999450684 0.811927020549774 0.815127015113831 0.813745021820068 0.807461977005005 0.806698977947235 0.787477016448975 0.788441002368927 0.801347970962524
0.836988985538483 0.783456981182098 0.782097995281219 0.509733974933624 0.688427984714508 0.60854297876358 0.549656987190247 0.358437985181808 0.339478999376297 0.665661990642548 0.577274978160858 0.610782980918884 0.445340991020203 0.277395993471146 0.69293999671936 0.625096023082733 0.709291994571686 0.59551602602005 0.712936997413635 0.573835015296936 0.378214985132217 0.160980001091957 0.407781988382339 0.574783980846405 0.624269008636475 0.665664970874786 0.563377976417542 0.620366990566254 0.594303011894226 0.547856986522675 0.57411801815033 0.662442028522491 0.7274050116539 0.750742971897125 0.768135011196136 0.74176299571991 0.732034027576447 0.779385983943939 0.770870983600616 0.790930986404419 0.815958976745605 0.806793987751007 0.809415996074677 0.801356017589569 0.801061987876892 0.769334971904755 0.797725975513458 0.787012994289398 0.793794989585876 0.787220001220703 0.792868971824646 0.758629024028778
0.837698996067047 0.663945972919464 0.642363011837006 0.503377020359039 0.656157970428467 0.700993001461029 0.584631979465485 0.692692995071411 0.727155029773712 0.444945991039276 0.445701003074646 0.722962021827698 0.70150500535965 0.799977004528046 0.773437023162842 0.700543999671936 0.566498994827271 0.619790017604828 0.550258994102478 0.615540981292725 0.522031009197235 0.481276005506516 0.210742995142937 0.583552002906799 0.663024008274078 0.530613005161285 0.714411020278931 0.61593097448349 0.716872990131378 0.625431001186371 0.700248003005981 0.771872997283936 0.7829549908638 0.788902997970581 0.789040982723236 0.719151973724365 0.797684013843536 0.777450025081635 0.783374011516571 0.816362977027893 0.813841998577118 0.809257984161377 0.809803009033203 0.795710027217865 0.797577977180481 0.780305027961731 0.818322002887726 0.806984007358551 0.792630016803741 0.776394009590149 0.790651023387909 0.785198986530304
0.840086996555328 0.839855015277863 0.805997014045715 0.594815015792847 0.460503995418549 0.303925007581711 0.259119987487793 0.338384002447128 0.522014021873474 0.385791003704071 0.318760007619858 0.722518980503082 0.808667004108429 0.75475400686264 0.654105007648468 0.637313008308411 0.6215980052948 0.416624009609222 0.608931005001068 0.484205007553101 0.480347990989685 0.63809198141098 0.552260994911194 0.378513991832733 0.70959597826004 0.675122022628784 0.475820988416672 0.69563102722168 0.737313985824585 0.640550971031189 0.623789012432098 0.782106995582581 0.759588003158569 0.717436015605927 0.661194026470184 0.76323801279068 0.800948023796082 0.774999976158142 0.81632000207901 0.82097202539444 0.805930972099304 0.822834014892578 0.822799026966095 0.828478991985321 0.789510011672974 0.819248974323273 0.831815004348755 0.826004981994629 0.826826989650726 0.832849979400635 0.830130994319916 0.830088019371033
0.844088017940521 0.843850016593933 0.843953013420105 0.844968020915985 0.800647974014282 0.731272995471954 0.456434994935989 0.401915997266769 0.47843599319458 0.520591020584106 0.694402992725372 0.771992027759552 0.80339902639389 0.629383027553558 0.757458984851837 0.733053982257843 0.334951996803284 0.459601014852524 0.639244973659515 0.642302989959717 0.458662986755371 0.450064986944199 0.476296007633209 0.249283000826836 0.487587988376617 0.676491022109985 0.708920001983643 0.57335901260376 0.544214010238647 0.357665985822678 0.796177983283997 0.738649010658264 0.637293994426727 0.701040983200073 0.687767028808594 0.784934997558594 0.74260002374649 0.794887006282806 0.817542016506195 0.822749972343445 0.825769007205963 0.827154994010925 0.828361988067627 0.830231010913849 0.824280977249146 0.83312201499939 0.834232985973358 0.835322976112366 0.834569990634918 0.836206018924713 0.832189977169037 0.833100020885468
-9999 -9999 0.844272971153259 0.844341993331909 0.838467001914978 0.837472975254059 0.829887986183167 0.78194797039032 0.718182981014252 0.813996016979218 0.820465981960297 0.732909023761749 0.805703997612 0.794571995735168 0.672703981399536 0.609187006950378 0.772512972354889 0.715892970561981 0.807820022106171 0.767592012882233 0.763032019138336 0.768665015697479 0.675773978233337 0.607098996639252 0.234264001250267 0.673071980476379 0.689136981964111 0.733434021472931 0.722451984882355 0.604555010795593 0.759091973304749 0.557871997356415 0.705883979797363 0.576089978218079 0.780745983123779 0.815995991230011 0.818938016891479 0.8125079870224 0.809297025203705 0.826417028903961 0.828285992145538 0.831557989120483 0.831988990306854 0.831350982189178 0.832740008831024 0.835178017616272 0.836184978485107 0.836248993873596 0.836902976036072 0.838361978530884 0.835596978664398 0.837662994861603
-9999 -9999 -9999 0.845254004001617 0.844932973384857 0.842437982559204 0.837674021720886 0.823257982730865 0.796841025352478 0.800720989704132 0.784747004508972 0.760590970516205 0.790278017520905 0.776857018470764 0.760040998458862 0.62984699010849 0.674305975437164 0.371280997991562 0.285888999700546 0.371951997280121 0.573978006839752 0.542981028556824 0.639190018177032 0.656495988368988 0.74124002456665 0.582808017730713 0.655776977539063 0.396806001663208 0.638782024383545 0.318868011236191 0.410127013921738 0.707710981369019 0.610845029354095 0.728329002857208 0.725736021995544 0.741621971130371 0.820109009742737 0.83193302154541 0.824306011199951 0.827916026115417 0.830241978168488 0.832870006561279 0.834882974624634 0.832792997360229 0.835372984409332 0.836278021335602 0.837643980979919 0.838465988636017 0.838894009590149 0.839518010616302 0.839466989040375 0.83908599615097
-9999 -9999 -9999 -9999 0.846116006374359 0.845650970935822 0.844923973083496 0.838090002536774 0.810840010643005 0.807196021080017 0.792810022830963 0.769222974777222 0.79112297296524 0.784304976463318 0.787236988544464 0.638011991977692 0.664532005786896 0.353442996740341 0.257615000009537 0.33797699213028 0.537889003753662 0.506080985069275 0.627458989620209 0.670578002929688 0.728030025959015 0.578419983386993 0.687391996383667 0.411758989095688 0.640847980976105 0.322519987821579 0.419119000434875 0.740287005901337 0.614607989788055 0.717132985591888 0.715256989002228 0.738924980163574 0.822224020957947 0.83390599489212 0.82819002866745 0.830272018909454 0.832799017429352 0.834999024868011 0.835870027542114 0.835263013839722 0.836749017238617 0.837579011917114 0.838033020496368 0.840273976325989 0.840315997600555 0.840717017650604 0.840291976928711 0.840462982654572
