Natalus_major.asc
ncols  804
nrows  378
xllcorner  -74.6418056
yllcorner  17.2248604
cellsize 0.00833333370646766
NODATA_value  -9999
[rows 115 to 137 of 378, columns 416 to 467 of 804]
0.532956004142761 0.545641005039215 0.540738999843597 0.542065978050232 0.530339002609253 0.543657004833221 0.548246026039124 0.556990027427673 0.561450004577637 0.532859027385712 0.535350978374481 0.515507996082306 0.492132008075714 0.529228985309601 0.548646986484528 0.550934016704559 0.555468022823334 0.556774020195007 0.538496971130371 0.484349012374878 0.529298007488251 0.553731024265289 0.555849015712738 0.544169008731842 0.573243975639343 0.559010028839111 0.561010003089905 0.561603009700775 0.565203011035919 0.559683978557587 0.543731987476349 0.551971018314362 0.552839994430542 0.548735976219177 0.540813028812408 0.513535022735596 0.534224987030029 0.543260991573334 0.544357001781464 0.554760992527008 0.556344985961914 0.558116018772125 0.555778980255127 0.558160006999969 0.532719016075134 0.504887998104095 0.580416023731232 0.581004023551941 0.580614984035492 0.579075992107391 0.574175000190735 0.584102988243103
0.542176008224487 0.54619300365448 0.542711019515991 0.546977996826172 0.547550976276398 0.54314398765564 0.555101990699768 0.500131011009216 0.474786013364792 0.525754988193512 0.518042981624603 0.470468997955322 0.525521993637085 0.550822019577026 0.541041016578674 0.545648992061615 0.547107994556427 0.526296019554138 0.533209979534149 0.51309198141098 0.474550992250443 0.495200008153915 0.523657023906708 0.517979025840759 0.522219002246857 0.53431099653244 0.571206986904144 0.56987202167511 0.539470016956329 0.552042007446289 0.55572098493576 0.558736979961395 0.538761019706726 0.552460014820099 0.553528010845184 0.51691597700119 0.513019025325775 0.543609023094177 0.54737001657486 0.550271987915039 0.553093016147614 0.544031977653503 0.556595981121063 0.556222021579742 0.547595977783203 0.487439006567001 0.527888000011444 0.582544028759003 0.583248019218445 0.56699800491333 0.582408010959625 0.584784984588623
0.545684993267059 0.540645003318787 0.545826017856598 0.549809992313385 0.516680002212524 0.545563995838165 0.550751984119415 0.483720988035202 0.544705986976624 0.492220014333725 0.498676002025604 0.499659985303879 0.499610006809235 0.514050006866455 0.509811997413635 0.508778989315033 0.487650007009506 0.506730020046234 0.494493991136551 0.501066982746124 0.501093983650208 0.507207989692688 0.520753979682922 0.492300003767014 0.470916002988815 0.482962012290955 0.507910013198853 0.514275014400482 0.515789985656738 0.553376972675323 0.559987008571625 0.550952970981598 0.554265022277832 0.53684002161026 0.541364014148712 0.532364010810852 0.532827019691467 0.545740008354187 0.549421012401581 0.550025999546051 0.544519007205963 0.544248998165131 0.529235005378723 0.534368991851807 0.544192016124725 0.489199012517929 0.467767000198364 0.483325004577637 0.570764005184174 0.568005979061127 0.57608699798584 0.580604016780853
0.53984397649765 0.532788991928101 0.522917985916138 0.550750970840454 0.544557988643646 0.557385981082916 0.53787899017334 0.529116988182068 0.490781992673874 0.498594999313354 0.476108014583588 0.512705028057098 0.489517003297806 0.50773298740387 0.498589009046555 0.502847015857697 0.482742011547089 0.502665996551514 0.490393996238708 0.51213401556015 0.508966028690338 0.500795006752014 0.501744985580444 0.506128013134003 0.508234977722168 0.514816999435425 0.523046016693115 0.450940996408463 0.466008991003036 0.504960000514984 0.531635999679565 0.530853986740112 0.529444992542267 0.545368015766144 0.517610013484955 0.526947975158691 0.541612029075623 0.538401007652283 0.528303980827332 0.547260999679565 0.544794976711273 0.547587990760803 0.550312995910645 0.548875987529755 0.559480011463165 0.504724025726318 0.453682988882065 0.57033097743988 0.542012989521027 0.576542973518372 0.574258029460907 0.57887202501297
0.544436991214752 0.511565983295441 0.540498018264771 0.509922027587891 0.426019996404648 0.544587016105652 0.485103994607925 0.524520993232727 0.532572984695435 0.505421996116638 0.482428014278412 0.508148014545441 0.51087898015976 0.510209977626801 0.503863990306854 0.504326999187469 0.520255029201508 0.522189974784851 0.524479985237122 0.524480998516083 0.526190996170044 0.529009997844696 0.505128979682922 0.510240972042084 0.453530997037888 0.513565003871918 0.456831991672516 0.515305995941162 0.512035012245178 0.515390992164612 0.486903995275497 0.51433801651001 0.525049984455109 0.530902028083801 0.528286993503571 0.540117979049683 0.514904975891113 0.523872017860413 0.539379000663757 0.531584024429321 0.531866014003754 0.551401972770691 0.519780993461609 0.545091986656189 0.517656981945038 0.478013008832932 0.572013974189758 0.461392998695374 0.56259298324585 0.571793973445892 0.575065970420837 0.577926993370056
0.356916010379791 0.547013998031616 0.446960985660553 0.421099990606308 0.482477992773056 0.527432024478912 0.498522013425827 0.475001007318497 0.527163982391357 0.505371987819672 0.48921599984169 0.50415700674057 0.519080996513367 0.514585018157959 0.516098976135254 0.516000986099243 0.498340994119644 0.492516994476318 0.506362974643707 0.497732996940613 0.480401992797852 0.517516016960144 0.521686017513275 0.527909994125366 0.522812008857727 0.430905997753143 0.490227997303009 0.524299025535583 0.526198983192444 0.51512199640274 0.495133012533188 0.511278986930847 0.522553026676178 0.528195023536682 0.49625301361084 0.531107008457184 0.51416802406311 0.532308995723724 0.525645017623901 0.523680984973907 0.552074015140533 0.548806011676788 0.547854006290436 0.552951991558075 0.497157990932465 0.558843016624451 0.474072009325027 0.544822990894318 0.499536991119385 0.537714004516602 0.566155016422272 0.571550011634827
0.492983996868134 0.398566007614136 0.446094989776611 0.451213985681534 0.417703002691269 0.511289000511169 0.45702001452446 0.447333991527557 0.450695991516113 0.501161992549896 0.475580990314484 0.499004006385803 0.520415008068085 0.48191499710083 0.483038991689682 0.489567995071411 0.519191980361938 0.52469801902771 0.517064988613129 0.48377600312233 0.523048996925354 0.508027970790863 0.454688996076584 0.486126989126205 0.517332017421722 0.520272970199585 0.514631986618042 0.509558022022247 0.529347002506256 0.516858994960785 0.51690399646759 0.518721997737885 0.516951978206635 0.513670027256012 0.521193981170654 0.528576016426086 0.517556011676788 0.534539997577667 0.538052976131439 0.521287024021149 0.533610999584198 0.547780990600586 0.54763799905777 0.543567001819611 0.560901999473572 0.519267022609711 0.511815011501312 0.547635018825531 0.529906988143921 0.522849977016449 0.552847027778625 0.556402981281281
0.443987011909485 0.435817003250122 0.498865991830826 0.503642976284027 0.393317013978958 0.447328001260757 0.454869985580444 0.441695004701614 0.453269988298416 0.454966992139816 0.481851994991302 0.512248992919922 0.493851006031036 0.515248000621796 0.52989399433136 0.530822992324829 0.52811598777771 0.529465019702911 0.531750977039337 0.534048974514008 0.531688988208771 0.516201019287109 0.501002013683319 0.487993985414505 0.426757007837296 0.502332985401154 0.521242022514343 0.519562005996704 0.518199980258942 0.51827198266983 0.524484992027283 0.520521998405457 0.520026028156281 0.50349897146225 0.52647602558136 0.517071008682251 0.528046011924744 0.515441000461578 0.540126025676727 0.537038028240204 0.536431014537811 0.544110000133514 0.525880992412567 0.551720976829529 0.515763998031616 0.518294990062714 0.527547001838684 0.541064023971558 0.527251005172729 0.519059002399445 0.562623977661133 0.552317976951599
0.462128013372421 0.464405000209808 0.430628001689911 0.503773987293243 0.474642008543015 0.389393001794815 0.448830008506775 0.419048994779587 0.464094996452332 0.500212013721466 0.508293986320496 0.507202982902527 0.498160004615784 0.475277990102768 0.47366601228714 0.481965005397797 0.527436971664429 0.506708979606628 0.511581003665924 0.518254995346069 0.511892974376678 0.535687029361725 0.539382994174957 0.532059013843536 0.496481001377106 0.466901004314423 0.510837972164154 0.519706010818481 0.517790019512177 0.517009019851685 0.522563993930817 0.517436981201172 0.520802974700928 0.513481020927429 0.518957018852234 0.52251797914505 0.524631023406982 0.529612004756927 0.519698023796082 0.52707302570343 0.535481989383698 0.538850009441376 0.539641976356506 0.532544016838074 0.501489996910095 0.537810981273651 0.54611599445343 0.547290980815887 0.538538992404938 0.526540994644165 0.546512007713318 0.563679993152618
0.497395992279053 0.448013991117477 0.364609986543655 0.468008995056152 0.509186029434204 0.463788002729416 0.415863990783691 0.369798004627228 0.470376998186111 0.47112101316452 0.501872003078461 0.424566000699997 0.45559099316597 0.507326006889343 0.47843798995018 0.475836992263794 0.506825983524323 0.444976985454559 0.407371997833252 0.510779023170471 0.471967995166779 0.460359007120132 0.510873973369598 0.526157021522522 0.498784005641937 0.51071697473526 0.479330986738205 0.492397993803024 0.5016970038414 0.507538974285126 0.519089996814728 0.51937198638916 0.521785974502563 0.52106499671936 0.516121983528137 0.51934802532196 0.522539019584656 0.530345022678375 0.530052006244659 0.519672989845276 0.532326996326447 0.529955983161926 0.543141007423401 0.531286001205444 0.54236102104187 0.531544029712677 0.541979014873505 0.535197019577026 0.537211000919342 0.545382976531982 0.53963702917099 0.528325021266937
0.484681010246277 0.459681987762451 0.458674997091293 0.368699014186859 0.300206005573273 0.505885004997253 0.394822001457214 0.462689995765686 0.430772989988327 0.411758005619049 0.43844598531723 0.371722012758255 0.342543989419937 0.372521013021469 0.49957400560379 0.501987993717194 0.40496501326561 0.44132798910141 0.446655988693237 0.428458988666534 0.506285011768341 0.442797988653183 0.473253011703491 0.447730004787445 0.459019988775253 0.490685999393463 0.520199000835419 0.528945982456207 0.517185986042023 0.493845999240875 0.504381000995636 0.515128016471863 0.514725029468536 0.519142985343933 0.515483021736145 0.51766300201416 0.521731972694397 0.519518971443176 0.519613981246948 0.521759986877441 0.530737996101379 0.533439993858337 0.541113972663879 0.526661992073059 0.543370008468628 0.542258024215698 0.553548991680145 0.558209002017975 0.545150995254517 0.524096012115479 0.527824997901917 0.542046010494232
0.468474000692368 0.482360988855362 0.472375005483627 0.322252005338669 0.412633001804352 0.3264279961586 0.443471997976303 0.286413013935089 0.40302300453186 0.391025006771088 0.444821000099182 0.468602001667023 0.270909994840622 0.465970009565353 0.429697006940842 0.424807995557785 0.426230996847153 0.503636002540588 0.503198027610779 0.456588000059128 0.484228998422623 0.433106005191803 0.463752001523972 0.47868600487709 0.500846982002258 0.483240991830826 0.498780012130737 0.447566986083984 0.472968995571136 0.50110000371933 0.505391001701355 0.499882996082306 0.509380996227264 0.507586002349854 0.512208998203278 0.530185997486115 0.531605005264282 0.526624023914337 0.532845020294189 0.537068009376526 0.542060017585754 0.542289972305298 0.532692015171051 0.53972601890564 0.523787021636963 0.53744500875473 0.549826979637146 0.539179980754852 0.534704029560089 0.546240985393524 0.554116010665894 0.564011991024017
0.42986398935318 0.481631994247437 0.440838009119034 0.441594004631042 0.46203801035881 0.291593998670578 0.270624995231628 0.363921999931335 0.380151003599167 0.425476998090744 0.415273010730743 0.39343398809433 0.398030012845993 0.410263001918793 0.397015005350113 0.390496999025345 0.483788013458252 0.353334009647369 0.409397006034851 0.502062022686005 0.389268010854721 0.498948007822037 0.485527008771896 0.496903002262115 0.517346978187561 0.500207006931305 0.509366989135742 0.495018005371094 0.501784026622772 0.481972008943558 0.500310003757477 0.509006023406982 0.514469027519226 0.496641010046005 0.505796015262604 0.507357001304626 0.51493102312088 0.512151002883911 0.522623002529144 0.518364012241364 0.5069620013237 0.51793897151947 0.512591004371643 0.493831992149353 0.483348995447159 0.545728981494904 0.552133023738861 0.548103988170624 0.553758025169373 0.558068990707397 0.535633981227875 0.542187988758087
0.488763988018036 0.491454988718033 0.49201300740242 0.425206005573273 0.42833998799324 0.168227002024651 0.449012994766235 0.36150199174881 0.439173012971878 0.40260899066925 0.447356998920441 0.487949997186661 0.474195003509521 0.385076999664307 0.470858991146088 0.491239011287689 0.277557998895645 0.360859990119934 0.293134987354279 0.40462601184845 0.448646992444992 0.457599014043808 0.498894989490509 0.500904977321625 0.489906996488571 0.478807002305984 0.517332017421722 0.485022008419037 0.489017009735107 0.496897011995316 0.496042013168335 0.510195016860962 0.515586018562317 0.510073006153107 0.488701999187469 0.491055995225906 0.507749974727631 0.499058991670609 0.523303985595703 0.521992027759552 0.529004991054535 0.532474994659424 0.480996012687683 0.501519024372101 0.523341000080109 0.538125991821289 0.537968993186951 0.537393987178802 0.553269982337952 0.554691016674042 0.555353999137878 0.543317973613739
0.286567002534866 0.474375009536743 0.414683014154434 0.484766989946365 0.353181004524231 0.370180010795593 0.303063988685608 0.422392994165421 0.346502989530563 0.476321995258331 0.483691990375519 0.335117012262344 0.447654008865356 0.470694988965988 0.403970003128052 0.420174986124039 0.297966003417969 0.323882013559341 0.413756012916565 0.407680004835129 0.372644990682602 0.419360011816025 0.491041988134384 0.494893997907639 0.497449994087219 0.463710993528366 0.50536698102951 0.458891004323959 0.484591990709305 0.499287009239197 0.492022007703781 0.500804007053375 0.502839028835297 0.508135974407196 0.509440004825592 0.504760026931763 0.498427003622055 0.473044008016586 0.482968986034393 0.529536008834839 0.494884014129639 0.511159002780914 0.536777973175049 0.526722013950348 0.499989986419678 0.531545996665955 0.52905797958374 0.530562996864319 0.542793989181519 0.55300498008728 0.552923023700714 0.540708005428314
0.224619999527931 0.245732992887497 0.278088986873627 0.13162299990654 0.325960010290146 0.323390007019043 0.384862989187241 0.434083998203278 0.292638003826141 0.436841994524002 0.411648988723755 0.468057990074158 0.298299014568329 0.458828002214432 0.279532998800278 0.271789014339447 0.35369598865509 0.402824014425278 0.450704991817474 0.435966998338699 0.44182500243187 0.295643985271454 0.444223999977112 0.498616993427277 0.487401008605957 0.49141201376915 0.476778000593185 0.470840990543365 0.489793986082077 0.4894640147686 0.490204006433487 0.491010010242462 0.481539011001587 0.508687019348145 0.469193994998932 0.460777997970581 0.475528985261917 0.50279700756073 0.474730014801025 0.435384005308151 0.484127998352051 0.480242013931274 0.415473014116287 0.539165019989014 0.451674997806549 0.397854000329971 0.433099985122681 0.53515499830246 0.493093013763428 0.54202002286911 0.527082979679108 0.555927991867065
0.285957008600235 0.377682000398636 0.161338001489639 0.0360267013311386 0.189136996865273 0.374967992305756 0.432848989963531 0.440237998962402 0.290894985198975 0.292308986186981 0.415374010801315 0.438205987215042 0.451362997293472 0.444682985544205 0.428508996963501 0.42110401391983 0.272145986557007 0.116728998720646 0.365503013134003 0.302426993846893 0.342691987752914 0.202718004584312 0.324521988630295 0.466657996177673 0.468558013439178 0.45177099108696 0.473192006349564 0.489843010902405 0.469891995191574 0.484127014875412 0.485110998153687 0.492294013500214 0.483072996139526 0.428023010492325 0.504719972610474 0.467267990112305 0.506350994110107 0.422500014305115 0.374832987785339 0.429551005363464 0.44938200712204 0.502777993679047 0.518637001514435 0.408134013414383 0.394609987735748 0.476693004369736 0.391716003417969 0.413917005062103 0.369040995836258 0.379527986049652 0.508122980594635 0.54993599653244
0.251453012228012 0.372456014156342 0.0917704999446869 0.276946008205414 0.109552003443241 0.263792008161545 0.405461013317108 0.174035996198654 0.131889998912811 0.093205600976944 0.123398996889591 0.342332988977432 0.469808995723724 0.440788000822067 0.193738996982574 0.186229005455971 0.134736001491547 0.413675010204315 0.26111501455307 0.381799012422562 0.406450003385544 0.305310010910034 0.16991899907589 0.32030200958252 0.48302099108696 0.472579002380371 0.473262995481491 0.481047004461288 0.47223898768425 0.486149996519089 0.487390011548996 0.473237007856369 0.479903012514114 0.493508011102676 0.454714000225067 0.443210005760193 0.36396199464798 0.479386001825333 0.485529989004135 0.50019097328186 0.467965006828308 0.394948989152908 0.52325302362442 0.312714993953705 0.499826997518539 0.41253399848938 0.516910970211029 0.396638005971909 0.435642004013062 0.311363011598587 0.323843002319336 0.346453994512558
0.180270999670029 0.372841000556946 0.202929005026817 0.433205008506775 0.247835993766785 0.154232993721962 0.220735996961594 0.116626001894474 0.391829997301102 0.34085801243782 0.235107004642487 0.113645002245903 0.383282989263535 0.344806998968124 0.459616988897324 0.460153013467789 0.216726005077362 0.100676998496056 0.375418990850449 0.245528995990753 0.389055013656616 0.295183002948761 0.450502008199692 0.31003201007843 0.428142994642258 0.478500992059708 0.470488011837006 0.461932003498077 0.472124010324478 0.469920992851257 0.48182201385498 0.474741011857986 0.423426985740662 0.501780986785889 0.380315989255905 0.467362999916077 0.419021010398865 0.455915987491608 0.489430010318756 0.492397010326385 0.425150007009506 0.438542991876602 0.346462994813919 0.368811011314392 0.494082987308502 0.437961012125015 0.352719992399216 0.513831973075867 0.356384009122849 0.490337014198303 0.419725000858307 0.294225990772247
0.29585599899292 0.377647995948792 0.127248004078865 0.0729062035679817 0.343674004077911 0.0905617028474808 0.221773996949196 0.232014998793602 0.269405007362366 0.261619001626968 0.358110010623932 0.379408985376358 0.231952995061874 0.430308014154434 0.344038993120193 0.363261997699738 0.396553993225098 0.134460002183914 0.16686800122261 0.328397989273071 0.142105996608734 0.248430997133255 0.307631999254227 0.235915005207062 0.248237997293472 0.41601899266243 0.466244012117386 0.453790992498398 0.482183992862701 0.467754006385803 0.475926011800766 0.474146008491516 0.438847005367279 0.425790995359421 0.396925985813141 0.406491011381149 0.440867006778717 0.413446009159088 0.452493011951447 0.405389994382858 0.45542499423027 0.483469992876053 0.286193013191223 0.457567006349564 0.47461000084877 0.494275987148285 0.446002006530762 0.385688990354538 0.454723000526428 0.405766010284424 0.421797007322311 0.396039009094238
0.31300300359726 0.380557000637054 0.127302005887032 0.0765620023012161 0.346325010061264 0.0837483033537865 0.199625998735428 0.222696006298065 0.256339013576508 0.265973001718521 0.370202988386154 0.400023996829987 0.245698004961014 0.415546000003815 0.349604994058609 0.354939013719559 0.379745990037918 0.130985006690025 0.175090998411179 0.340438991785049 0.136261001229286 0.224258005619049 0.283657014369965 0.220393002033234 0.236928001046181 0.40261098742485 0.462577998638153 0.45209801197052 0.478643000125885 0.465763002634048 0.473233997821808 0.469965010881424 0.438293009996414 0.418213993310928 0.390486001968384 0.384862005710602 0.428725987672806 0.409121006727219 0.463200986385345 0.410432994365692 0.445284992456436 0.476610988378525 0.280957996845245 0.449133992195129 0.465992987155914 0.486788004636765 0.44150099158287 0.382191985845566 0.453054994344711 0.41100201010704 0.413239002227783 0.391671985387802
0.422998011112213 0.18062199652195 0.434127986431122 0.196651995182037 0.0980530977249146 0.262690007686615 0.118164002895355 0.376695990562439 0.272152006626129 0.166583001613617 0.234346002340317 0.381558001041412 0.159360006451607 0.237718001008034 0.404231011867523 0.397419989109039 0.254606008529663 0.389793008565903 0.254256993532181 0.284390985965729 0.413942009210587 0.105065003037453 0.108960002660751 0.212326005101204 0.0733821019530296 0.24413900077343 0.441621005535126 0.471850007772446 0.472589999437332 0.474296003580093 0.470207989215851 0.466419011354446 0.478805005550385 0.440573990345001 0.401589006185532 0.388063013553619 0.416375994682312 0.379684001207352 0.37439700961113 0.495761007070541 0.466259986162186 0.369839012622833 0.32480400800705 0.47427099943161 0.413100004196167 0.387024998664856 0.458613991737366 0.420895010232925 0.45635199546814 0.323632001876831 0.48336398601532 0.359427005052567
0.271030992269516 0.195577993988991 0.379009991884232 0.0342171005904675 0.167728006839752 0.314936995506287 0.276170998811722 0.124710001051426 0.174538999795914 0.127906993031502 0.377929985523224 0.18656699359417 0.265902012586594 0.135148003697395 0.356278002262115 0.372732996940613 0.266580998897552 0.204868003726006 0.353733003139496 0.386175006628036 0.179119005799294 0.281843990087509 0.176620006561279 0.325655996799469 0.170894995331764 0.121587000787258 0.309051007032394 0.462725013494492 0.456250995397568 0.46856701374054 0.459233999252319 0.436224013566971 0.46511098742485 0.420668989419937 0.382362008094788 0.442878007888794 0.406652003526688 0.397114992141724 0.360381007194519 0.464500993490219 0.433113008737564 0.276481002569199 0.463860988616943 0.276762992143631 0.425330996513367 0.38145500421524 0.354364991188049 0.432076990604401 0.376904994249344 0.452125012874603 0.37193500995636 0.459639012813568
