Natalus_major.asc
ncols  804
nrows  378
xllcorner  -74.6418056
yllcorner  17.2248604
cellsize 0.00833333370646766
NODATA_value  -9999
[rows 230 to 252 of 378, columns 416 to 467 of 804]
0.609351992607117 0.604066014289856 0.611003994941711 0.612603008747101 0.613225996494293 0.604336977005005 0.612569987773895 0.611329019069672 0.622399985790253 0.620535016059875 0.615346014499664 0.61301201581955 0.611496984958649 0.579001009464264 0.586360991001129 0.57915598154068 0.595739006996155 0.602464973926544 0.590892970561981 0.603699028491974 0.604034006595612 0.611292004585266 0.613161027431488 0.613080024719238 0.619795024394989 0.620670020580292 0.620739996433258 0.627218008041382 0.629441022872925 0.630024015903473 0.630970001220703 0.627198994159698 0.627754986286163 0.631431996822357 0.635249972343445 0.634666979312897 0.634486019611359 0.635020971298218 0.637099981307983 0.634320020675659 0.63484799861908 0.637822985649109 0.637740015983582 0.637970983982086 0.639131009578705 0.640989005565643 0.642224013805389 0.644562005996704 0.645299017429352 0.645156979560852 0.644903004169464 0.644520998001099
0.620512008666992 0.617109000682831 0.618066012859344 0.616653025150299 0.613219976425171 0.624203026294708 0.625746011734009 0.622390985488892 0.615571022033691 0.587817013263702 0.537606000900269 0.603200972080231 0.583175003528595 0.604492008686066 0.604017019271851 0.604201018810272 0.607657015323639 0.606886029243469 0.599963009357452 0.606759011745453 0.602307021617889 0.605629026889801 0.60803097486496 0.618277013301849 0.615984976291656 0.618694007396698 0.618867993354797 0.623773992061615 0.624526023864746 0.626936972141266 0.631608009338379 0.632318019866943 0.635984003543854 0.637118995189667 0.636645019054413 0.63873702287674 0.639724016189575 0.636811017990112 0.63859099149704 0.636192977428436 0.639949977397919 0.642274022102356 0.642184972763062 0.642965018749237 0.643629014492035 0.645880997180939 0.646736025810242 0.648292005062103 0.649902999401093 0.650381982326508 0.650197982788086 0.649743020534515
0.625218987464905 0.62108701467514 0.621948003768921 0.621375024318695 0.614966988563538 0.624628007411957 0.625654995441437 0.621083974838257 0.615270018577576 0.580084025859833 0.525143980979919 0.600308001041412 0.573168992996216 0.597217977046967 0.603524029254913 0.600892007350922 0.603308975696564 0.604139983654022 0.592975974082947 0.602748990058899 0.598635971546173 0.604786992073059 0.605664014816284 0.616044998168945 0.615348994731903 0.620305001735687 0.61720597743988 0.623947978019714 0.627283990383148 0.628962993621826 0.633485019207001 0.633346974849701 0.641121983528137 0.640781998634338 0.639131009578705 0.642871975898743 0.642729997634888 0.640046000480652 0.640421986579895 0.640510976314545 0.644176006317139 0.645874977111816 0.646273016929626 0.647378981113434 0.647644996643066 0.649504005908966 0.6509850025177 0.652064979076385 0.652728021144867 0.653791010379791 0.654956996440887 0.653759002685547
0.628786027431488 0.625056028366089 0.627158999443054 0.626416981220245 0.630196988582611 0.626897990703583 0.61796498298645 0.602599024772644 0.59128600358963 0.52945601940155 0.578694999217987 0.59297102689743 0.562483012676239 0.580479979515076 0.589096009731293 0.589164972305298 0.570695996284485 0.583317995071411 0.588567972183228 0.593747019767761 0.597440004348755 0.600826978683472 0.592944025993347 0.601936995983124 0.612751007080078 0.619422018527985 0.623457014560699 0.618786990642548 0.626879990100861 0.629106998443604 0.631599009037018 0.630259990692139 0.634787976741791 0.640967011451721 0.644385993480682 0.645478010177612 0.646811008453369 0.648056983947754 0.641696989536285 0.648545026779175 0.649182975292206 0.649827003479004 0.650704026222229 0.651405990123749 0.652549982070923 0.652854025363922 0.654999971389771 0.656100988388062 0.656480014324188 0.657410025596619 0.658286988735199 0.658755004405975
0.633377015590668 0.629779994487762 0.627921998500824 0.631537020206451 0.632377028465271 0.61939400434494 0.590632975101471 0.57957798242569 0.553011000156403 0.573786973953247 0.602714002132416 0.526920020580292 0.577733993530273 0.576763987541199 0.501798987388611 0.501210987567902 0.515217006206512 0.56461900472641 0.578265011310577 0.582152009010315 0.586776971817017 0.598690986633301 0.59384298324585 0.588517010211945 0.603474020957947 0.610334992408752 0.61167699098587 0.613911986351013 0.627174973487854 0.633327007293701 0.632912993431091 0.637290000915527 0.638273000717163 0.640044987201691 0.644762992858887 0.649728000164032 0.650243997573853 0.650147974491119 0.651677012443542 0.651699006557465 0.651793003082275 0.652893006801605 0.654721021652222 0.655102014541626 0.656197011470795 0.656917989253998 0.657074987888336 0.658572971820831 0.658685982227325 0.660745978355408 0.661261975765228 0.662235975265503
0.63493800163269 0.63501101732254 0.632914006710052 0.633313000202179 0.617547988891602 0.561706006526947 0.514397978782654 0.554666996002197 0.541266024112701 0.600754976272583 0.512898981571198 0.525408029556274 0.506011009216309 0.413906991481781 0.219567000865936 0.212703004479408 0.281125009059906 0.355118006467819 0.481757998466492 0.573693990707397 0.555040001869202 0.564976990222931 0.587877988815308 0.573372006416321 0.565595984458923 0.595925986766815 0.611187994480133 0.623211026191711 0.624571979045868 0.618497014045715 0.640595018863678 0.639626979827881 0.640338003635406 0.648397982120514 0.648463010787964 0.651583015918732 0.65302699804306 0.654125988483429 0.654546976089478 0.65540999174118 0.656096994876862 0.656785011291504 0.657167017459869 0.657756984233856 0.657890021800995 0.659743010997772 0.661421000957489 0.662506997585297 0.662806987762451 0.66396301984787 0.663807988166809 0.664771020412445
0.637609004974365 0.634642004966736 0.629099011421204 0.603833019733429 0.560941994190216 0.546562016010284 0.603442013263702 0.610157012939453 0.604723989963531 0.570679008960724 0.543251991271973 0.506354987621307 0.317137002944946 0.17722199857235 0.22180500626564 0.218709006905556 0.316033005714417 0.379316002130508 0.386036992073059 0.509335994720459 0.489798009395599 0.299699008464813 0.381062000989914 0.548479020595551 0.545018017292023 0.559459984302521 0.598954975605011 0.610201001167297 0.627734005451202 0.631169021129608 0.628775000572205 0.641571998596191 0.642427980899811 0.647042989730835 0.64828497171402 0.650098979473114 0.656194984912872 0.656423985958099 0.656369984149933 0.657962024211884 0.657251000404358 0.659200012683868 0.660991013050079 0.661266982555389 0.661155998706818 0.66168200969696 0.662796974182129 0.663214981555939 0.664292991161346 0.663604974746704 0.664682984352112 0.665868997573853
0.635345995426178 0.626318991184235 0.610997021198273 0.607026994228363 0.610608994960785 0.609274983406067 0.592988014221191 0.597607016563416 0.588227987289429 0.571404993534088 0.539923012256622 0.34825998544693 0.328745007514954 0.5137699842453 0.524164974689484 0.508957982063293 0.467846989631653 0.337779998779297 0.346697986125946 0.189873993396759 0.359658986330032 0.319669991731644 0.143715992569923 0.188455998897552 0.343629002571106 0.531252026557922 0.554184019565582 0.597217977046967 0.5799720287323 0.612236976623535 0.630002021789551 0.632416009902954 0.642571985721588 0.64962899684906 0.649913012981415 0.645560026168823 0.655694007873535 0.658650994300842 0.659667015075684 0.660919010639191 0.661257028579712 0.662455976009369 0.662446022033691 0.663779973983765 0.665014982223511 0.66525000333786 0.665618002414703 0.665153980255127 0.665013015270233 0.665870010852814 0.666468024253845 0.660013020038605
0.634369015693665 0.633023023605347 0.633170008659363 0.624346971511841 0.628089010715485 0.62262898683548 0.615027010440826 0.60157299041748 0.589444994926453 0.555769026279449 0.5103480219841 0.477798014879227 0.435847014188766 0.366445004940033 0.292008996009827 0.283327013254166 0.309751987457275 0.264385998249054 0.170809000730515 0.180802002549171 0.176442995667458 0.447751998901367 0.394584000110626 0.128376007080078 0.0752796977758408 0.16720899939537 0.321453005075455 0.479963004589081 0.485451012849808 0.531792998313904 0.562193989753723 0.625535011291504 0.641589999198914 0.652692973613739 0.654794991016388 0.654406011104584 0.65515798330307 0.66158801317215 0.662250995635986 0.662980973720551 0.662886023521423 0.664590001106262 0.666513979434967 0.666734993457794 0.666594982147217 0.667060971260071 0.667400002479553 0.667949974536896 0.66790097951889 0.668605983257294 0.668610990047455 0.587607026100159
0.640196025371552 0.636761009693146 0.616330981254578 0.625900983810425 0.619502007961273 0.623320996761322 0.588253021240234 0.532526016235352 0.432027995586395 0.366043001413345 0.355538994073868 0.258520007133484 0.200317993760109 0.413195013999939 0.223481997847557 0.211440995335579 0.32548201084137 0.427011013031006 0.443569988012314 0.383682996034622 0.210959002375603 0.315966993570328 0.376675993204117 0.418718993663788 0.196168005466461 0.0472266003489494 0.120018996298313 0.336836993694305 0.486858010292053 0.482102006673813 0.524115979671478 0.485053986310959 0.634594023227692 0.652005970478058 0.658190011978149 0.657118022441864 0.654902994632721 0.66397100687027 0.663917005062103 0.664532005786896 0.666022002696991 0.667370975017548 0.668205976486206 0.667765974998474 0.668377995491028 0.668467998504639 0.668642997741699 0.668880999088287 0.669192016124725 0.669016003608704 0.670082986354828 0.621407985687256
0.623923003673553 0.598542988300323 0.619023978710175 0.614257991313934 0.614196002483368 0.575203001499176 0.574582993984222 0.499022006988525 0.470526993274689 0.505688011646271 0.414530992507935 0.271293997764587 0.396061986684799 0.362985998392105 0.235827997326851 0.225350007414818 0.272094011306763 0.320165008306503 0.219824001193047 0.305236011743546 0.458267003297806 0.399443000555038 0.319305986166 0.448467999696732 0.375106990337372 0.314976990222931 0.124454997479916 0.221110999584198 0.533065021038055 0.513961970806122 0.523048996925354 0.590169012546539 0.598405003547668 0.637930989265442 0.648778975009918 0.651262998580933 0.660453021526337 0.665663003921509 0.666921019554138 0.667358994483948 0.668443977832794 0.668942987918854 0.669215023517609 0.669727981090546 0.670535981655121 0.670481026172638 0.670888006687164 0.671221017837524 0.671432018280029 0.672061026096344 0.639725029468536 0.437779009342194
0.640084981918335 0.61614602804184 0.578182995319366 0.642472982406616 0.632432997226715 0.59756600856781 0.485442996025085 0.402199000120163 0.242541000247002 0.202747002243996 0.213367000222206 0.123847998678684 0.128679007291794 0.19301700592041 0.119554996490479 0.11150100082159 0.141261994838715 0.146219000220299 0.171744003891945 0.263267010450363 0.395527988672256 0.329337000846863 0.475428998470306 0.444649010896683 0.356402009725571 0.305604010820389 0.314776003360748 0.311282992362976 0.349711000919342 0.488009989261627 0.567457020282745 0.597854971885681 0.635151982307434 0.645389974117279 0.646898984909058 0.654842972755432 0.661861002445221 0.669009983539581 0.669202029705048 0.669749021530151 0.670696020126343 0.671150982379913 0.67211902141571 0.672618985176086 0.672761976718903 0.672756016254425 0.673255026340485 0.666818976402283 0.662482976913452 0.615602016448975 0.504374980926514 0.638369977474213
0.65345698595047 0.652878999710083 0.643882989883423 0.647154986858368 0.643656015396118 0.647653996944427 0.615239024162292 0.634518980979919 0.620073020458221 0.451790988445282 0.358330011367798 0.283248990774155 0.123144999146461 0.075229600071907 0.109235003590584 0.101193003356457 0.047733198851347 0.101153999567032 0.181002005934715 0.17662900686264 0.295740008354187 0.413242012262344 0.197509005665779 0.358839005231857 0.45405501127243 0.0925280004739761 0.316085994243622 0.41075399518013 0.394383013248444 0.509490013122559 0.568464994430542 0.60682201385498 0.629272997379303 0.646542012691498 0.655798971652985 0.661562025547028 0.666661977767944 0.670459985733032 0.672733008861542 0.672757983207703 0.672910988330841 0.673686981201172 0.67451399564743 0.674167990684509 0.675315976142883 0.674512028694153 0.665852010250092 0.653971016407013 0.663558006286621 0.663859009742737 0.627780973911285 0.525794982910156
0.656336009502411 0.656277000904083 0.655256986618042 0.653349995613098 0.655767023563385 0.656148016452789 0.655955970287323 0.651354014873505 0.64919501543045 0.63375997543335 0.619458973407745 0.522283017635345 0.415284991264343 0.353852987289429 0.287245988845825 0.281890988349915 0.0963518992066383 0.225645005702972 0.158084005117416 0.0665118023753166 0.0580005012452602 0.362293004989624 0.359490007162094 0.1995639950037 0.291824012994766 0.334917008876801 0.0940008983016014 0.200527995824814 0.45626100897789 0.556225001811981 0.57165801525116 0.608447015285492 0.630361974239349 0.645763993263245 0.654410004615784 0.662958025932312 0.668752014636993 0.674142003059387 0.674421012401581 0.676029980182648 0.675795018672943 0.677184998989105 0.676147997379303 0.677931010723114 -9999 0.678251981735229 0.676589012145996 0.670962989330292 0.667957007884979 0.661773979663849 0.658421993255615 0.675320982933044
0.65898197889328 0.658729016780853 0.659967005252838 0.660955011844635 0.660778999328613 0.660678029060364 0.660313010215759 0.660609006881714 0.66051197052002 0.658528983592987 0.653512001037598 0.64435201883316 0.616016983985901 0.602095007896423 0.522275984287262 0.519818007946014 0.434783011674881 0.284411013126373 0.227459996938705 0.0828898027539253 0.0809054970741272 0.163591995835304 0.401394009590149 0.166920006275177 0.294573992490768 0.221982002258301 0.13569700717926 0.411361992359161 0.521610021591187 0.545342981815338 0.586610972881317 0.605831980705261 0.624283015727997 0.641241014003754 0.653809010982513 0.663653016090393 0.671500980854034 0.675777971744537 0.677787005901337 0.678315997123718 0.678651988506317 0.678875029087067 0.679449021816254 0.679813027381897 -9999 -9999 -9999 -9999 -9999 -9999 -9999 -9999
0.662295997142792 0.662506997585297 0.662930011749268 0.663380026817322 0.663285970687866 0.663273990154266 0.663163006305695 0.663057029247284 0.663209021091461 0.663103997707367 0.662635028362274 0.662504971027374 0.654537975788116 0.635724008083344 0.633848011493683 0.631699025630951 0.630706012248993 0.518850028514862 0.505792021751404 0.384184002876282 0.139504998922348 0.119576998054981 0.168934002518654 0.28439998626709 0.233701005578041 0.33840399980545 0.428220003843307 0.189545005559921 0.3055280148983 0.50109201669693 0.596580028533936 0.622723996639252 0.626172006130219 0.637251973152161 0.6528480052948 0.663227021694183 0.674264013767242 0.67979097366333 0.68004697561264 0.680195987224579 0.680777013301849 0.68103700876236 0.681326985359192 -9999 -9999 -9999 -9999 -9999 -9999 -9999 -9999 -9999
0.665116012096405 0.665553987026215 0.665700972080231 0.666006028652191 0.665938019752502 0.66560298204422 0.665414988994598 0.665957987308502 0.665956974029541 0.66550201177597 0.665624022483826 0.665592014789581 0.666136980056763 0.666531980037689 0.665796995162964 0.658752977848053 0.656390011310577 0.661602973937988 0.65708202123642 0.629095017910004 0.496820986270905 0.274789988994598 0.0931579023599625 0.128603994846344 0.159797996282578 0.440432012081146 0.357800990343094 0.382117003202438 0.396441012620926 0.409381002187729 0.50380802154541 0.589745998382568 0.601765990257263 0.638857007026672 0.660556018352509 0.669107019901276 0.67678701877594 0.681401014328003 0.681351006031036 0.681756019592285 -9999 -9999 -9999 -9999 -9999 -9999 -9999 -9999 -9999 -9999 -9999 -9999
0.666957974433899 0.667448997497559 0.667273998260498 0.667418003082275 0.667888998985291 0.667712986469269 0.668294012546539 0.668232977390289 0.667949020862579 0.66839998960495 0.668235003948212 0.668622970581055 0.667831003665924 0.668767988681793 0.668828010559082 0.668609023094177 0.66864001750946 0.668702006340027 0.669067978858948 0.657442986965179 0.637021005153656 0.601203978061676 0.495407998561859 0.15302599966526 0.125385999679565 0.251879006624222 0.428292006254196 0.433142989873886 0.403818994760513 0.499978005886078 0.475479990243912 0.602347016334534 0.514073014259338 0.566698014736176 0.667046010494232 0.672403991222382 0.681769013404846 0.683390974998474 -9999 -9999 -9999 -9999 -9999 -9999 -9999 -9999 -9999 -9999 -9999 -9999 -9999 -9999
0.668520987033844 0.668673992156982 0.669806003570557 0.670111000537872 0.669845998287201 0.670459985733032 0.670873999595642 0.670660018920898 0.67058402299881 0.670346021652222 0.669920027256012 0.670130014419556 0.67161500453949 -9999 -9999 -9999 0.671023011207581 0.670728027820587 0.670984983444214 0.671463012695313 0.666625022888184 0.659277975559235 0.608788013458252 0.312144994735718 0.319314986467361 0.330233007669449 0.349720001220703 0.402824014425278 0.557923972606659 0.401791989803314 0.477407991886139 0.623602986335754 0.499889999628067 0.474422007799149 0.671683013439178 0.67637300491333 0.684991002082825 -9999 -9999 -9999 -9999 -9999 -9999 -9999 -9999 -9999 -9999 -9999 -9999 -9999 -9999 -9999
0.670601010322571 0.671783983707428 0.672358989715576 0.672357022762299 0.672635018825531 0.67316198348999 0.673354029655457 0.673640012741089 0.672936022281647 0.672195017337799 0.673515021800995 0.673663973808289 -9999 -9999 -9999 -9999 -9999 -9999 -9999 0.673819005489349 0.674112975597382 0.674192011356354 0.660435974597931 0.504707992076874 0.192356005311012 0.495204985141754 0.361845999956131 0.357721000909805 0.327412009239197 0.537941992282867 0.454919993877411 0.525098979473114 0.551575005054474 0.566052973270416 0.628624022006989 0.682999014854431 -9999 -9999 -9999 -9999 -9999 -9999 -9999 -9999 -9999 -9999 -9999 -9999 -9999 -9999 -9999 -9999
0.674097001552582 0.674516975879669 0.674910008907318 0.675311982631683 0.675158023834229 0.675274014472961 0.675781011581421 0.675677001476288 0.674340009689331 0.675375998020172 0.675981998443604 -9999 -9999 -9999 -9999 -9999 -9999 -9999 -9999 -9999 -9999 0.676321029663086 0.67686802148819 0.669275999069214 0.260800004005432 0.133463993668556 0.458613008260727 0.495730012655258 0.337976008653641 0.319792985916138 0.279760003089905 0.514209985733032 0.496228992938995 0.528999984264374 0.617914974689484 0.689045011997223 -9999 -9999 -9999 -9999 -9999 -9999 -9999 -9999 -9999 -9999 -9999 -9999 -9999 -9999 -9999 -9999
0.675944983959198 0.676402986049652 0.676847994327545 0.677286028862 0.677766025066376 0.678147971630096 0.67833399772644 0.677923977375031 0.677286028862 0.678044974803925 -9999 -9999 -9999 -9999 -9999 -9999 -9999 -9999 -9999 -9999 -9999 -9999 0.678331971168518 0.679491996765137 0.571128010749817 0.178984999656677 0.232060998678207 0.489340990781784 0.398337006568909 0.371574014425278 0.334205001592636 0.425384998321533 0.566842973232269 0.631893992424011 0.690028011798859 -9999 -9999 -9999 -9999 -9999 -9999 -9999 -9999 -9999 -9999 -9999 -9999 -9999 -9999 -9999 -9999 -9999
0.677779972553253 0.67806601524353 0.67833399772644 0.678731977939606 0.679352998733521 0.679853975772858 0.679808974266052 0.679452002048492 0.680091023445129 -9999 -9999 -9999 -9999 -9999 -9999 -9999 -9999 -9999 -9999 -9999 -9999 -9999 -9999 0.681585013866425 0.592693984508514 0.187114998698235 0.239622995257378 0.509732007980347 0.432604998350143 0.400002002716064 0.34952101111412 0.466605007648468 0.566008985042572 -9999 -9999 -9999 -9999 -9999 -9999 -9999 -9999 -9999 -9999 -9999 -9999 -9999 -9999 -9999 -9999 -9999 -9999 -9999
