Natalus_major.asc
ncols  804
nrows  378
xllcorner  -74.6418056
yllcorner  17.2248604
cellsize 0.00833333370646766
NODATA_value  -9999
[rows 92 to 114 of 378, columns 260 to 311 of 804]
0.574945986270905 0.570038020610809 0.56172102689743 0.491281986236572 0.282642006874084 0.560877025127411 0.320416986942291 0.313562989234924 0.523473978042603 0.473450988531113 0.461510002613068 0.560181975364685 0.553552985191345 0.288051009178162 0.227063998579979 0.173442006111145 0.403896987438202 0.473975002765656 0.517458021640778 0.521245002746582 0.56562602519989 0.589136004447937 0.599690973758698 0.584966003894806 0.612937986850739 0.619624018669128 0.540087997913361 0.366237998008728 0.32446101307869 0.357594013214111 0.370858997106552 0.509836971759796 0.213861003518105 0.556644022464752 0.497536987066269 0.384014993906021 0.619533002376556 0.387248992919922 0.443549007177353 0.178350999951363 0.368059992790222 0.455704003572464 0.547531008720398 0.481772989034653 0.474671006202698 0.559680998325348 0.313959002494812 0.437130004167557 0.574872970581055 0.604041993618011 0.609438002109528 0.619355022907257
0.5939080119133 0.559396028518677 0.470600008964539 0.575429975986481 0.261853992938995 0.333090990781784 0.555579006671906 0.34773200750351 0.336665987968445 0.543350994586945 0.532697021961212 0.348302006721497 0.439754009246826 0.555891990661621 0.528411984443665 0.305124014616013 0.128441005945206 0.465777009725571 0.496077001094818 0.37178298830986 0.605412006378174 0.520057022571564 0.489493012428284 0.355520009994507 0.530714988708496 0.598572015762329 0.524017989635468 0.318006992340088 0.40821099281311 0.442894995212555 0.418623000383377 0.314065009355545 0.557038009166718 0.154801994562149 0.504774987697601 0.621343970298767 0.477979987859726 0.427832007408142 0.393471002578735 0.547792971134186 0.339154005050659 0.450625985860825 0.543170988559723 0.500815987586975 0.576380014419556 0.55173397064209 0.543747007846832 0.393799990415573 0.407714009284973 0.5694460272789 0.591679990291595 0.616481006145477
0.595858991146088 0.58754301071167 0.554620981216431 0.454470992088318 0.568152010440826 0.36981600522995 0.349563986063004 0.529573023319244 0.38051900267601 0.287936002016068 0.278196007013321 0.446817010641098 0.447733998298645 0.528827011585236 0.459477007389069 0.341585010290146 0.48285499215126 0.21262800693512 0.420345991849899 0.229726001620293 0.538237988948822 0.413632988929749 0.476195991039276 0.124453999102116 0.282110989093781 0.387028992176056 0.367363005876541 0.290044993162155 0.337475001811981 0.524528980255127 0.224451005458832 0.514926016330719 0.390621989965439 0.431878000497818 0.564768016338348 0.511542975902557 0.612973988056183 0.47053799033165 0.492778986692429 0.350288987159729 0.474332988262177 0.560967028141022 0.552300989627838 0.567788004875183 0.56927502155304 0.578379988670349 0.57906299829483 0.541979014873505 0.340680003166199 0.505282998085022 0.592038989067078 0.585309028625488
0.590624988079071 0.58228600025177 0.58765697479248 0.571709990501404 0.482479989528656 0.496244013309479 0.405048996210098 0.465290009975433 0.352108985185623 0.281051993370056 0.265305995941162 0.358343988656998 0.492419987916946 0.472586005926132 0.429302990436554 0.538789987564087 0.413931012153625 0.444256991147995 0.533627986907959 0.15582400560379 0.233158007264137 0.485668003559113 0.339760005474091 0.471150994300842 0.47902500629425 0.409038990736008 0.323433995246887 0.303494989871979 0.188651993870735 0.526549994945526 0.346666991710663 0.40242001414299 0.435083001852036 0.402842998504639 0.367574989795685 0.533079981803894 0.513024985790253 0.605077981948853 0.458864986896515 0.444171994924545 0.501236021518707 0.544351994991302 0.514500975608826 0.570846021175385 0.547078013420105 0.562325000762939 0.55172997713089 0.549282014369965 0.419838011264801 0.193722993135452 0.496165990829468 0.577000975608826
0.588602006435394 0.580637991428375 0.589015007019043 0.577749013900757 0.49261799454689 0.483081996440887 0.3819659948349 0.462716996669769 0.360942989587784 0.285430997610092 0.27894800901413 0.367581993341446 0.485348999500275 0.484129995107651 0.426403999328613 0.511986017227173 0.387371987104416 0.415064990520477 0.511947989463806 0.148884996771812 0.219945996999741 0.452363014221191 0.323814988136292 0.476370990276337 0.478293985128403 0.4026899933815 0.312570989131927 0.286747992038727 0.192834004759789 0.539633989334106 0.353390991687775 0.384810000658035 0.43182298541069 0.418880999088287 0.361194014549255 0.532379984855652 0.503576993942261 0.601750016212463 0.455188006162643 0.452924013137817 0.496574014425278 0.54490602016449 0.517102003097534 0.574106991291046 0.544059991836548 0.550366997718811 0.539945006370544 0.542614996433258 0.409833014011383 0.189094007015228 0.465582013130188 0.556362986564636
0.555845022201538 0.522696018218994 0.499509990215302 0.575058996677399 0.572320997714996 0.523329019546509 0.556681990623474 0.329773008823395 0.420372009277344 0.540248990058899 0.533989012241364 0.433465987443924 0.545876979827881 0.523692011833191 0.439828008413315 0.277105003595352 0.474655985832214 0.532289028167725 0.409799993038177 0.430763989686966 0.30902299284935 0.494947999715805 0.496585994958878 0.510303974151611 0.515725016593933 0.465229004621506 0.405844002962112 0.439696997404099 0.41405001282692 0.365170001983643 0.549026012420654 0.459957987070084 0.410429000854492 0.511152029037476 0.566461980342865 0.482288986444473 0.494441986083984 0.602338016033173 0.305325001478195 0.530686974525452 0.49372598528862 0.571663022041321 0.503902018070221 0.54244202375412 0.569998025894165 0.565322995185852 0.554480016231537 0.505123019218445 0.513359010219574 0.359499990940094 0.155012995004654 0.281112998723984
0.539542973041534 0.509126007556915 0.4096559882164 0.512724995613098 0.512272000312805 0.493229001760483 0.427336990833282 0.528922975063324 0.520753026008606 0.4512679874897 0.450596988201141 0.49558100104332 0.479286998510361 0.358610987663269 0.326290011405945 0.450444012880325 0.26969701051712 0.416747987270355 0.469639986753464 0.476453989744186 0.422610014677048 0.518338978290558 0.512700021266937 0.468643993139267 0.439976006746292 0.49694699048996 0.260233014822006 0.538836002349854 0.432646989822388 0.269178003072739 0.555877983570099 0.523845016956329 0.533872008323669 0.521387994289398 0.556105017662048 0.553448975086212 0.586938977241516 0.577107012271881 0.587579011917114 0.419319987297058 0.562044978141785 0.540890991687775 0.559822976589203 0.523307979106903 0.549524009227753 0.543447017669678 0.474334001541138 0.533492982387543 0.549944996833801 0.485439002513885 0.436639010906219 0.186235994100571
0.475715011358261 0.482731014490128 0.499024003744125 0.288219004869461 0.295709997415543 0.421889007091522 0.528566002845764 0.546824991703033 0.545206010341644 0.496650010347366 0.484070986509323 0.413507014513016 0.48692798614502 0.504504978656769 0.404477000236511 0.306959986686707 0.460422992706299 0.321673005819321 0.479663997888565 0.309547007083893 0.480917006731033 0.51025801897049 0.505241990089417 0.526129007339478 0.443078011274338 0.417728990316391 0.542723000049591 0.300951987504959 0.447355985641479 0.542313992977142 0.533309996128082 0.489362001419067 0.537688016891479 0.478307992219925 0.544884979724884 0.578540027141571 0.513500988483429 0.567996025085449 0.577234029769897 0.540134012699127 0.580048978328705 0.519131004810333 0.483736008405685 0.557805001735687 0.549212992191315 0.541980028152466 0.536135017871857 0.473847985267639 0.556195974349976 0.510433971881866 0.533490002155304 0.141896992921829
0.309422999620438 0.481379985809326 0.409336000680923 0.238234996795654 0.191449999809265 0.217931002378464 0.362459987401962 0.392259001731873 0.427013993263245 0.415814995765686 0.416276007890701 0.510120987892151 0.474211007356644 0.262975007295609 0.415841996669769 0.475481003522873 0.431924998760223 0.346049010753632 0.318648993968964 0.470151007175446 0.469509989023209 0.485208988189697 0.518100023269653 0.459915995597839 0.517552018165588 0.40276300907135 0.445948988199234 0.419526010751724 0.468423008918762 0.516264975070953 0.448325991630554 0.501012980937958 0.404368013143539 0.288702011108398 0.460738986730576 0.57362300157547 0.579559028148651 0.319317996501923 0.49847799539566 0.474222004413605 0.55231499671936 0.522374987602234 0.303000003099442 0.487762004137039 0.543669998645782 0.55826997756958 0.5572389960289 0.556586027145386 0.492123991250992 0.461732000112534 0.39036101102829 0.471753001213074
0.515191972255707 0.417771011590958 0.370252996683121 0.278813987970352 0.449746996164322 0.339367002248764 0.359748989343643 0.422715991735458 0.50272798538208 0.451992988586426 0.452715009450912 0.405214995145798 0.422150999307632 0.516902983188629 0.345474004745483 0.461066991090775 0.373703002929688 0.42891800403595 0.397998988628387 0.320538997650146 0.521037995815277 0.449941009283066 0.533393025398254 0.526265025138855 0.538255989551544 0.455009996891022 0.317853987216949 0.465595006942749 0.245509997010231 0.551497995853424 0.493757009506226 0.491196990013123 0.322122991085052 0.17705599963665 0.544835984706879 0.588158011436462 0.442324995994568 0.392978012561798 0.543101012706757 0.420442998409271 0.569585025310516 0.301133990287781 0.292953014373779 0.520566999912262 0.481530994176865 0.437265992164612 0.501680016517639 0.463607013225555 0.511825025081635 0.501362979412079 0.447809010744095 0.390165001153946
0.472452998161316 0.38077500462532 0.408515989780426 0.490144997835159 0.427605003118515 0.493833988904953 0.473576009273529 0.448166996240616 0.504679024219513 0.473235011100769 0.468151986598969 0.513796985149384 0.49039301276207 0.420044988393784 0.506290972232819 0.519721984863281 0.511817991733551 0.442155987024307 0.484129011631012 0.544741988182068 0.546517014503479 0.52591997385025 0.514171004295349 0.521935999393463 0.491008996963501 0.559206008911133 0.54712700843811 0.325331002473831 0.560254991054535 0.556627988815308 0.464915990829468 0.409213989973068 0.358085989952087 0.520880997180939 0.478700011968613 0.569238007068634 0.377068996429443 0.555791020393372 0.407285004854202 0.502044022083282 0.526498019695282 0.214882999658585 0.491598010063171 0.510815024375916 0.521745979785919 0.426928997039795 0.445021986961365 0.320484012365341 0.504903018474579 0.521874010562897 0.527266979217529 0.461564004421234
0.426423013210297 0.462137997150421 0.421122014522552 0.424129009246826 0.401843011379242 0.399091005325317 0.352481007575989 0.46425399184227 0.47655400633812 0.47240799665451 0.457906007766724 0.480652987957001 0.488368004560471 0.312157988548279 0.409595996141434 0.351321011781693 0.365543007850647 0.28617000579834 0.375090003013611 0.463730007410049 0.497105002403259 0.535036027431488 0.536059021949768 0.543834984302521 0.480948001146317 0.51359099149704 0.520916998386383 0.555727005004883 0.558977007865906 0.557465016841888 0.248079001903534 0.484416007995605 0.138832002878189 0.454210996627808 0.50943398475647 0.478228002786636 0.461719006299973 0.541173994541168 0.524595975875854 0.26808300614357 0.565026998519897 0.325617998838425 0.402126014232635 0.411767989397049 0.387524992227554 0.500540971755981 0.516837000846863 0.494614988565445 0.395702987909317 0.513297021389008 0.541453003883362 0.529736995697021
0.461513012647629 0.423233985900879 0.498351991176605 0.511654019355774 0.489656001329422 0.247040003538132 0.402483999729156 0.30595201253891 0.392838001251221 0.485794007778168 0.466408997774124 0.445596009492874 0.262192010879517 0.398211985826492 0.489488005638123 0.439007014036179 0.483814001083374 0.337624996900558 0.179075002670288 0.321170002222061 0.367680013179779 0.331988990306854 0.37007799744606 0.433286994695663 0.447517991065979 0.44795098900795 0.505088984966278 0.521800994873047 0.545544981956482 0.533845007419586 0.323327988386154 0.362598985433578 0.306710988283157 0.232765004038811 0.395859986543655 0.331726014614105 0.554578006267548 0.485103011131287 0.51774799823761 0.548752009868622 0.575743973255157 0.495023012161255 0.443453013896942 0.488462001085281 0.468697011470795 0.443589985370636 0.525470972061157 0.387304991483688 0.521367013454437 0.490631014108658 0.543869972229004 0.529388010501862
0.50202602148056 0.429217994213104 0.401746988296509 0.492985993623734 0.441170006990433 0.45907199382782 0.290289998054504 0.46136000752449 0.498712003231049 0.436282992362976 0.440485000610352 0.417946010828018 0.335415989160538 0.374574989080429 0.468627989292145 0.343977987766266 0.343147993087769 0.334666013717651 0.451979011297226 0.322023004293442 0.490810006856918 0.481736987829208 0.500262975692749 0.480417996644974 0.531220018863678 0.466001003980637 0.427675008773804 0.36743301153183 0.247684001922607 0.364755004644394 0.492480009794235 0.417816996574402 0.395648986101151 0.301523000001907 0.450475007295609 0.252016991376877 0.374947994947433 0.347207009792328 0.379732996225357 0.425296992063522 0.502942025661469 0.563566982746124 0.427273988723755 0.450379014015198 0.452518999576569 0.439310997724533 0.520658016204834 0.509420990943909 0.504756987094879 0.544273972511292 0.49932599067688 0.501607000827789
0.373537987470627 0.423307001590729 0.449609011411667 0.465582996606827 0.473769992589951 0.497637003660202 0.471931993961334 0.509021997451782 0.519958019256592 0.465223997831345 0.464304000139236 0.501299023628235 0.408571988344193 0.309044003486633 0.487630009651184 0.351992011070251 0.486429005861282 0.296467006206512 0.425420999526978 0.360038995742798 0.402253001928329 0.497200012207031 0.511079013347626 0.50841498374939 0.416575014591217 0.539049983024597 0.291895002126694 0.211678996682167 0.423750996589661 0.18129999935627 0.410806000232697 0.53539901971817 0.42093899846077 0.359751999378204 0.508370995521545 0.145585000514984 0.0586602985858917 0.0442990995943546 0.237321004271507 0.428018987178802 0.340447008609772 0.558440029621124 0.538249015808105 0.45694699883461 0.470743000507355 0.456265985965729 0.476244002580643 0.532678008079529 0.53192800283432 0.539709985256195 0.533473014831543 0.506383001804352
0.545754015445709 0.345429986715317 0.420785009860992 0.443046987056732 0.404190003871918 0.534156024456024 0.402025014162064 0.467561990022659 0.506538987159729 0.436993002891541 0.427516013383865 0.48921000957489 0.479061007499695 0.457996010780334 0.47579100728035 0.435483008623123 0.488126009702682 0.454905986785889 0.349283993244171 0.458241999149323 0.484856992959976 0.473309010267258 0.470082014799118 0.309356987476349 0.282718986272812 0.101262003183365 0.241550996899605 0.326810002326965 0.336501985788345 0.438037991523743 0.424831986427307 0.495532989501953 0.551409006118774 0.233887001872063 0.0409696996212006 0.157499998807907 0.341610014438629 0.312857002019882 0.0807074010372162 0.425065010786057 0.491690993309021 0.369457989931107 0.56817901134491 0.560392022132874 0.465193003416061 0.501469016075134 0.500896990299225 0.526762008666992 0.506442010402679 0.524689018726349 0.522065997123718 0.493265986442566
0.350001007318497 0.551138997077942 0.439337998628616 0.508176982402802 0.531710982322693 0.513283014297485 0.531597018241882 0.46111398935318 0.526693999767303 0.469132006168365 0.457754999399185 0.511684000492096 0.493730008602142 0.500284016132355 0.435027003288269 0.499354004859924 0.501537978649139 0.500090003013611 0.388094007968903 0.423072010278702 0.463580995798111 0.503964006900787 0.226060003042221 0.415486991405487 0.417903989553452 0.361696004867554 0.4444600045681 0.380820006132126 0.192625999450684 0.412468999624252 0.482353985309601 0.446783989667892 0.533827006816864 0.255513995885849 0.125248000025749 0.454050004482269 0.341973006725311 0.481362998485565 0.200150996446609 0.112232998013496 0.489248007535934 0.495970010757446 0.509136974811554 0.582866013050079 0.514811992645264 0.478347986936569 0.536387026309967 0.504779994487762 0.512712001800537 0.546072006225586 0.484448999166489 0.485422998666763
0.305083006620407 0.319117993116379 0.527436971664429 0.522395014762878 0.524133026599884 0.529456973075867 0.520228028297424 0.499361008405685 0.487913995981216 0.506651997566223 0.501094996929169 0.511663019657135 0.51657098531723 0.476428002119064 0.483759999275208 0.520397007465363 0.47606098651886 0.487242996692657 0.496585011482239 0.419138997793198 0.394544988870621 0.499089986085892 0.392948985099792 0.287979990243912 0.260295987129211 0.372144013643265 0.443812012672424 0.432292997837067 0.334547996520996 0.218917995691299 0.315490990877151 0.442126989364624 0.550414025783539 0.175805002450943 0.088461197912693 0.328772008419037 0.453054994344711 0.320019006729126 0.401708006858826 0.0621376000344753 0.301389992237091 0.429648995399475 0.454800993204117 0.537819981575012 0.56810998916626 0.453667014837265 0.435115993022919 0.520736992359161 0.473789006471634 0.437837988138199 0.499128997325897 0.500841975212097
0.467682987451553 0.28507000207901 0.50475400686264 0.519913017749786 0.53118497133255 0.528895974159241 0.47036799788475 0.508188009262085 0.519796013832092 0.509488999843597 0.506726026535034 0.480172008275986 0.513832986354828 0.500456988811493 0.512396991252899 0.417181998491287 0.504468977451324 0.386238992214203 0.522611021995544 0.494715988636017 0.472638994455338 0.446651011705399 0.455231010913849 0.391963988542557 0.353715986013412 0.238123998045921 0.454578012228012 0.44658100605011 0.474516004323959 0.287360996007919 0.295280009508133 0.167538002133369 0.407276004552841 0.486622989177704 0.0866094976663589 0.11837399750948 0.31564998626709 0.29440701007843 0.443370014429092 0.156526997685432 0.126423999667168 0.425839006900787 0.534036993980408 0.559822022914886 0.526273012161255 0.509010016918182 0.549639999866486 0.492000997066498 0.521097004413605 0.402806013822556 0.392051994800568 0.456488996744156
0.447304010391235 0.233986005187035 0.503407001495361 0.560588002204895 0.512995004653931 0.520518004894257 0.505797982215881 0.521472990512848 0.515120029449463 0.529681026935577 0.524598002433777 0.51649397611618 0.483336985111237 0.518486022949219 0.51536101102829 0.506747007369995 0.373989999294281 0.515785992145538 0.536327004432678 0.528581023216248 0.524663984775543 0.518041014671326 0.518491983413696 0.507193982601166 0.486741989850998 0.419963985681534 0.446357995271683 0.474348992109299 0.374316990375519 0.455163985490799 0.279679000377655 0.217461004853249 0.534197986125946 0.551692008972168 0.527006983757019 0.321060001850128 0.225861996412277 0.17059899866581 0.357095986604691 0.366582006216049 0.105025000870228 0.377317011356354 0.519427001476288 0.534390985965729 0.546267986297607 0.464911997318268 0.287155985832214 0.502609014511108 0.537508010864258 0.533311009407043 0.534169971942902 0.306551992893219
0.513683021068573 0.461849004030228 0.389418989419937 0.542335987091064 0.546966016292572 0.513512015342712 0.513709008693695 0.538070976734161 0.532886028289795 0.539923012256622 0.536390006542206 0.532278001308441 0.528880000114441 0.521462023258209 0.502547025680542 0.485320001840591 0.511631011962891 0.537077009677887 0.518050014972687 0.51894998550415 0.523222982883453 0.516219019889832 0.524680972099304 0.507116973400116 0.407696008682251 0.344668000936508 0.461230009794235 0.459661990404129 0.471271008253098 0.504033982753754 0.452015995979309 0.223772004246712 0.47767299413681 0.551766991615295 0.546988010406494 0.533822000026703 0.34230700135231 0.170744001865387 0.364407986402512 0.429995000362396 0.215496003627777 0.261804014444351 0.540314018726349 0.556335985660553 0.565675973892212 0.448303997516632 0.547444999217987 0.319492995738983 0.282849013805389 0.378482013940811 0.437288999557495 0.520417988300323
0.101484999060631 0.407310992479324 0.428406000137329 0.435472995042801 0.524326026439667 0.439388006925583 0.468199998140335 0.539276003837585 0.518216013908386 0.540350019931793 0.53787899017334 0.535983979701996 0.537095010280609 0.538349986076355 0.533874988555908 0.520273983478546 0.539552986621857 0.427886992692947 0.524648010730743 0.52538800239563 0.522426009178162 0.521007001399994 0.528065979480743 0.514398992061615 0.485442996025085 0.36252498626709 0.391838014125824 0.479101002216339 0.498968005180359 0.505715012550354 0.284705996513367 0.259225010871887 0.457635998725891 0.552004992961884 0.548862993717194 0.543426990509033 0.52209198474884 0.247409999370575 0.147799998521805 0.282117992639542 0.366705000400543 0.336367011070251 0.454353988170624 0.520941972732544 0.557103991508484 0.500136017799377 0.437956005334854 0.427275002002716 0.429967999458313 0.324142009019852 0.465909004211426 0.243322998285294
0.248797997832298 0.0538068003952503 0.166898995637894 0.352090001106262 0.455516010522842 0.225273996591568 0.259945005178452 0.479647010564804 0.537608027458191 0.54354602098465 0.541658997535706 0.539921998977661 0.536343991756439 0.538870990276337 0.53624302148819 0.536242008209229 0.400348991155624 0.44980400800705 0.409945994615555 0.532886028289795 0.531228005886078 0.526445984840393 0.531561970710754 0.521093010902405 0.508396029472351 0.498474985361099 0.38313901424408 0.41380101442337 0.501371026039124 0.332924008369446 0.192711994051933 0.447432011365891 0.552978992462158 0.551078021526337 0.549437999725342 0.546036005020142 0.543247997760773 0.527804017066956 0.38866800069809 0.272828996181488 0.477632999420166 0.421328991651535 0.296604990959167 0.526444017887115 0.538098990917206 0.505456984043121 0.523429989814758 0.465117990970612 0.411451011896133 0.518990993499756 0.511343002319336 0.326718986034393
