Noctilio_leporinus.asc
ncols  804
nrows  378
xllcorner  -74.6418056
yllcorner  17.2248604
cellsize 0.00833333370646766
NODATA_value  -9999
[rows 161 to 183 of 378, columns 459 to 509 of 804]
0.0147053003311157 0.0228649005293846 0.0295697003602982 0.0325875990092754 0.0342786014080048 0.0308474004268646 0.0221350993961096 0.0186834000051022 0.0217500999569893 0.0210187006741762 0.026418199762702 0.0292475000023842 0.0253279004245996 0.0192948002368212 0.0149512998759747 0.0157731994986534 0.0189548004418612 0.0192607007920742 0.0209417007863522 0.0247153006494045 0.0292809996753931 0.0310133993625641 0.0340224988758564 0.0352968983352184 0.0384381003677845 0.0365702994167805 0.0396622009575367 0.0495060011744499 0.0457378998398781 0.0409679003059864 0.042553499341011 0.0421160012483597 0.0437040999531746 0.0401702001690865 0.0371474996209145 0.0299052000045776 0.028108699247241 0.0314744003117085 0.0399199984967709 0.0538319014012814 0.095964603126049 0.139032006263733 0.190934002399445 0.263096004724503 0.286743998527527 0.298745006322861 0.305516004562378 0.306235998868942 0.306434988975525 0.266921013593674 0.266164004802704
0.010738399811089 0.0177200995385647 0.0246376991271973 0.0295981001108885 0.023122500628233 0.0215218998491764 0.0254398994147778 0.0204964000731707 0.0194586999714375 0.018512200564146 0.0217323992401361 0.0231346003711224 0.0241711009293795 0.0187982991337776 0.0154579998925328 0.0182498004287481 0.0195955000817776 0.0234175994992256 0.0245482996106148 0.0253890007734299 0.0272579006850719 0.0291425008326769 0.0321053005754948 0.0345351994037628 0.037882000207901 0.0368677005171776 0.0417071990668774 0.0487420000135899 0.0446616001427174 0.0440622009336948 0.0444665998220444 0.0436040014028549 0.0454789996147156 0.0431584008038044 0.0401622988283634 0.0327114015817642 0.0280994009226561 0.0350697003304958 0.0430627018213272 0.0480790995061398 0.0750641003251076 0.130423992872238 0.187990993261337 0.245737001299858 0.283591985702515 0.297565013170242 0.299822986125946 0.301578998565674 0.303618013858795 0.29569000005722 0.272756993770599
0.0100239003077149 0.0144471004605293 0.02173070050776 0.0229593999683857 0.0159316007047892 0.0171015001833439 0.0213913004845381 0.019039100036025 0.0166983995586634 0.0184375997632742 0.0162218995392323 0.0167925003916025 0.0188155006617308 0.0160802006721497 0.0153472004458308 0.0161061994731426 0.0206438004970551 0.0250285994261503 0.0272055007517338 0.0285762995481491 0.0308669004589319 0.032421700656414 0.0340195000171661 0.0355123989284039 0.0359040983021259 0.0419344007968903 0.0448186993598938 0.0481941998004913 0.0487302988767624 0.0484233014285564 0.0466619990766048 0.0466581992805004 0.045661598443985 0.0456621013581753 0.0427143014967442 0.0346187986433506 0.0329489000141621 0.0402996018528938 0.051257498562336 0.0548533014953136 0.0672691017389297 0.104732997715473 0.128540992736816 0.216799005866051 0.279262989759445 0.291518986225128 0.295805990695953 0.297275990247726 0.300334990024567 0.304224997758865 0.299158006906509
0.00977838039398193 0.0150202997028828 0.0184035003185272 0.0148305995389819 0.0144328996539116 0.0162041001021862 0.014813999645412 0.0166499000042677 0.0151436999440193 0.0152243999764323 0.0131566002964973 0.0142155000939965 0.0157817006111145 0.0144157996401191 0.0144498003646731 0.0190920997411013 0.02223090082407 0.0205065999180079 0.0222945008426905 0.0249262005090714 0.0268444009125233 0.0293617006391287 0.0295612998306751 0.0318670012056828 0.0352489985525608 0.0399601012468338 0.0440943017601967 0.0483487993478775 0.045685600489378 0.0464336983859539 0.0434732995927334 0.0388961993157864 0.0404466986656189 0.0393372997641563 0.0346157997846603 0.0288571994751692 0.0264820996671915 0.0411786995828152 0.0579417012631893 0.0676513984799385 0.0690601021051407 0.0860038995742798 0.128020003437996 0.214364007115364 0.274778991937637 0.286873012781143 0.290331989526749 0.286673009395599 0.274879992008209 0.28575599193573 0.29593700170517
0.00989609025418758 0.0109853995963931 0.0136500000953674 0.012041199952364 0.0114754997193813 0.0137622002512217 0.0131994001567364 0.01354890037328 0.0137205999344587 0.014173099771142 0.0127696003764868 0.0132470997050405 0.0134587995707989 0.0135180996730924 0.0155184995383024 0.0174454003572464 0.015128499828279 0.0152289997786283 0.0199335999786854 0.0217857006937265 0.026384899392724 0.0289194006472826 0.0319578982889652 0.0354938991367817 0.0385710000991821 0.0422136001288891 0.046051699668169 0.0447337999939919 0.0449072010815144 0.0452222004532814 0.0436629988253117 0.0385061986744404 0.0293723996728659 0.0273170005530119 0.0250902008265257 0.0289516001939774 0.0367645993828773 0.0355396009981632 0.0538946986198425 0.0793023034930229 0.085460402071476 0.101543001830578 0.153585001826286 0.214958995580673 0.271115005016327 0.282074004411697 0.284471988677979 0.284119009971619 0.250533998012543 0.251372009515762 0.285136997699738
0.00970731023699045 0.0103995995596051 0.0120999999344349 0.0121115995571017 0.0117127001285553 0.0111392997205257 0.0110465995967388 0.0123666999861598 0.0125495996326208 0.0124984001740813 0.0132251996546984 0.0136909000575542 0.0132296998053789 0.0122611997649074 0.0123415002599359 0.0132536003366113 0.0163682997226715 0.0203981995582581 0.0227837990969419 0.0280217006802559 0.02958619967103 0.0345679000020027 0.0366446003317833 0.0376234017312527 0.0412611998617649 0.0429782010614872 0.0414019003510475 0.0402137003839016 0.0428519994020462 0.0436878986656666 0.0377787984907627 0.037117600440979 0.0314280986785889 0.0271010007709265 0.035029198974371 0.0463051982223988 0.0549473986029625 0.0472280010581017 0.0550216995179653 0.0589294992387295 0.0644050016999245 0.0796888992190361 0.106564998626709 0.170801997184753 0.261590003967285 0.27565398812294 0.280234009027481 0.277155995368958 0.228448003530502 0.23735100030899 0.268382012844086
0.00806375965476036 0.0100966999307275 0.0108848996460438 0.0109409997239709 0.0106693003326654 0.010491999797523 0.0104481996968389 0.0113955000415444 0.0103620002046227 0.0112434001639485 0.0137563003227115 0.015383499674499 0.0168120991438627 0.0181824006140232 0.0162004008889198 0.0152380000799894 0.0171665009111166 0.0229096002876759 0.026918800547719 0.0304316002875566 0.035222701728344 0.0366493985056877 0.0396162010729313 0.040131501853466 0.0413725003600121 0.0391197018325329 0.0395517982542515 0.0396618992090225 0.0436780005693436 0.0450351014733315 0.0420302003622055 0.0371378995478153 0.0331818014383316 0.0380231998860836 0.0429344996809959 0.0604390986263752 0.074499599635601 0.0790821984410286 0.0764274001121521 0.0941239967942238 0.108451999723911 0.153754994273186 0.154847994446754 0.202392995357513 0.261184006929398 0.270837992429733 0.277810007333755 0.280923992395401 0.254462987184525 0.219918996095657 0.223542004823685
0.00956236012279987 0.0115651004016399 0.0116608003154397 0.0114187002182007 0.0119302999228239 0.0129968002438545 0.0133822998031974 0.013480800203979 0.0110659999772906 0.0111715998500586 0.0137400003150105 0.0149697996675968 0.0189488995820284 0.0226188991218805 0.0228368993848562 0.0191612001508474 0.0218515992164612 0.0254119001328945 0.0300069004297256 0.033670999109745 0.0335124991834164 0.0358934998512268 0.0367746017873287 0.0395889990031719 0.0383277013897896 0.0351684987545013 0.0387351997196674 0.0411062985658646 0.0421222001314163 0.039876401424408 0.0403226017951965 0.0406914986670017 0.0400221012532711 0.0498583987355232 0.0585358999669552 0.0664094015955925 0.0838799029588699 0.0670977011322975 0.0791402980685234 0.116610996425152 0.159527003765106 0.13400299847126 0.156571999192238 0.181324005126953 0.255459994077682 0.27020999789238 0.277162998914719 0.283012986183167 0.281152009963989 0.275853991508484 0.240866005420685
0.0126545000821352 0.00924657005816698 0.0109294997528195 0.0123111996799707 0.0144579000771046 0.0144423004239798 0.0169054009020329 0.0165570005774498 0.0152009995654225 0.0136244995519519 0.0133864004164934 0.0128539996221662 0.0177829004824162 0.0240736994892359 0.0260825995355844 0.0226070005446672 0.024855300784111 0.0276098009198904 0.0295745003968477 0.0322064012289047 0.0321207009255886 0.0328073985874653 0.0342800989747047 0.0378707014024258 0.0358397997915745 0.0381515994668007 0.0383345000445843 0.0385992005467415 0.0397582016885281 0.0359654016792774 0.0327657982707024 0.0317266993224621 0.0347786992788315 0.0438929982483387 0.049948800355196 0.0609584003686905 0.0619620010256767 0.0489915981888771 0.0713689029216766 0.108129002153873 0.137770995497704 0.0916801020503044 0.105768002569675 0.16193300485611 0.241603001952171 0.265547007322311 0.276556998491287 0.28439798951149 0.290625989437103 0.295152008533478 0.298433989286423
0.0107867997139692 0.00585216982290149 0.00867548026144505 0.013697599992156 0.0173013992607594 0.0176467001438141 0.0190206002444029 0.0174458995461464 0.0158018991351128 0.015332399867475 0.0151434000581503 0.0181572008877993 0.0206837002187967 0.0251506995409727 0.0276465006172657 0.0280869994312525 0.0240468997508287 0.0232685003429651 0.0279405992478132 0.0294681005179882 0.0319922007620335 0.0298015996813774 0.0322557985782623 0.0349459014832973 0.0325262993574142 0.0318800993263721 0.0300117004662752 0.033755399286747 0.0323449000716209 0.024142399430275 0.0198727995157242 0.0194394998252392 0.0197630003094673 0.0240013003349304 0.0325472988188267 0.039801400154829 0.0449846982955933 0.0508271008729935 0.0702843964099884 0.0982657000422478 0.0735111981630325 0.0722012966871262 0.10564099997282 0.158812999725342 0.240667998790741 0.263581991195679 0.27648401260376 0.28532400727272 0.290535986423492 0.293760985136032 0.297022998332977
0.015519100241363 0.00982000958174467 0.00739406002685428 0.0128838000819087 0.0199404004961252 0.019795099273324 0.018928499892354 0.0161061007529497 0.0158568993210793 0.0186184998601675 0.0216077994555235 0.0192940998822451 0.0236104000359774 0.0247703995555639 0.0265596006065607 0.028388699516654 0.0280169993638992 0.0222124997526407 0.023896599188447 0.0245600994676352 0.0269194003194571 0.0238774996250868 0.0284371990710497 0.0273819994181395 0.0245446003973484 0.0217033997178078 0.0293122995644808 0.0292109008878469 0.0218157004565001 0.016482500359416 0.0132501004263759 0.0139426998794079 0.0197659991681576 0.0235111005604267 0.0279856994748116 0.0286001991480589 0.0326512008905411 0.0328219011425972 0.0616558007895947 0.0811415016651154 0.0415401011705399 0.062891997396946 0.109587997198105 0.17179599404335 0.248441994190216 0.265455991029739 0.276450008153915 0.284024000167847 0.286161988973618 0.290876001119614 0.293590009212494
0.0200625993311405 0.0129738999530673 0.0083269402384758 0.0150436004623771 0.0202012006193399 0.0187810994684696 0.0203268993645906 0.0182607006281614 0.0209509003907442 0.0245373994112015 0.0229142997413874 0.0203983001410961 0.0205508004873991 0.0196349006146193 0.0274688992649317 0.0297266002744436 0.0302943997085094 0.0282141994684935 0.0264947004616261 0.0234497003257275 0.022087499499321 0.0220975000411272 0.0203859005123377 0.0197081007063389 0.0223402008414268 0.0192641001194716 0.0228611007332802 0.0226635001599789 0.0173033997416496 0.0124399000778794 0.0139504997059703 0.0161911994218826 0.0175775997340679 0.0168226007372141 0.0180184002965689 0.0175359006971121 0.0267437994480133 0.0411503985524178 0.0585460998117924 0.0698838010430336 0.0448313988745213 0.0693430975079536 0.117807000875473 0.17663100361824 0.245094001293182 0.264041990041733 0.276457011699677 0.280770003795624 0.282882988452911 0.286787003278732 0.291510999202728
0.0283400006592274 0.0186237990856171 0.0119404997676611 0.0150693999603391 0.0235280003398657 0.0276896003633738 0.0217857006937265 0.0183109994977713 0.0244756005704403 0.0285381004214287 0.0236306991428137 0.0172616001218557 0.0153938997536898 0.0153646999970078 0.023573899641633 0.0264315009117126 0.0298468004912138 0.031539399176836 0.031257901340723 0.0307881999760866 0.0302010998129845 0.0279274005442858 0.0253193993121386 0.0197199005633593 0.0164601001888514 0.0145779000595212 0.0139033002778888 0.0140730999410152 0.0140682002529502 0.0116050997748971 0.0124302003532648 0.0134397996589541 0.0178631991147995 0.0189922992140055 0.0292521007359028 0.0332191996276379 0.0395056009292603 0.0475360006093979 0.0540297999978065 0.0506098009645939 0.0579869002103806 0.101033002138138 0.133626997470856 0.193860992789268 0.245371997356415 0.265044003725052 0.273806989192963 0.276354998350143 0.281666994094849 0.285299003124237 0.28846600651741
0.0247859992086887 0.0187950991094112 0.0150204002857208 0.0179124996066093 0.0248796008527279 0.0310559999197721 0.025008000433445 0.02352249994874 0.029127199202776 0.0291293002665043 0.0232605002820492 0.0222008004784584 0.0226706005632877 0.0215265993028879 0.0200193002820015 0.0232100002467632 0.0269588995724916 0.0276753008365631 0.02774210087955 0.0259706005454063 0.0290286000818014 0.0294045004993677 0.0298788007348776 0.0286809001117945 0.0257901009172201 0.0209640990942717 0.0156218996271491 0.0125553002581 0.0116291996091604 0.0144458003342152 0.0181837007403374 0.0220839995890856 0.0256409998983145 0.0273675993084908 0.0297903008759022 0.029603099450469 0.0294487997889519 0.0334096997976303 0.0366641990840435 0.0460785999894142 0.0659554004669189 0.0722682029008865 0.115474998950958 0.192482993006706 0.248606994748116 0.265850007534027 0.268804013729095 0.273496985435486 0.27801701426506 0.283105999231339 0.287261009216309
0.0353149995207787 0.0243731997907162 0.0208964999765158 0.0250093005597591 0.0296730007976294 0.0280288998037577 0.0280868001282215 0.0340831987559795 0.0340847000479698 0.0327408015727997 0.0323068983852863 0.032210998237133 0.031851701438427 0.030502999201417 0.0278230998665094 0.0251142997294664 0.0244268998503685 0.0263026002794504 0.0260128993541002 0.0225956998765469 0.0234904997050762 0.0269230008125305 0.0281048994511366 0.027342900633812 0.0352135002613068 0.0221030004322529 0.0176090002059937 0.0132125997915864 0.0123666999861598 0.0171016007661819 0.0203224997967482 0.0219196993857622 0.0209347996860743 0.0234906002879143 0.0217713993042707 0.0274398997426033 0.0220637992024422 0.0243769995868206 0.0348094999790192 0.0422109998762608 0.0731894969940186 0.0985582992434502 0.130408003926277 0.214284002780914 0.251004010438919 0.262659013271332 0.266532987356186 0.272401988506317 0.27640900015831 0.280968010425568 0.285091996192932
0.0483895987272263 0.0375307016074657 0.0238723997026682 0.0195103008300066 0.033390499651432 0.0369827002286911 0.0348698012530804 0.0363029018044472 0.0358578003942966 0.0359345003962517 0.0353128984570503 0.0349185988306999 0.034104198217392 0.032830998301506 0.029457600787282 0.025857400149107 0.023386899381876 0.0233453996479511 0.0222631990909576 0.0203237999230623 0.0235169995576143 0.020150899887085 0.0164205990731716 0.0231130998581648 0.0321547985076904 0.0322059988975525 0.0147187002003193 0.0152439000084996 0.0208279993385077 0.0252593997865915 0.0271252002567053 0.0327406004071236 0.0351876989006996 0.0392449013888836 0.0376928001642227 0.0520365014672279 0.0340951010584831 0.0378390997648239 0.059477798640728 0.0612630993127823 0.0697053000330925 0.108521997928619 0.163920998573303 0.231746003031731 0.255993008613586 0.259306013584137 0.264081001281738 0.267973989248276 0.274114996194839 0.277402997016907 0.281726986169815
0.0444042012095451 0.0461181998252869 0.0400547012686729 0.0229291003197432 0.0348807014524937 0.0314548015594482 0.0331578999757767 0.0356080010533333 0.0364273004233837 0.0358704999089241 0.0334758013486862 0.0334801003336906 0.0335198007524014 0.0319689996540546 0.0298340991139412 0.0248387008905411 0.0193597003817558 0.0173415001481771 0.0154839996248484 0.0155381001532078 0.0181556008756161 0.0134651996195316 0.0140017997473478 0.0237514991313219 0.0386897996068001 0.0432180985808372 0.0255306996405125 0.0231950990855694 0.0337739996612072 0.0403576008975506 0.0604703016579151 0.0701211988925934 0.0778789967298508 0.0730608999729156 0.0678403005003929 0.0754403993487358 0.0670035034418106 0.0575135014951229 0.0591779984533787 0.0791720971465111 0.121811002492905 0.146396994590759 0.2048210054636 0.247716993093491 0.251383990049362 0.254871994256973 0.260044008493423 0.266739994287491 0.271636009216309 0.277599006891251 0.279179990291595
0.0411682017147541 0.0358164012432098 0.0448721013963223 0.042621199041605 0.0409427992999554 0.0274768993258476 0.0250540003180504 0.0330366007983685 0.0328339003026485 0.0317675992846489 0.032134298235178 0.0285909995436668 0.029959499835968 0.0284234005957842 0.0244853999465704 0.0191826000809669 0.0132518000900745 0.0143501004204154 0.0124676004052162 0.0130995996296406 0.0137350000441074 0.0180954001843929 0.0279220994561911 0.0321918986737728 0.033567801117897 0.0511051006615162 0.0595407001674175 0.0583738014101982 0.0604085996747017 0.0737560987472534 0.0920073986053467 0.101539000868797 0.1137870028615 0.121896997094154 0.127761006355286 0.119128003716469 0.134793996810913 0.129865005612373 0.0979569032788277 0.071143202483654 0.105449996888638 0.182586997747421 0.228134006261826 0.236481994390488 0.244423002004623 0.25145098567009 0.258884996175766 0.258713990449905 0.253464013338089 0.251026004552841 0.257317006587982
0.032592698931694 0.0359117016196251 0.0295657999813557 0.0281006004661322 0.0274943001568317 0.0176395997405052 0.0144996996968985 0.024125199764967 0.0283346008509398 0.0283367000520229 0.026936199516058 0.0215719994157553 0.0202070008963346 0.0215121004730463 0.020193800330162 0.0156651996076107 0.00986498035490513 0.0101399002596736 0.0136190000921488 0.0146869998425245 0.020126199349761 0.0257831998169422 0.0192619003355503 0.0149598000571132 0.0206514000892639 0.0363106988370419 0.03629370033741 0.0519312992691994 0.0491680018603802 0.0553437992930412 0.0709863007068634 0.0618110001087189 0.0621730014681816 0.0688752010464668 0.0827628001570702 0.103748999536037 0.128787994384766 0.119978003203869 0.152392998337746 0.144761994481087 0.169558003544807 0.194950997829437 0.18792299926281 0.217919006943703 0.226368993520737 0.241861999034882 0.246132999658585 0.208166003227234 0.219551995396614 0.199315994977951 0.224197998642921
0.0229531992226839 0.0283902008086443 0.0287724994122982 0.0199832003563643 0.015272400341928 0.0110950004309416 0.00840021017938852 0.0160565003752708 0.0154496002942324 0.0224070996046066 0.027351500466466 0.0229781996458769 0.0173528995364904 0.016839399933815 0.0153182996436954 0.0134201003238559 0.00954778026789427 0.00906382035464048 0.0105076003819704 0.0156804006546736 0.0169091001152992 0.021807299926877 0.0169763993471861 0.00946369022130966 0.0118303000926971 0.0146770998835564 0.0188395995646715 0.0348355993628502 0.0482538007199764 0.0618302002549171 0.0561604984104633 0.0358787998557091 0.0443454012274742 0.0517067015171051 0.0614929012954235 0.0729136019945145 0.0901660025119781 0.0868711024522781 0.0898785963654518 0.145119994878769 0.208847999572754 0.136757001280785 0.158481001853943 0.212019994854927 0.222524002194405 0.223174005746841 0.221158996224403 0.201532006263733 0.181365996599197 0.209707006812096 0.244004994630814
0.015403600409627 0.0170054007321596 0.0285026002675295 0.0207869000732899 0.0131676001474261 0.0090947300195694 0.00750144990161061 0.007596539799124 0.00779843982309103 0.0160405002534389 0.0220838002860546 0.0248374007642269 0.0243055000901222 0.0211941991001368 0.0193841997534037 0.0173803996294737 0.0139803001657128 0.00992660969495773 0.0105397002771497 0.0111207002773881 0.0119193000718951 0.0168088991194963 0.0162984002381563 0.0101389996707439 0.00680790981277823 0.0101386997848749 0.0241263993084431 0.0406568981707096 0.0488441996276379 0.05191969871521 0.0306995995342731 0.0258667003363371 0.0428145006299019 0.060871098190546 0.0821337029337883 0.102251999080181 0.112568996846676 0.149819001555443 0.16448700428009 0.188479006290436 0.176026999950409 0.166379004716873 0.142013996839523 0.199267998337746 0.179446995258331 0.168520003557205 0.168546006083488 0.188959002494812 0.16525599360466 0.183927997946739 0.217610999941826
0.0121798003092408 0.0170418992638588 0.0215377993881702 0.0220119003206491 0.0145413000136614 0.0114840995520353 0.01123489998281 0.0101094003766775 0.00811562966555357 0.0110852001234889 0.0181428994983435 0.0170990992337465 0.0165063999593258 0.0161013994365931 0.0135720996186137 0.0169527009129524 0.0150410002097487 0.0113965999335051 0.00839111022651196 0.00799939036369324 0.00903537962585688 0.0110723003745079 0.00985287968069315 0.00916135963052511 0.00669518997892737 0.0108070997521281 0.0157308001071215 0.0222394000738859 0.0393643006682396 0.0359353981912136 0.020999800413847 0.0252045001834631 0.0447029992938042 0.0424520000815392 0.0564902015030384 0.0818668976426125 0.0848715975880623 0.128809005022049 0.136047005653381 0.179566994309425 0.125535994768143 0.151522994041443 0.124431997537613 0.178209006786346 0.142425999045372 0.120130002498627 0.120029002428055 0.142345994710922 0.161911994218826 0.208378002047539 0.252146989107132
0.0103495996445417 0.0166420005261898 0.0152452001348138 0.0133661003783345 0.0158766992390156 0.0159096997231245 0.0121285002678633 0.0115357004106045 0.00990325957536697 0.00775292003527284 0.0135522997006774 0.013539900071919 0.0111389998346567 0.011837299913168 0.00948596000671387 0.0110071003437042 0.0123511999845505 0.0123290000483394 0.0101965004578233 0.00725144986063242 0.00614754017442465 0.00635970011353493 0.00654496997594833 0.0063320598565042 0.0081369997933507 0.00973641034215689 0.0153454998508096 0.0280662998557091 0.0329695008695126 0.0236060004681349 0.0198566000908613 0.0225815996527672 0.0229051001369953 0.0334954001009464 0.0401536002755165 0.0600508004426956 0.0747572034597397 0.103970997035503 0.105625003576279 0.167336001992226 0.109016999602318 0.118456996977329 0.144923001527786 0.138315007090569 0.157054007053375 0.148938998579979 0.124716997146606 0.139319002628326 0.18104299902916 0.199572995305061 0.20626799762249
