Noctilio_leporinus.asc
ncols  804
nrows  378
xllcorner  -74.6418056
yllcorner  17.2248604
cellsize 0.00833333370646766
NODATA_value  -9999
[rows 161 to 183 of 378, columns 408 to 458 of 804]
0.0213628001511097 0.0269473008811474 0.0217502992600203 0.0144229996949434 0.0175397992134094 0.0137794995680451 0.0147716999053955 0.01042789965868 0.00809216033667326 0.00784706044942141 0.00601152004674077 0.00721829989925027 0.00872998964041471 0.00647488981485367 0.00440069986507297 0.00300885993055999 0.00356877990998328 0.00449815019965172 0.0050514698959887 0.00569054996594787 0.00539796985685825 0.00409540021792054 0.00245572999119759 0.00194035994354635 0.00226819003000855 0.00249211001209915 0.00163856998551637 0.000991426990367472 0.000738515984266996 0.0007595379720442 0.00112360995262861 0.00213624001480639 0.00260168011300266 0.00305426004342735 0.00330261001363397 0.00261346995830536 0.00181507004890591 0.00176759995520115 0.00277204997837543 0.00536584015935659 0.0090741403400898 0.0132978996261954 0.0151135995984077 0.0126516995951533 0.0123989004641771 0.0185784008353949 0.0206746999174356 0.0147940004244447 0.0144849997013807 0.0153852999210358 0.0152705004438758
0.038068599998951 0.0323937982320786 0.0262692999094725 0.0252704992890358 0.0196026992052794 0.0151644004508853 0.0167369991540909 0.012504699639976 0.00677803996950388 0.00519191985949874 0.00731849996373057 0.00944431032985449 0.0103724002838135 0.00817641988396645 0.00564086996018887 0.00358817004598677 0.00323287001810968 0.00449249008670449 0.00535580981522799 0.00588343990966678 0.00558684021234512 0.00460979016497731 0.00322565995156765 0.0019543101079762 0.00209382991306484 0.00193054997362196 0.00252240989357233 0.00230875005945563 0.00137817999348044 0.000745181983802468 0.00111872004345059 0.00168464996386319 0.00301620992831886 0.00343813002109528 0.00505077000707388 0.00346186989918351 0.00322954007424414 0.00321230990812182 0.00455342978239059 0.00590287987142801 0.00786199979484081 0.00935979001224041 0.0105410004034638 0.00964100006967783 0.0112626003101468 0.0172361992299557 0.0166660007089376 0.0128362001851201 0.0119281997904181 0.0126176998019218 0.0126946996897459
0.0324365012347698 0.0226751007139683 0.0157613009214401 0.017323000356555 0.0204764995723963 0.0183878000825644 0.0166657995432615 0.0151987001299858 0.0107412999495864 0.00835311971604824 0.00886308960616589 0.0111983995884657 0.0112408995628357 0.0090777799487114 0.00697730993852019 0.00535032991319895 0.00372456992045045 0.00396504020318389 0.00489882007241249 0.00641762977465987 0.00648284005001187 0.00496579986065626 0.00469567999243736 0.00318400003015995 0.00237485999241471 0.00337090995162725 0.00383803993463516 0.00315654999576509 0.00162481004372239 0.00119556998834014 0.00209863996133208 0.00294807995669544 0.00388808990828693 0.00337729998864233 0.00641477014869452 0.00427003996446729 0.00444740010425448 0.00551857985556126 0.00639599980786443 0.00879880972206593 0.00603894982486963 0.00588661013171077 0.00726365996524692 0.00949240010231733 0.0120309004560113 0.0130890002474189 0.0126948999240994 0.0108617004007101 0.00961858965456486 0.00934869982302189 0.0103884004056454
0.0215808004140854 0.0192399993538857 0.0119032999500632 0.0144343003630638 0.0153929004445672 0.0125663997605443 0.0119222002103925 0.0103275002911687 0.0111304996535182 0.00927510019391775 0.00966764986515045 0.0107853999361396 0.0124017000198364 0.0104769999161363 0.00776433013379574 0.00671688979491591 0.00445660995319486 0.00459248991683125 0.00534457992762327 0.00607773987576365 0.00737483007833362 0.00653555011376739 0.00540442997589707 0.00336991995573044 0.00369078991934657 0.00460844021290541 0.00589400995522738 0.00362967001274228 0.00225535989739001 0.00164723000489175 0.00190559995826334 0.00367532996460795 0.00557057000696659 0.00600394979119301 0.00766769982874393 0.00631417986005545 0.00752488011494279 0.00962479971349239 0.0110835004597902 0.00931310001760721 0.00508137978613377 0.00366560998372734 0.0044161700643599 0.00714260991662741 0.00799515005201101 0.00950906984508038 0.0109134996309876 0.0103008998557925 0.010483100079 0.0095793204382062 0.00888253003358841
0.0136900003999472 0.0148919001221657 0.0112405996769667 0.0104106003418565 0.00994902011007071 0.00942851975560188 0.00877755042165518 0.00599930016323924 0.00780039979144931 0.00936461985111237 0.011158799752593 0.013183799572289 0.0120465001091361 0.00934998970478773 0.00912415981292725 0.00751494988799095 0.00459033995866776 0.00430424977093935 0.00519105000421405 0.00598420994356275 0.00778103992342949 0.00834344979375601 0.00630600983276963 0.00434943987056613 0.00327198999002576 0.00431931018829346 0.00693495012819767 0.006435870192945 0.0039101499132812 0.00220852997153997 0.00150019000284374 0.00256220996379852 0.0029144398868084 0.00383597007021308 0.00736120995134115 0.0108393002301455 0.0125182000920177 0.014224199578166 0.0145285995677114 0.0113890003412962 0.00663424003869295 0.00387291004881263 0.00340987998060882 0.00509396009147167 0.00749605987221003 0.00860424991697073 0.0107373995706439 0.012194300070405 0.0125794997438788 0.0117020001634955 0.0101175000891089
0.0147786997258663 0.0136323999613523 0.0105055999010801 0.010177300311625 0.0112474001944065 0.00857497006654739 0.00693030003458261 0.00510131986811757 0.00503027997910976 0.0101215997710824 0.0126536004245281 0.0148080997169018 0.0100255003198981 0.00515379011631012 0.00554988998919725 0.00588314002379775 0.00364561006426811 0.00359110999852419 0.00501100020483136 0.00678833015263081 0.00826240982860327 0.00952272955328226 0.00722861010581255 0.00674350000917912 0.00475014001131058 0.00596160022541881 0.00933955982327461 0.00845319963991642 0.00541434995830059 0.00297994003631175 0.00189485005103052 0.00207339995540679 0.00242679007351398 0.0034771200735122 0.00509255984798074 0.00797254033386707 0.0112926997244358 0.0161642991006374 0.0130123002454638 0.012019700370729 0.00775127997621894 0.00406259996816516 0.00377354002557695 0.00548519007861614 0.00773192010819912 0.00850206986069679 0.00905991997569799 0.0103334998711944 0.0123140998184681 0.0107249999418855 0.0104572996497154
0.0256408005952835 0.0201827008277178 0.0189734008163214 0.0141944997012615 0.0170833002775908 0.0141983004286885 0.00935374014079571 0.00707755982875824 0.00488193007186055 0.00593682983890176 0.00726437009871006 0.0115793002769351 0.0123752001672983 0.00574412988498807 0.00653182994574308 0.00492001976817846 0.00306427991017699 0.00287921004928648 0.00437912018969655 0.0047208801843226 0.00538006005808711 0.010478800162673 0.014019999653101 0.0108733996748924 0.00916615966707468 0.0113896997645497 0.0130289001390338 0.0096697099506855 0.00461674993857741 0.00340302009135485 0.00438536982983351 0.00594832981005311 0.00706173991784453 0.00740857003256679 0.010963000357151 0.0139412004500628 0.0156826004385948 0.0166554991155863 0.0121016995981336 0.00923291966319084 0.0074001201428473 0.0048145498149097 0.00378038990311325 0.00495340023189783 0.00437081977725029 0.00600332021713257 0.0103225996717811 0.0139282997697592 0.00974067021161318 0.00586673989892006 0.00587178021669388
0.032828401774168 0.0350227989256382 0.0280572008341551 0.0158638991415501 0.0210068002343178 0.0252116993069649 0.0183725003153086 0.0128153003752232 0.00587467988952994 0.00367484008893371 0.00644386978819966 0.0100192995741963 0.0175267998129129 0.0125997997820377 0.00969863962382078 0.0051771798171103 0.00320099992677569 0.00307472003623843 0.00360134011134505 0.0027003800496459 0.004198859911412 0.00871312990784645 0.0146422004327178 0.0150910001248121 0.0121636996045709 0.0141773000359535 0.0197219997644424 0.0137895997613668 0.00700744008645415 0.00341603998094797 0.00446728011593223 0.00921165011823177 0.0145853003486991 0.0176883991807699 0.0195595994591713 0.0146981999278069 0.0108326002955437 0.0127894999459386 0.0124958995729685 0.00988119002431631 0.00594876985996962 0.00375362997874618 0.00321926991455257 0.00340769998729229 0.00427505979314446 0.00768603011965752 0.0139592997729778 0.0210839007049799 0.0126876998692751 0.00761430012062192 0.00696444977074862
0.054543498903513 0.0595245994627476 0.0452303998172283 0.023165300488472 0.0256896000355482 0.0349227003753185 0.0222423002123833 0.0144608002156019 0.00795765034854412 0.00417097983881831 0.0052402401342988 0.00755083980038762 0.0155261000618339 0.0229323003441095 0.0108663998544216 0.00739858997985721 0.00762388994917274 0.00604610983282328 0.00350343994796276 0.0028993699233979 0.00560658983886242 0.0093141095712781 0.014623099938035 0.0209627002477646 0.023275800049305 0.0282508004456758 0.0251979008316994 0.0197115000337362 0.0087560098618269 0.00481776986271143 0.00466737011447549 0.00728459004312754 0.016269700601697 0.0224143993109465 0.0136502999812365 0.0111307995393872 0.0068163899704814 0.00715705007314682 0.00776273012161255 0.00699524022638798 0.00461712013930082 0.00427067000418901 0.00422899005934596 0.00548304989933968 0.00655701989308 0.00889935996383429 0.0149705996736884 0.0236873999238014 0.0198040995746851 0.015085400082171 0.0171284005045891
0.086326003074646 0.0755480006337166 0.0529564991593361 0.0459082014858723 0.0419653989374638 0.0342037007212639 0.0254535004496574 0.0190383996814489 0.0108671998605132 0.00939327012747526 0.00843903981149197 0.00793883018195629 0.0129730002954602 0.025756299495697 0.018061600625515 0.0150757003575563 0.0146516002714634 0.00862194038927555 0.00443087005987763 0.00451372982934117 0.00969386007636786 0.0107926996424794 0.0134503003209829 0.0175606999546289 0.021798200905323 0.0372273996472359 0.0388233996927738 0.0191034991294146 0.00956948008388281 0.00592235988005996 0.00694304006174207 0.00979756005108356 0.0154098002240062 0.0257494002580643 0.0133793000131845 0.00789726991206408 0.00651036994531751 0.00651420000940561 0.00882161036133766 0.00861718039959669 0.00774135999381542 0.0074833701364696 0.00653517013415694 0.00917138997465372 0.013455200009048 0.0127934999763966 0.0128033002838492 0.0235690996050835 0.0297561995685101 0.0250727999955416 0.0228314008563757
0.0567525997757912 0.0628169029951096 0.0624104999005795 0.0476845018565655 0.0501725003123283 0.038951501250267 0.0294591002166271 0.0221148002892733 0.0131430998444557 0.0177043993026018 0.0190754998475313 0.0160900000482798 0.0139127997681499 0.0245046000927687 0.0356334000825882 0.0342498011887074 0.015259999781847 0.00787146016955376 0.00472360989078879 0.00448074983432889 0.0105398995801806 0.0169254001230001 0.0200709998607635 0.0150336995720863 0.0192807000130415 0.0276404991745949 0.0449322015047073 0.0308302007615566 0.0163426008075476 0.0110296001657844 0.011786799877882 0.0193854998797178 0.0295182000845671 0.0188400000333786 0.0129405995830894 0.0123829003423452 0.0097349900752306 0.00835451018065214 0.0086650000885129 0.012338699772954 0.0125697003677487 0.014054000377655 0.0142495995387435 0.012967299669981 0.019980700686574 0.0223489999771118 0.024329399690032 0.0226173996925354 0.0282640997320414 0.0351502001285553 0.0244852006435394
0.0638813972473145 0.044877901673317 0.0390430018305779 0.045073501765728 0.0352254994213581 0.0375377014279366 0.0328780002892017 0.0258457995951176 0.0155010996386409 0.0172875002026558 0.0241065006703138 0.0304279997944832 0.0209132991731167 0.023657800629735 0.04410719871521 0.0381744988262653 0.0185269992798567 0.0093077402561903 0.00883021019399166 0.00497168023139238 0.00619375985115767 0.0143264997750521 0.0237808991223574 0.0203623995184898 0.019710099324584 0.025365199893713 0.0417768992483616 0.0543055981397629 0.0291517004370689 0.0298778004944324 0.0184100996702909 0.0199420005083084 0.0337678007781506 0.0199750997126102 0.0171332005411386 0.0129410997033119 0.0116069000214338 0.00976566970348358 0.00690555991604924 0.00961552001535892 0.0140003003180027 0.0140108997002244 0.0199413001537323 0.02477109991014 0.0281034000217915 0.0331544987857342 0.0364487990736961 0.0366280004382133 0.0350661985576153 0.039351899176836 0.0325396992266178
0.0861036032438278 0.0608915984630585 0.0456633009016514 0.0405131988227367 0.036871999502182 0.029789699241519 0.0313269011676311 0.0262039005756378 0.0176816992461681 0.0151477996259928 0.0240880995988846 0.0364320985972881 0.0381877012550831 0.0407330989837646 0.0494422018527985 0.0498313009738922 0.0277628004550934 0.0230005998164415 0.0158561002463102 0.00826635956764221 0.00601017009466887 0.0129236998036504 0.0288798995316029 0.0340677015483379 0.0226173996925354 0.0336978994309902 0.0501180998980999 0.0635702982544899 0.0437466986477375 0.0503370016813278 0.0431453995406628 0.0374219007790089 0.0290444009006023 0.0171460993587971 0.00955240987241268 0.00687514990568161 0.00725123984739184 0.00671646976843476 0.00570211978629231 0.0086115300655365 0.0138360997661948 0.0152722001075745 0.0157848000526428 0.0204943995922804 0.0224977992475033 0.0270556006580591 0.0320876985788345 0.0412628017365932 0.0472461991012096 0.0403214991092682 0.0324603989720345
0.101497001945972 0.0759183987975121 0.064726397395134 0.0639813989400864 0.04349460080266 0.0337055996060371 0.043281901627779 0.0414358004927635 0.0365644991397858 0.0261401999741793 0.0206195991486311 0.0308615006506443 0.04731560125947 0.0591723993420601 0.0675133988261223 0.0482437014579773 0.0368722006678581 0.0266372002661228 0.0197215992957354 0.0144517002627254 0.0150940995663404 0.019276300445199 0.0270106997340918 0.0443703010678291 0.0305992998182774 0.0218812990933657 0.0390628017485142 0.065786100924015 0.0581224001944065 0.0354636013507843 0.0319751016795635 0.0245958995074034 0.0156378000974655 0.0114903999492526 0.00773609010502696 0.00800669007003307 0.00961137004196644 0.00821151025593281 0.00732180010527372 0.0104604000225663 0.0159412994980812 0.0242884997278452 0.0272433999925852 0.0242718998342752 0.0243906993418932 0.0252071004360914 0.0244024004787207 0.0345856994390488 0.0475762002170086 0.0344640016555786 0.0225307997316122
0.119473002851009 0.100607998669147 0.0888426005840302 0.0765940025448799 0.0594692006707191 0.0411515012383461 0.0448920987546444 0.0561583004891872 0.0546653009951115 0.0412142015993595 0.0281710997223854 0.0260537005960941 0.0365293994545937 0.0523229017853737 0.0665301010012627 0.0462827011942863 0.0335155986249447 0.0229998994618654 0.0185575000941753 0.0162180997431278 0.0214760005474091 0.0296771004796028 0.0401098988950253 0.0510421991348267 0.0479849018156528 0.038815900683403 0.0584842003881931 0.0715026035904884 0.0403920002281666 0.028796099126339 0.0166129004210234 0.0149178002029657 0.0103046000003815 0.00727751990780234 0.00716396002098918 0.0125746000558138 0.0161173995584249 0.0104919001460075 0.00880334991961718 0.0109842997044325 0.0136733995750546 0.0175647009164095 0.0278693996369839 0.0360435992479324 0.0359584018588066 0.0343516990542412 0.0279811006039381 0.0362277999520302 0.0490593984723091 0.0301898997277021 0.0264628995209932
0.125460997223854 0.107400000095367 0.0762918964028358 0.0661123022437096 0.0740294978022575 0.058823999017477 0.0504441000521183 0.0627370029687881 0.0659826993942261 0.0412430986762047 0.0405539013445377 0.0341602005064487 0.0510554015636444 0.0672113001346588 0.0754102021455765 0.0380141995847225 0.0274666994810104 0.02025349996984 0.0189814995974302 0.0178629998117685 0.0203814003616571 0.0203539002686739 0.0276704002171755 0.045678399503231 0.0599476993083954 0.058364000171423 0.0788652002811432 0.0555438995361328 0.0406152009963989 0.021305600181222 0.0148240001872182 0.00943463016301394 0.00989024993032217 0.0139451995491982 0.0152329998090863 0.0199108999222517 0.022367300465703 0.0167977996170521 0.0129348002374172 0.0139098996296525 0.0139627996832132 0.0165618006139994 0.0219749994575977 0.0325089991092682 0.0448262989521027 0.0421768017113209 0.040174700319767 0.0471024997532368 0.0563299991190434 0.0395739004015923 0.0419582016766071
0.127303004264832 0.104644998908043 0.089336596429348 0.0721238031983376 0.0874044001102448 0.0825880020856857 0.0714569017291069 0.0826900005340576 0.0772605016827583 0.0513131991028786 0.0442054010927677 0.0505447015166283 0.0578246004879475 0.0728745013475418 0.0838159993290901 0.0596788004040718 0.0401266999542713 0.0304799005389214 0.0228617992252111 0.0257259998470545 0.0303246006369591 0.0291457008570433 0.0261597000062466 0.0432511009275913 0.0626854971051216 0.0816240012645721 0.0704134032130241 0.044421698898077 0.0373198986053467 0.0235533006489277 0.0213649999350309 0.0157271008938551 0.0119490996003151 0.0160693991929293 0.0251860991120338 0.0293860007077456 0.0342773981392384 0.0277226008474827 0.0203184001147747 0.0226769000291824 0.0181377995759249 0.0180431995540857 0.0264972001314163 0.0314581990242004 0.0391435995697975 0.0513748005032539 0.0587173998355865 0.0621500983834267 0.0564595013856888 0.0547453984618187 0.0521145015954971
0.132778003811836 0.117154002189636 0.103876002132893 0.0840767994523048 0.0914355963468552 0.0948467031121254 0.0963374972343445 0.0853054001927376 0.0648386999964714 0.0593818016350269 0.0603964999318123 0.0460400991141796 0.04731610044837 0.0531032010912895 0.0777131989598274 0.0827789008617401 0.0576825998723507 0.0530843995511532 0.0460695996880531 0.039349801838398 0.0346505008637905 0.0358405001461506 0.0232641007751226 0.0270344000309706 0.0456119999289513 0.0734907016158104 0.0872789025306702 0.0645793005824089 0.0521695986390114 0.0394074991345406 0.0363925993442535 0.0254081003367901 0.0187918990850449 0.0191840007901192 0.023105600848794 0.0286069996654987 0.0423022992908955 0.042536199092865 0.0356072001159191 0.0283260997384787 0.0246929991990328 0.023828100413084 0.0314153991639614 0.0411130003631115 0.0417403988540173 0.0549280010163784 0.0651677995920181 0.0437745004892349 0.0274439007043839 0.0294110998511314 0.0346616990864277
0.137950003147125 0.130422994494438 0.123884998261929 0.102205999195576 0.0876749977469444 0.107009001076221 0.0809969007968903 0.0773734971880913 0.0812608003616333 0.0726915001869202 0.06120790168643 0.0573210008442402 0.0604198016226292 0.0549870990216732 0.0611193999648094 0.0963208973407745 0.0730260983109474 0.072267197072506 0.063059002161026 0.039395198225975 0.0411661006510258 0.0534061007201672 0.0428703017532825 0.0272351000458002 0.033552598208189 0.0474206991493702 0.083864800632 0.0841836035251617 0.0694013014435768 0.0567273981869221 0.0500641018152237 0.0288094002753496 0.0306272991001606 0.0321389995515347 0.0263395998626947 0.0341853015124798 0.0458424985408783 0.0572836995124817 0.0407841987907887 0.0273317005485296 0.0199030991643667 0.0209148991852999 0.0286660995334387 0.0372618995606899 0.047146700322628 0.0518468990921974 0.0650719031691551 0.0395984016358852 0.0207243002951145 0.0153821995481849 0.020846800878644
0.142630994319916 0.139415994286537 0.134813994169235 0.120025999844074 0.110749997198582 0.122437000274658 0.0867519974708557 0.0911775007843971 0.0794987976551056 0.0698937028646469 0.069938100874424 0.0768866986036301 0.0722623988986015 0.0703594014048576 0.0700504034757614 0.102692998945713 0.104826003313065 0.0956116989254951 0.0755511000752449 0.0622274987399578 0.0543175004422665 0.0708947032690048 0.0484555996954441 0.0371912010014057 0.0375667996704578 0.0538024008274078 0.0924649015069008 0.0692266970872879 0.050245501101017 0.0462397001683712 0.0420171990990639 0.0293613001704216 0.0358761996030807 0.0480447001755238 0.0531092993915081 0.0510070994496346 0.0691242963075638 0.0536400005221367 0.0468382015824318 0.0372809991240501 0.0232062004506588 0.0186077002435923 0.0223858002573252 0.0273713003844023 0.0388072989881039 0.0616533011198044 0.0669291988015175 0.0464265011250973 0.029364200308919 0.0152658997103572 0.0144424000754952
0.146194994449615 0.144863992929459 0.143823996186256 0.136134997010231 0.130223006010056 0.134048998355865 0.119341000914574 0.108921997249126 0.0863706991076469 0.0714968964457512 0.0812510997056961 0.0941343978047371 0.0830103978514671 0.0839888975024223 0.086096502840519 0.0965752974152565 0.115333996713161 0.0928227007389069 0.0843589976429939 0.0814151018857956 0.077624499797821 0.0831068009138107 0.0687116011977196 0.0605587996542454 0.0646172985434532 0.0878276973962784 0.105627000331879 0.0663681998848915 0.0497139990329742 0.0326908007264137 0.0368059985339642 0.0326451994478703 0.0327412001788616 0.0346864014863968 0.0534081012010574 0.0680506974458694 0.0722139030694962 0.0493119992315769 0.0384355001151562 0.0376399010419846 0.0294227004051208 0.0229545999318361 0.0243216007947922 0.0303851999342442 0.0395277999341488 0.0618330985307693 0.0581525005400181 0.0366365984082222 0.0220033992081881 0.0160978008061647 0.00997625011950731
0.147985994815826 0.148643001914024 0.148726001381874 0.145104005932808 0.142530992627144 0.140548005700111 0.13578000664711 0.119593001902103 0.0867644995450974 0.10037100315094 0.109506003558636 0.107102997601032 0.104750998318195 0.106287002563477 0.10614500194788 0.111174002289772 0.114712998270988 0.0927798971533775 0.0975044965744019 0.0935629978775978 0.0906777009367943 0.0941673964262009 0.0838870033621788 0.0850543007254601 0.10334499925375 0.112860001623631 0.079932801425457 0.0622247010469437 0.0523569993674755 0.0444724000990391 0.0563241988420486 0.0412419997155666 0.043411698192358 0.039444200694561 0.0368451997637749 0.0596650987863541 0.0803709998726845 0.0561512000858784 0.054882999509573 0.0441047996282578 0.0370183996856213 0.0285423994064331 0.025696899741888 0.0322665013372898 0.0577673986554146 0.0743744000792503 0.0381490997970104 0.0227998998016119 0.0159341990947723 0.0105689000338316 0.00854554958641529
0.150398999452591 0.151356995105743 0.152027994394302 0.149775996804237 0.147556006908417 0.144803002476692 0.141821995377541 0.134366005659103 0.111082002520561 0.115180000662804 0.130334004759789 0.130414992570877 0.130370005965233 0.12729500234127 0.119843997061253 0.126712992787361 0.114790000021458 0.110849000513554 0.108747996389866 0.109256997704506 0.10750699788332 0.0959436967968941 0.0807958021759987 0.0963750034570694 0.119978003203869 0.103909999132156 0.0655322968959808 0.0471582002937794 0.0537533015012741 0.065693698823452 0.071018397808075 0.0557956993579865 0.0542696006596088 0.0513464994728565 0.0441096015274525 0.0553703010082245 0.0776709988713264 0.0883150026202202 0.0724069029092789 0.0582179985940456 0.0474307015538216 0.0373107008635998 0.0367649011313915 0.0342276990413666 0.057132501155138 0.0754477009177208 0.0403392016887665 0.0186371002346277 0.00792100001126528 0.00587562005966902 0.0054135899990797
