Noctilio_leporinus.asc
ncols  804
nrows  378
xllcorner  -74.6418056
yllcorner  17.2248604
cellsize 0.00833333370646766
NODATA_value  -9999
[rows 184 to 206 of 378, columns 561 to 611 of 804]
0.419771999120712 0.421198010444641 0.432363986968994 0.437896996736526 0.434273988008499 0.436764985322952 0.439608991146088 0.44658699631691 0.453630000352859 0.451337993144989 0.452861994504929 0.453004002571106 0.45558100938797 0.453298002481461 0.456928014755249 0.425976008176804 0.453417986631393 0.467931002378464 0.469866007566452 0.465451002120972 0.465272009372711 0.463339000940323 0.458963990211487 0.46229499578476 0.487361997365952 0.47325000166893 0.458301991224289 0.434069991111755 0.45728799700737 0.486898988485336 0.443497985601425 0.451965004205704 0.457726985216141 0.466343998908997 0.453956991434097 0.46781799197197 0.460298985242844 0.461562007665634 0.475194007158279 0.462695002555847 0.439384013414383 0.444389998912811 0.47894099354744 0.481673985719681 0.481907993555069 0.484654009342194 0.462523996829987 0.441623985767365 0.466161012649536 0.466753989458084 0.459973990917206
0.442157000303268 0.44498598575592 0.44336199760437 0.432902991771698 0.446305990219116 0.443661987781525 0.448931992053986 0.451811999082565 0.457491010427475 0.45448100566864 0.458090007305145 0.45856899023056 0.462554007768631 0.461641013622284 0.46424001455307 0.460878014564514 0.466648012399673 0.474943995475769 0.476168990135193 0.473131000995636 0.473650008440018 0.475594997406006 0.47079598903656 0.46391499042511 0.490819007158279 0.49244698882103 0.4879370033741 0.483090996742249 0.489394009113312 0.475253999233246 0.462024986743927 0.449683994054794 0.452991008758545 0.47283598780632 0.475167989730835 0.462303012609482 0.470964014530182 0.478994995355606 0.460117012262344 0.418408989906311 0.400626003742218 0.426481008529663 0.492307007312775 0.491448998451233 0.494212001562119 0.495169997215271 0.48565399646759 0.486248999834061 0.479676008224487 0.478843003511429 0.464906990528107
0.447508990764618 0.453114986419678 0.448697000741959 0.442934989929199 0.452674001455307 0.449651002883911 0.452517002820969 0.452618986368179 0.457942008972168 0.45456999540329 0.459564000368118 0.46424001455307 0.468237996101379 0.470486998558044 0.471680998802185 0.476435005664825 0.473729997873306 0.480286985635757 0.481509000062943 0.478442996740341 0.47503399848938 0.481613993644714 0.48428401350975 0.476938009262085 0.483898013830185 0.498160004615784 0.499790996313095 0.492707997560501 0.485314011573792 0.460310995578766 0.459441006183624 0.478702008724213 0.483902007341385 0.491297006607056 0.481779009103775 0.469521999359131 0.485765010118484 0.491376012563705 0.4930300116539 0.469974011182785 0.450590014457703 0.410374999046326 0.48666700720787 0.502475023269653 0.504162013530731 0.504024982452393 0.483967006206512 0.492484986782074 0.502534985542297 0.47893500328064 0.470638006925583
0.441256999969482 0.454764008522034 0.453440994024277 0.45490100979805 0.457065999507904 0.449167013168335 0.455491006374359 0.457670003175735 0.462310999631882 0.455424010753632 0.462161988019943 0.465079009532928 0.464486986398697 0.473434001207352 0.478538006544113 0.481164991855621 0.478078007698059 0.481067985296249 0.484789997339249 0.483494013547897 0.482562005519867 0.486658990383148 0.494394987821579 0.494549989700317 0.49108898639679 0.501416981220245 0.505236983299255 0.497381985187531 0.497916996479034 0.459203988313675 0.44999098777771 0.470097988843918 0.503006994724274 0.503925025463104 0.503018975257874 0.494114995002747 0.501946985721588 0.497411012649536 0.506370007991791 0.496363013982773 0.48429200053215 0.492428004741669 0.506111025810242 0.50779402256012 0.509482026100159 0.508970975875854 0.494964987039566 0.496643006801605 0.511864006519318 0.487338989973068 0.457087010145187
0.450190991163254 0.457879990339279 0.457585006952286 0.457643002271652 0.460152000188828 0.459170997142792 0.455756008625031 0.464226990938187 0.464309006929398 0.461587995290756 0.468713998794556 0.465283989906311 0.469262987375259 0.473616987466812 0.47657099366188 0.483116000890732 0.484310001134872 0.485150009393692 0.487792998552322 0.488283008337021 0.48913699388504 0.49397400021553 0.500656008720398 0.502260982990265 0.498764991760254 0.505852997303009 0.507475018501282 0.506901979446411 0.507430970668793 0.49592199921608 0.478451013565063 0.489024013280869 0.502260029315948 0.509396016597748 0.509577989578247 0.501709997653961 0.509217977523804 0.513455986976624 0.512179017066956 0.51385098695755 0.495763003826141 0.495602011680603 0.514836013317108 0.520594000816345 0.518588006496429 0.512163996696472 0.514594972133636 0.512977004051208 0.518001019954681 0.5174919962883 0.495743989944458
0.456851005554199 0.464235991239548 0.462871998548508 0.460115998983383 0.462617993354797 0.463023990392685 0.457834988832474 0.464203000068665 0.467088013887405 0.466809004545212 0.469711989164352 0.470856010913849 0.470589011907578 0.473872005939484 0.478596985340118 0.482991009950638 0.489571005105972 0.486438006162643 0.487630993127823 0.490272998809814 0.492563992738724 0.495227009057999 0.504828989505768 0.504598021507263 0.504370987415314 0.507076025009155 0.50832200050354 0.509205996990204 0.508624970912933 0.497458010911942 0.493624985218048 0.500690996646881 0.504141986370087 0.51459401845932 0.505582988262177 0.504296004772186 0.503378987312317 0.511628985404968 0.520308017730713 0.5190190076828 0.513306021690369 0.509091019630432 0.505258977413177 0.520561993122101 0.521881997585297 0.508810997009277 0.521939992904663 0.524385988712311 0.523123025894165 0.528927981853485 0.520240008831024
0.45873299241066 0.464361995458603 0.468264997005463 0.465478003025055 0.465867012739182 0.457498997449875 0.441998988389969 0.462494999170303 0.468533992767334 0.473553001880646 0.475751996040344 0.47511100769043 0.472346007823944 0.475266993045807 0.479629009962082 0.484014987945557 0.492033988237381 0.493580013513565 0.490067005157471 0.497054994106293 0.497893005609512 0.496192008256912 0.507623016834259 0.511052012443542 0.508608996868134 0.511313021183014 0.512184977531433 0.509383022785187 0.508791983127594 0.503809988498688 0.497763007879257 0.495734989643097 0.50390499830246 0.516928970813751 0.50899201631546 0.51357501745224 0.513378977775574 0.521686971187592 0.525210022926331 0.522794008255005 0.523352980613708 0.527262985706329 0.520031988620758 0.522454977035522 0.529725015163422 0.498602986335754 0.50647497177124 0.528118014335632 0.529079973697662 0.533033013343811 0.534379005432129
0.459643006324768 0.464560985565186 0.470573008060455 0.469884991645813 0.462512999773026 0.450352013111115 0.453503996133804 0.45736899971962 0.459506988525391 0.465517997741699 0.474058002233505 0.478388994932175 0.475600987672806 0.47673699259758 0.482883989810944 0.487991988658905 0.492406010627747 0.497570008039474 0.49439400434494 0.501398026943207 0.501133024692535 0.504890024662018 0.510132014751434 0.507674992084503 0.509626984596252 0.511218011379242 0.505838990211487 0.500123977661133 0.503539979457855 0.506236970424652 0.506011009216309 0.502497971057892 0.50703501701355 0.517494022846222 0.512117981910706 0.519661009311676 0.522049009799957 0.526304006576538 0.526848971843719 0.527025997638702 0.528324007987976 0.531491994857788 0.532054007053375 0.533367991447449 0.535435020923615 0.532643020153046 0.526134014129639 0.537545025348663 0.536632001399994 0.539847016334534 0.545331001281738
0.466598987579346 0.470479995012283 0.471188992261887 0.472613006830215 0.466614991426468 0.464168012142181 0.465947985649109 0.465974003076553 0.462139993906021 0.472400993108749 0.471379011869431 0.482468992471695 0.47894299030304 0.479355990886688 0.482277005910873 0.490254014730453 0.493577986955643 0.496190994977951 0.499177992343903 0.505833983421326 0.50848799943924 0.510049998760223 0.508311986923218 0.504019021987915 0.502662003040314 0.499125987291336 0.493429988622665 0.494996011257172 0.509351015090942 0.505078971385956 0.512549996376038 0.514527022838593 0.515774011611938 0.520354986190796 0.519020974636078 0.521025002002716 0.529358983039856 0.530638992786407 0.525587975978851 0.529106974601746 0.536005973815918 0.541059970855713 0.539740025997162 0.535426020622253 0.538987994194031 0.537306010723114 0.540503978729248 0.541081011295319 0.542038023471832 0.542622029781342 0.546222984790802
0.457843989133835 0.466592997312546 0.474366009235382 0.473648995161057 0.4704569876194 0.47010600566864 0.474725008010864 0.47367200255394 0.471917003393173 0.481916010379791 0.47979798913002 0.481976985931396 0.47808301448822 0.483491986989975 0.48641300201416 0.488985985517502 0.493741989135742 0.499615013599396 0.505158007144928 0.509262979030609 0.512279987335205 0.509787976741791 0.505473017692566 0.501909017562866 0.499814987182617 0.494825005531311 0.494201987981796 0.502676010131836 0.509746015071869 0.501078009605408 0.512925982475281 0.52080899477005 0.524277985095978 0.525898993015289 0.525667011737823 0.5295330286026 0.53117299079895 0.534689009189606 0.532975018024445 0.5294029712677 0.541547000408173 0.543973028659821 0.544900000095367 0.546585023403168 0.543000996112823 0.54544597864151 0.546766996383667 0.546584010124207 0.543769001960754 0.545853018760681 0.555505990982056
0.458629012107849 0.46279901266098 0.471235007047653 0.478325009346008 0.469431012868881 0.466949999332428 0.472602993249893 0.477937996387482 0.481516987085342 0.486550986766815 0.477256000041962 0.479059994220734 0.47801399230957 0.487722009420395 0.492089003324509 0.494300991296768 0.495070993900299 0.498753994703293 0.500265002250671 0.508002996444702 0.513212978839874 0.507403016090393 0.503450989723206 0.500244975090027 0.506173014640808 0.500050008296967 0.502695024013519 0.511220991611481 0.510218977928162 0.511795997619629 0.513746976852417 0.527198016643524 0.529927015304565 0.529307007789612 0.529435992240906 0.534425020217896 0.536060988903046 0.537702977657318 0.539350986480713 0.533883988857269 0.541913986206055 0.545462012290955 0.546003997325897 0.547681987285614 0.549364984035492 0.551055014133453 0.550859987735748 0.542375981807709 0.543694972991943 0.555217027664185 0.558829009532928
0.453568994998932 0.467523992061615 0.473856002092361 0.478807985782623 0.48199799656868 0.464233011007309 0.473044008016586 0.483018010854721 0.488041996955872 0.489841997623444 0.484086006879807 0.488770008087158 0.488061994314194 0.489160001277924 0.495332002639771 0.50373500585556 0.499390006065369 0.500885009765625 0.50348299741745 0.508289992809296 0.514595985412598 0.510236024856567 0.504067003726959 0.501941978931427 0.502013027667999 0.509043991565704 0.510227978229523 0.516575992107391 0.515928983688354 0.516025006771088 0.522417008876801 0.528842985630035 0.525231003761292 0.525717973709106 0.533668994903564 0.535290002822876 0.536541998386383 0.540803015232086 0.542069017887115 0.541459977626801 0.543111979961395 0.550804972648621 0.549073994159698 0.554149985313416 0.552424013614655 0.551460027694702 0.550500988960266 0.543892025947571 0.550107002258301 0.558624029159546 0.560715019702911
0.455893009901047 0.470225989818573 0.477275997400284 0.480084985494614 0.484340995550156 0.47715100646019 0.461569994688034 0.487123012542725 0.493238985538483 0.493584990501404 0.493212014436722 0.499743014574051 0.498650997877121 0.491764008998871 0.496484011411667 0.505981028079987 0.508199989795685 0.502004981040955 0.506421983242035 0.511596977710724 0.514953017234802 0.513891994953156 0.505860984325409 0.506281971931458 0.504145979881287 0.513755023479462 0.521218001842499 0.51944100856781 0.522114992141724 0.526286005973816 0.530102014541626 0.529451012611389 0.524712026119232 0.526304006576538 0.534247994422913 0.537357985973358 0.538977026939392 0.54474002122879 0.547508001327515 0.544251024723053 0.54363602399826 0.554349005222321 0.554498016834259 0.558440983295441 0.551780998706818 0.551943004131317 0.550220012664795 0.552281022071838 0.556241989135742 0.560975015163422 0.560779988765717
0.45864799618721 0.464183002710342 0.472947001457214 0.48394900560379 0.488207995891571 0.486717998981476 0.477362006902695 0.488433986902237 0.495994985103607 0.500330984592438 0.501399993896484 0.506498992443085 0.506119012832642 0.499538004398346 0.505375027656555 0.508309006690979 0.514200985431671 0.508328974246979 0.50908100605011 0.514622986316681 0.519455015659332 0.516161024570465 0.507368981838226 0.508879005908966 0.505994975566864 0.514868974685669 0.524924993515015 0.52573299407959 0.52580201625824 0.52922797203064 0.530798971652985 0.53013801574707 0.525757014751434 0.53144097328186 0.535278975963593 0.538380980491638 0.538115978240967 0.544618010520935 0.552286028862 0.550899028778076 0.546876013278961 0.5572190284729 0.557358980178833 0.55636602640152 0.553862988948822 0.55136901140213 0.554175019264221 0.555851995944977 0.560191988945007 0.561504006385803 0.559782028198242
0.473832011222839 0.474815011024475 0.476514995098114 0.485026001930237 0.489998012781143 0.490296006202698 0.488074004650116 0.491268008947372 0.500657021999359 0.503534018993378 0.506424009799957 0.511530995368958 0.512239992618561 0.509643971920013 0.512570023536682 0.516246974468231 0.515501976013184 0.514765024185181 0.515507996082306 0.519213974475861 0.518490016460419 0.513710975646973 0.512264013290405 0.513031005859375 0.507556021213531 0.516059994697571 0.527230978012085 0.530637979507446 0.529950022697449 0.533374011516571 0.53157502412796 0.531274974346161 0.532473981380463 0.534053027629852 0.54051399230957 0.539857983589172 0.53845602273941 0.547589004039764 0.554500997066498 0.55613100528717 0.552465975284576 0.559791028499603 0.559921026229858 0.561576008796692 0.55526602268219 0.553896009922028 0.560491025447845 0.558746993541718 0.567653000354767 0.561348021030426 0.558857977390289
0.480004012584686 0.483128011226654 0.480170994997025 0.485101014375687 0.490783005952835 0.494323998689651 0.494614005088806 0.49890598654747 0.502489984035492 0.505724012851715 0.507504999637604 0.511498987674713 0.514035999774933 0.518801987171173 0.51988297700882 0.521341979503632 0.517991006374359 0.517976999282837 0.519819974899292 0.522041022777557 0.516861975193024 0.516131997108459 0.517624020576477 0.516165971755981 0.515452027320862 0.520659029483795 0.526636004447937 0.534512996673584 0.534560024738312 0.529756009578705 0.530933022499084 0.533984005451202 0.538172006607056 0.538621008396149 0.54508900642395 0.546680986881256 0.544885993003845 0.551394999027252 0.555657982826233 0.556141972541809 0.554736971855164 0.560540974140167 0.562182009220123 0.56268697977066 0.561677992343903 0.565236985683441 0.566901028156281 0.568570971488953 0.567197024822235 0.560885012149811 0.559904992580414
0.464590013027191 0.481510996818542 0.48895001411438 0.492821991443634 0.494174987077713 0.495534002780914 0.499083012342453 0.503013014793396 0.505496978759766 0.506525993347168 0.508294999599457 0.512278020381927 0.515173017978668 0.521040976047516 0.522853016853333 0.522072970867157 0.518707990646362 0.519792020320892 0.523108005523682 0.527554988861084 0.527544975280762 0.51789402961731 0.52233898639679 0.522346973419189 0.523844003677368 0.524233996868134 0.532454013824463 0.538098990917206 0.532891988754272 0.534429013729095 0.535971999168396 0.540524005889893 0.544718027114868 0.546665012836456 0.549373984336853 0.549825012683868 0.551415979862213 0.554904997348785 0.557268977165222 0.557743012905121 0.559741020202637 0.562885999679565 0.562996983528137 0.56121301651001 0.565137028694153 0.567166984081268 0.56768000125885 0.563247978687286 0.559589982032776 0.559355974197388 0.561406016349792
0.45958599448204 0.470012992620468 0.473082989454269 0.481882005929947 0.48895999789238 0.496818989515305 0.499628990888596 0.502086997032166 0.506752014160156 0.505936980247498 0.509526014328003 0.515344023704529 0.517122983932495 0.522244989871979 0.524788022041321 0.52436500787735 0.521351993083954 0.523909986019135 0.527222990989685 0.530923008918762 0.525312006473541 0.521212995052338 0.527517020702362 0.524164974689484 0.529748976230621 0.527146995067596 0.53761899471283 0.540638983249664 0.540663003921509 0.540315985679626 0.539976000785828 0.546787977218628 0.548343002796173 0.550282001495361 0.551095008850098 0.552671015262604 0.554630994796753 0.560014009475708 0.559333980083466 0.559418976306915 0.563688993453979 0.565307021141052 0.565788984298706 0.565895020961761 0.56752997636795 0.568790018558502 0.562820017337799 0.559148013591766 0.560797989368439 0.562454998493195 0.564118981361389
0.473296999931335 0.464329987764359 0.46314600110054 0.472193002700806 0.479546010494232 0.482291996479034 0.489010006189346 0.49251601099968 0.500038981437683 0.505420029163361 0.510464012622833 0.510010004043579 0.518038988113403 0.523522019386292 0.526426017284393 0.527105987071991 0.527420997619629 0.529604017734528 0.530676007270813 0.529515981674194 0.523527979850769 0.52386999130249 0.529054999351501 0.5346400141716 0.536499977111816 0.533124983310699 0.540243983268738 0.544762015342712 0.543268024921417 0.544037997722626 0.546697974205017 0.550122976303101 0.550913989543915 0.552088022232056 0.552513003349304 0.555593013763428 0.560962021350861 0.564445972442627 0.564135015010834 0.564208984375 0.564288973808289 0.563233017921448 0.565226018428802 0.566846013069153 0.56809002161026 0.562866985797882 0.561838984489441 0.563476979732513 0.565882980823517 0.567152976989746 0.573008000850677
0.46908700466156 0.462251007556915 0.463862001895905 0.467597007751465 0.474545001983643 0.479404002428055 0.48285898566246 0.492101013660431 0.497061997652054 0.500955998897552 0.506699979305267 0.505868017673492 0.517548024654388 0.522643983364105 0.527020990848541 0.529178977012634 0.530225992202759 0.531652987003326 0.531966984272003 0.526692986488342 0.530744016170502 0.527719974517822 0.53253298997879 0.535869002342224 0.540719985961914 0.538450002670288 0.541441023349762 0.545195996761322 0.54594898223877 0.550482988357544 0.55238401889801 0.553915023803711 0.555451989173889 0.557376980781555 0.555137991905212 0.563908994197845 0.56623899936676 0.564388990402222 0.567874014377594 0.563749015331268 0.56343799829483 0.566556990146637 0.566256999969482 0.56786698102951 0.567957997322083 0.567292988300323 0.568920016288757 0.570935010910034 0.573337972164154 0.574985027313232 0.576638996601105
0.456214010715485 0.457796990871429 0.463239997625351 0.471199005842209 0.478873997926712 0.48589700460434 0.48539999127388 0.491394013166428 0.497063994407654 0.500944972038269 0.504845023155212 0.507296025753021 0.51343697309494 0.519984006881714 0.528430998325348 0.530951023101807 0.531985998153687 0.536396026611328 0.53557300567627 0.531767010688782 0.533573985099792 0.532770991325378 0.537588000297546 0.539044976234436 0.543516993522644 0.541980981826782 0.541580021381378 0.545701026916504 0.55324000120163 0.554746985435486 0.556262016296387 0.555509984493256 0.559312999248505 0.558571994304657 0.56429398059845 0.567369997501373 0.567404985427856 0.567447006702423 0.565968990325928 0.567165017127991 0.567984998226166 0.56766802072525 0.566214025020599 0.566671013832092 0.568275988101959 0.56988799571991 0.571888029575348 0.575040996074677 0.576291978359222 0.578696012496948 0.579192996025085
0.441201001405716 0.454472005367279 0.46619901061058 0.474880993366241 0.477925002574921 0.487444996833801 0.494156986474991 0.497639000415802 0.49931600689888 0.503921985626221 0.508185029029846 0.513943016529083 0.516773998737335 0.523324012756348 0.529911994934082 0.533168017864227 0.536063015460968 0.538218975067139 0.536633014678955 0.536553025245667 0.536853015422821 0.536783993244171 0.540848970413208 0.543424010276794 0.544879972934723 0.543707013130188 0.545552015304565 0.550424993038177 0.555697023868561 0.561369001865387 0.561357021331787 0.562870979309082 0.563630998134613 0.565158009529114 0.567835986614227 0.568997979164124 0.569020986557007 0.570577025413513 0.572139024734497 0.57294499874115 0.566888988018036 0.566941976547241 0.567762970924377 0.56897097826004 0.570567011833191 0.573315978050232 0.574926018714905 0.578073978424072 0.581229984760284 0.581712007522583 0.581432998180389
0.419196009635925 0.457825988531113 0.465705007314682 0.469760000705719 0.478468000888824 0.484742999076843 0.491061985492706 0.499971985816956 0.507490992546082 0.508440017700195 0.512337982654572 0.518471002578735 0.524639010429382 0.530466973781586 0.535201013088226 0.536580979824066 0.538343012332916 0.53973799943924 0.538511991500854 0.540669977664948 0.543965995311737 0.540500998497009 0.54456102848053 0.549771010875702 0.547066986560822 0.548519015312195 0.55375999212265 0.558263003826141 0.559364020824432 0.56275200843811 0.564629018306732 0.563848972320557 0.565357983112335 0.568018019199371 0.56954300403595 0.571075022220612 0.571851015090942 0.571869015693665 0.574949979782104 0.571542024612427 0.568144977092743 0.569712996482849 0.569760978221893 0.571340978145599 0.573691010475159 0.5779629945755 0.583014011383057 0.585775971412659 0.587393999099731 0.587099015712738 0.584506988525391
