Noctilio_leporinus.asc
ncols  804
nrows  378
xllcorner  -74.6418056
yllcorner  17.2248604
cellsize 0.00833333370646766
NODATA_value  -9999
[rows 138 to 160 of 378, columns 357 to 407 of 804]
0.133252993226051 0.138190999627113 0.145686000585556 0.157150998711586 0.158268004655838 0.156053006649017 0.144621998071671 0.141344994306564 0.135734006762505 0.1214350014925 0.0956557989120483 0.0883376002311707 0.0911742970347404 0.0725089982151985 0.046942800283432 0.0389138981699944 0.0586216002702713 0.0758351981639862 0.0706238001585007 0.0435996986925602 0.025153199210763 0.0266760997474194 0.031182000413537 0.0281640999019146 0.030969200655818 0.0342607982456684 0.0410239994525909 0.0514563992619514 0.0498346015810966 0.0447332002222538 0.0341065004467964 0.0246312990784645 0.0279463995248079 0.0248751007020473 0.0305335000157356 0.048285499215126 0.0573243983089924 0.0348620004951954 0.0455067008733749 0.0691402032971382 0.0585637018084526 0.0628745034337044 0.0657993033528328 0.0463869012892246 0.0335240997374058 0.0298480000346899 0.0356085002422333 0.039301298558712 0.0326276011765003 0.0307490006089211 0.0319374017417431
0.115872003138065 0.112626999616623 0.124461002647877 0.14096799492836 0.156268998980522 0.162774994969368 0.152216002345085 0.141733005642891 0.1424860060215 0.139667004346848 0.133730992674828 0.123704999685287 0.116089999675751 0.102104000747204 0.0758379027247429 0.0438401997089386 0.0386511981487274 0.0580530986189842 0.0610028989613056 0.0493564009666443 0.0280419997870922 0.0192064996808767 0.00982408970594406 0.0110526001080871 0.0175257008522749 0.0269990991801023 0.0469283014535904 0.050612099468708 0.036600898951292 0.0394507013261318 0.033576600253582 0.0374877005815506 0.0357039012014866 0.0310786999762058 0.0256508998572826 0.0334631986916065 0.0464680008590221 0.0375448986887932 0.0516149997711182 0.0494794994592667 0.0368250012397766 0.0439479015767574 0.0599114000797272 0.0628943964838982 0.0457051992416382 0.0334055982530117 0.0277191996574402 0.0281444005668163 0.0287539009004831 0.021272599697113 0.0208056997507811
0.101747997105122 0.104547001421452 0.115018002688885 0.136365994811058 0.150921002030373 0.153477996587753 0.158961996436119 0.128411993384361 0.134516999125481 0.143239006400108 0.129984006285667 0.100979998707771 0.0824457034468651 0.0874433964490891 0.0806486010551453 0.0677449032664299 0.0365942008793354 0.0307186003774405 0.0318720005452633 0.0263865999877453 0.013994500041008 0.0157564003020525 0.0133571000769734 0.0140682002529502 0.0232816003262997 0.0442266017198563 0.0616532005369663 0.0283586997538805 0.019896300509572 0.0262499004602432 0.039970401674509 0.0479319989681244 0.0468982011079788 0.0397747009992599 0.0357949994504452 0.02859259955585 0.0290028005838394 0.0319908000528812 0.032718300819397 0.0282096993178129 0.0231081005185843 0.030629500746727 0.041991401463747 0.0567998997867107 0.0559206008911133 0.0408893004059792 0.0262094996869564 0.0196890998631716 0.0169061999768019 0.0182549003511667 0.0155424997210503
0.0752270966768265 0.0846669971942902 0.0934396013617516 0.133738994598389 0.166510999202728 0.155579000711441 0.140716999769211 0.133030995726585 0.105457998812199 0.119755998253822 0.11081700026989 0.0974278971552849 0.0646130964159966 0.0481777004897594 0.0581870004534721 0.0641354992985725 0.0444596000015736 0.02839669957757 0.0237965993583202 0.019955100491643 0.0166938006877899 0.0245232004672289 0.0312108993530273 0.0269057005643845 0.0337059982120991 0.0677914991974831 0.0759095996618271 0.0345215015113354 0.0259888004511595 0.0336574986577034 0.0375776998698711 0.0519245006144047 0.0533647984266281 0.0496111996471882 0.0443958006799221 0.0339884981513023 0.0213556997478008 0.0212615001946688 0.0221584998071194 0.017637999728322 0.0210465993732214 0.0328648015856743 0.0403021983802319 0.0472977012395859 0.0526539012789726 0.0483984015882015 0.0393126010894775 0.0282643008977175 0.0181684996932745 0.013090199790895 0.0133897000923753
0.0426237992942333 0.051918800920248 0.064538300037384 0.0970128998160362 0.13238300383091 0.152784004807472 0.112851999700069 0.100017003715038 0.106112003326416 0.0874636024236679 0.0946187973022461 0.0872012004256248 0.0722566023468971 0.0637501999735832 0.0611182004213333 0.0772183984518051 0.0737562030553818 0.0506373010575771 0.0381181985139847 0.030452499166131 0.0340382009744644 0.0438892990350723 0.0555351004004478 0.0588425993919373 0.0588845014572144 0.0790776014328003 0.0832222029566765 0.0626680999994278 0.0577468015253544 0.06025680154562 0.0386870987713337 0.0418251007795334 0.0569835007190704 0.0509619005024433 0.0396548993885517 0.0293829999864101 0.0203415993601084 0.0201887991279364 0.0189024992287159 0.0171169992536306 0.0166028998792171 0.0199168995022774 0.0275606997311115 0.033993799239397 0.0404133982956409 0.0348986014723778 0.0342807993292809 0.031615499407053 0.0253202002495527 0.0164889991283417 0.0131162004545331
0.0554339997470379 0.0574082992970943 0.0977931991219521 0.121788002550602 0.143034994602203 0.143367007374763 0.0960972979664803 0.0673691034317017 0.0732394009828568 0.0742442011833191 0.0590492002665997 0.0580646991729736 0.0709775015711784 0.0901760011911392 0.0903176963329315 0.0969251990318298 0.0831940025091171 0.0603854991495609 0.0501721017062664 0.0454977005720139 0.0488179996609688 0.0621061995625496 0.0755098015069962 0.085963599383831 0.0894576013088226 0.0929011031985283 0.0942784994840622 0.0895600989460945 0.0823725983500481 0.0569908991456032 0.0429414995014668 0.0426221005618572 0.0570621006190777 0.040090300142765 0.0264794994145632 0.0216649994254112 0.0219539999961853 0.0158110000193119 0.0123298997059464 0.0125081995502114 0.0124008003622293 0.0115109998732805 0.0133618004620075 0.0181508995592594 0.024737199768424 0.0211389996111393 0.0231807008385658 0.0199510995298624 0.0139790000393987 0.0114709995687008 0.0104700997471809
0.0783329010009766 0.0631456971168518 0.0927015021443367 0.116561003029346 0.150653004646301 0.103463999927044 0.0860269963741302 0.0572161003947258 0.0656104013323784 0.0574456006288528 0.0757595002651215 0.0802858993411064 0.0566038005053997 0.0899498984217644 0.106637999415398 0.0835205987095833 0.0675233975052834 0.0612833984196186 0.067952498793602 0.071894496679306 0.0755209028720856 0.0776605010032654 0.0879540964961052 0.0966991037130356 0.0998060032725334 0.0854374021291733 0.0678450018167496 0.0720051974058151 0.0770301967859268 0.0732147023081779 0.0666787996888161 0.0659207999706268 0.0566837005317211 0.0360695011913776 0.0220679994672537 0.0268451999872923 0.0239928998053074 0.0186887998133898 0.0121823996305466 0.0120652001351118 0.0119116995483637 0.00896987039595842 0.00964873004704714 0.0128851002082229 0.0183830000460148 0.0202664993703365 0.016797399148345 0.0122402003034949 0.00753903994336724 0.0070997797884047 0.00908640958368778
0.101421996951103 0.0720243006944656 0.112742997705936 0.161064997315407 0.123415999114513 0.0798721984028816 0.0567050017416477 0.0840665996074677 0.10775700211525 0.0792910978198051 0.0935361012816429 0.0814782977104187 0.0743694007396698 0.0885742977261543 0.101429000496864 0.0821560025215149 0.0700787976384163 0.0785301998257637 0.0861181020736694 0.0915186032652855 0.0852823033928871 0.100661002099514 0.104714997112751 0.0926875993609428 0.0741851031780243 0.0574114993214607 0.0443855002522469 0.061183899641037 0.049762200564146 0.0459710992872715 0.0633502975106239 0.064503401517868 0.0459342002868652 0.032820601016283 0.0263448003679514 0.0309577006846666 0.0243341997265816 0.0194754004478455 0.0123439002782106 0.0151108000427485 0.0175535995513201 0.0128466999158263 0.0128968004137278 0.0184765998274088 0.0208631008863449 0.022902499884367 0.0187507998198271 0.0140140000730753 0.0108121000230312 0.00885121989995241 0.0128244003280997
0.113771997392178 0.0888910964131355 0.109743997454643 0.158417001366615 0.131513997912407 0.0879490971565247 0.0704061016440392 0.127856999635696 0.150082007050514 0.11081700026989 0.122617997229099 0.110927000641823 0.098014697432518 0.114390999078751 0.115934997797012 0.0804174989461899 0.0690746977925301 0.0953022986650467 0.0874039977788925 0.102527000010014 0.106861002743244 0.107891000807285 0.0913121998310089 0.0640453994274139 0.0478066988289356 0.0346999987959862 0.0394631996750832 0.0489539988338947 0.0391167998313904 0.0324755981564522 0.0510636009275913 0.0485505014657974 0.0295333992689848 0.0263992007821798 0.0330071002244949 0.0306940004229546 0.0199676994234324 0.0160905998200178 0.0122248996049166 0.014160200022161 0.0203023999929428 0.0188117995858192 0.0137411002069712 0.0185678005218506 0.0284195002168417 0.0232555996626616 0.0194410998374224 0.0165200997143984 0.0136446999385953 0.012185400351882 0.0154381999745965
0.141589999198914 0.131761997938156 0.12636199593544 0.152408003807068 0.164986997842789 0.112048998475075 0.115698002278805 0.154419004917145 0.106554001569748 0.122547999024391 0.121526002883911 0.129984006285667 0.126901999115944 0.11735600233078 0.0898478031158447 0.0838823020458221 0.0813542008399963 0.113967999815941 0.108420997858047 0.104575999081135 0.0887454971671104 0.0746053978800774 0.0751101970672607 0.0631968006491661 0.0557897016406059 0.0327791012823582 0.0390136018395424 0.0262480992823839 0.0254363995045424 0.0390604995191097 0.0518467985093594 0.0450403988361359 0.0319124013185501 0.0367157012224197 0.0279658995568752 0.0299986992031336 0.0277779009193182 0.0165302995592356 0.00945128966122866 0.0127411996945739 0.0186969991773367 0.0239407997578382 0.0192996002733707 0.0205371994525194 0.0281805992126465 0.0310520995408297 0.0223450995981693 0.0190712995827198 0.0198756996542215 0.0205204002559185 0.0194329004734755
0.160421997308731 0.158775001764297 0.164098992943764 0.179912999272346 0.173081994056702 0.158831998705864 0.160429999232292 0.134792998433113 0.106876999139786 0.104511000216007 0.0975190997123718 0.125603005290031 0.136172994971275 0.112700998783112 0.106992997229099 0.113949000835419 0.0879053995013237 0.111518003046513 0.0837016999721527 0.0764150023460388 0.0484086982905865 0.0457365997135639 0.0521311014890671 0.0394550003111362 0.0458795018494129 0.0365715995430946 0.0283496007323265 0.0228633005172014 0.0214747004210949 0.0332869999110699 0.0461293011903763 0.0517797991633415 0.0467236004769802 0.0366020016372204 0.0216182991862297 0.0192154999822378 0.0244249999523163 0.015641400590539 0.00998989958316088 0.0151041001081467 0.0201517008244991 0.026918800547719 0.0221395995467901 0.0191137995570898 0.025220500305295 0.0346830002963543 0.0287826005369425 0.0263470001518726 0.0258246008306742 0.024006899446249 0.0227368008345366
0.169310003519058 0.170166999101639 0.17119500041008 0.183223992586136 0.168221995234489 0.165246993303299 0.15217199921608 0.126132994890213 0.0929739028215408 0.0671634003520012 0.0639332979917526 0.0780939981341362 0.0973457023501396 0.121143996715546 0.122772000730038 0.110744997859001 0.116541996598244 0.109347999095917 0.0762249007821083 0.0662572979927063 0.0499796010553837 0.0332374982535839 0.02637580037117 0.0255590006709099 0.0267715994268656 0.0226675998419523 0.0182892996817827 0.016839200630784 0.0170284006744623 0.0227112993597984 0.0340474992990494 0.0432768985629082 0.0384350009262562 0.0259643997997046 0.0159526001662016 0.0176449008285999 0.0215198006480932 0.0167226996272802 0.0137125002220273 0.0107244998216629 0.0165014006197453 0.0249843001365662 0.0307938996702433 0.031657200306654 0.0322425998747349 0.0348303988575935 0.0304410997778177 0.0216092001646757 0.0193066000938416 0.0163541007786989 0.0185644999146461
0.1771370023489 0.177521005272865 0.182359993457794 0.179837003350258 0.170709997415543 0.15378999710083 0.117377996444702 0.0884215012192726 0.0631183981895447 0.053915198892355 0.0418698005378246 0.0529309995472431 0.0564229004085064 0.0629580989480019 0.0645499005913734 0.0745118036866188 0.090998001396656 0.109056003391743 0.102399997413158 0.0784837976098061 0.0545933991670609 0.0344718992710114 0.0286352001130581 0.0256463997066021 0.0246465001255274 0.0268265008926392 0.0216764006763697 0.0164107996970415 0.0197273008525372 0.0211891997605562 0.0235520992428064 0.0291540995240211 0.0250259004533291 0.0165026001632214 0.0147869996726513 0.0157049000263214 0.018588000908494 0.0145151000469923 0.0128830997273326 0.0138851003721356 0.0170475002378225 0.0259686000645161 0.0276564005762339 0.0293607003986835 0.0392379015684128 0.0334286987781525 0.0243146996945143 0.0147631000727415 0.0129260001704097 0.00976496003568172 0.0118444999679923
0.185133993625641 0.186413004994392 0.19038400053978 0.177880004048347 0.167873993515968 0.155055001378059 0.116164997220039 0.0835409983992577 0.0634066015481949 0.0669460967183113 0.0601948983967304 0.0659326016902924 0.0626979023218155 0.053558100014925 0.0469552986323833 0.0491007007658482 0.0572171993553638 0.0675138011574745 0.0723754987120628 0.0635365024209023 0.0529137998819351 0.0410519987344742 0.0417618006467819 0.036854799836874 0.0329206995666027 0.0353414006531239 0.0329677984118462 0.0243037007749081 0.0275458991527557 0.022562300786376 0.0196829997003078 0.0183326005935669 0.0152876004576683 0.0177586004137993 0.0178277995437384 0.0125139001756907 0.0148930996656418 0.013150000013411 0.0137932002544403 0.0165682006627321 0.0206336993724108 0.0217515006661415 0.0228102002292871 0.0375231988728046 0.0411143004894257 0.0258675999939442 0.0174917001277208 0.0124577004462481 0.00955958012491465 0.0107102002948523 0.00940437987446785
0.190397992730141 0.187589004635811 0.181004002690315 0.171983003616333 0.158572003245354 0.133070006966591 0.128763005137444 0.10860899835825 0.0838828012347221 0.0814251974225044 0.0854943990707397 0.0837498009204865 0.0790385007858276 0.076182097196579 0.0684693977236748 0.0694878995418549 0.0566703006625175 0.0536612011492252 0.0643137022852898 0.0732003971934319 0.0635500028729439 0.0551344007253647 0.0469788014888763 0.0437951013445854 0.0429335981607437 0.0420891009271145 0.0396781004965305 0.033525999635458 0.0368934012949467 0.034919299185276 0.027487900108099 0.0242129992693663 0.0196212008595467 0.0233839992433786 0.0177448000758886 0.0144458999857306 0.0119049996137619 0.013115799985826 0.0155923003330827 0.0193198006600142 0.013735200278461 0.0161412991583347 0.0189056992530823 0.0303453002125025 0.0428191013634205 0.0278580002486706 0.022937199100852 0.0207521002739668 0.0145571995526552 0.0188843999058008 0.00992474984377623
0.175114005804062 0.172670006752014 0.166393995285034 0.161410003900528 0.152242004871368 0.128306999802589 0.118878997862339 0.108369000256062 0.097562201321125 0.0908256024122238 0.104599997401237 0.0977972000837326 0.0952436029911041 0.088665597140789 0.0872132033109665 0.0864769965410233 0.0721642971038818 0.0835852026939392 0.0774699971079826 0.083940401673317 0.0708198994398117 0.049048900604248 0.0434379987418652 0.0469480007886887 0.0479540005326271 0.0474491007626057 0.0471427999436855 0.04106530174613 0.0365401990711689 0.0433399006724358 0.0450986996293068 0.0328238010406494 0.0395939014852047 0.0346156992018223 0.0333082005381584 0.0192137993872166 0.015973599627614 0.0163566991686821 0.0203284993767738 0.0272103007882833 0.0158891994506121 0.0190024003386497 0.0246610008180141 0.0316805988550186 0.0461833998560905 0.0387232005596161 0.0352431014180183 0.0248290002346039 0.0216179005801678 0.0204943995922804 0.0148326000198722
0.166135996580124 0.155659005045891 0.127919003367424 0.132033005356789 0.142795994877815 0.142707005143166 0.144153997302055 0.140474006533623 0.131634995341301 0.122951000928879 0.122404001653194 0.115541003644466 0.111114002764225 0.11150199919939 0.108723998069763 0.0974081009626389 0.0906921997666359 0.0764802023768425 0.0726073980331421 0.0561169013381004 0.04279800131917 0.0348854996263981 0.0365305989980698 0.0434155017137527 0.0495444014668465 0.0372149981558323 0.0343962013721466 0.0294745992869139 0.0346595011651516 0.0387325994670391 0.0408933013677597 0.0473041012883186 0.0491189993917942 0.0528617016971111 0.0477017983794212 0.0390655994415283 0.0322990007698536 0.0199522003531456 0.0218809992074966 0.0356362983584404 0.0250822007656097 0.0171006005257368 0.0221532005816698 0.0299823004752398 0.0485518015921116 0.0477472990751266 0.0326406992971897 0.0312111005187035 0.0272709000855684 0.0166368000209332 0.00963182002305984
0.167269006371498 0.146610006690025 0.145941004157066 0.147694006562233 0.151802003383636 0.150975003838539 0.132699996232986 0.100780002772808 0.116534002125263 0.12738299369812 0.124105997383595 0.113733001053333 0.100409001111984 0.0813978016376495 0.0753545016050339 0.0586734004318714 0.0507776997983456 0.0397077016532421 0.0522095002233982 0.0329497009515762 0.023275600746274 0.0170457009226084 0.0196933001279831 0.0346798002719879 0.0376897007226944 0.0193675998598337 0.0186295006424189 0.015518699772656 0.0156436990946531 0.024490499868989 0.031657699495554 0.0260749999433756 0.0269188992679119 0.0347843989729881 0.0387125983834267 0.0536436997354031 0.0546243004500866 0.0329952016472816 0.0260758996009827 0.0399529002606869 0.0244622994214296 0.0162473004311323 0.0212926007807255 0.0284363999962807 0.0453671999275684 0.0560057982802391 0.0459485985338688 0.0304732006043196 0.0200085006654263 0.012949800118804 0.0073668397963047
0.17102999985218 0.1598120033741 0.157714992761612 0.159593999385834 0.162119999527931 0.158015996217728 0.136675000190735 0.0746619999408722 0.0583591014146805 0.0676653012633324 0.0709284022450447 0.0628233999013901 0.0492421016097069 0.0658977031707764 0.0585311986505985 0.036115400493145 0.0261931996792555 0.0230192001909018 0.0340059995651245 0.0317501984536648 0.0233999006450176 0.0226493999361992 0.0335684008896351 0.0455204993486404 0.0455509983003139 0.0229001007974148 0.0307321008294821 0.0192159991711378 0.0117899999022484 0.0181157998740673 0.029144199565053 0.0262394994497299 0.0171981994062662 0.0217754002660513 0.022834999486804 0.0346583984792233 0.0506439991295338 0.062099501490593 0.0475472994148731 0.0459037013351917 0.0201629009097815 0.0175320003181696 0.023649400100112 0.0295171998441219 0.0384422987699509 0.0509257987141609 0.0618092007935047 0.0435898005962372 0.0248885992914438 0.0121758002787828 0.00951039046049118
0.172242000699043 0.171134993433952 0.171179994940758 0.166543006896973 0.159088000655174 0.151060000061989 0.141328006982803 0.111588001251221 0.0838219001889229 0.0653918981552124 0.072038397192955 0.0739187970757484 0.0709490031003952 0.0825107023119926 0.0630047023296356 0.0528939999639988 0.0446881987154484 0.0357598997652531 0.0262867007404566 0.0320230983197689 0.0380733013153076 0.0447319000959396 0.0463985987007618 0.0633452981710434 0.0545644983649254 0.0499508008360863 0.0483225993812084 0.0275912992656231 0.0206873994320631 0.026044599711895 0.030826399102807 0.0316568985581398 0.0143622998148203 0.0129616996273398 0.0133560998365283 0.0195755008608103 0.0290973000228405 0.0469392016530037 0.0635622963309288 0.0577417984604836 0.0349728986620903 0.020669799298048 0.0239249002188444 0.0309934001415968 0.0478615984320641 0.0637537017464638 0.0458611994981766 0.0317981988191605 0.019335700199008 0.0193694997578859 0.0137841003015637
0.181424006819725 0.173527002334595 0.165942996740341 0.16551299393177 0.16117100417614 0.152162000536919 0.144033998250961 0.123465999960899 0.119331002235413 0.10835400223732 0.107864998281002 0.0801749974489212 0.0840156003832817 0.0913596004247665 0.0730239003896713 0.0730628967285156 0.0633596032857895 0.0543492995202541 0.0524692013859749 0.0521792992949486 0.0606037005782127 0.0704090967774391 0.0800208002328873 0.0662012025713921 0.0495291985571384 0.0402332991361618 0.0336459018290043 0.0294023007154465 0.032294500619173 0.0362806990742683 0.0391848981380463 0.0352609008550644 0.0281338002532721 0.0275481007993221 0.0235946998000145 0.0142048997804523 0.0168846994638443 0.0258547998964787 0.0335877016186714 0.0466856993734837 0.0644550994038582 0.0527619011700153 0.0321884006261826 0.043707899749279 0.0622525997459888 0.0538964010775089 0.0324821993708611 0.0250888001173735 0.0255532991141081 0.0255977008491755 0.0146175995469093
0.185898005962372 0.181930005550385 0.174516007304192 0.161537006497383 0.147568002343178 0.145623996853828 0.152163997292519 0.14112700521946 0.137115001678467 0.132171005010605 0.125532999634743 0.115272998809814 0.117974996566772 0.115496002137661 0.110960997641087 0.107551001012325 0.0878709033131599 0.0742304995656013 0.0802761018276215 0.0687417015433311 0.0709062963724136 0.0920064002275467 0.0777565985918045 0.0724914968013763 0.0575346015393734 0.0438879989087582 0.025033600628376 0.0174620002508163 0.0269002001732588 0.0328388996422291 0.0417883992195129 0.040463000535965 0.0321353003382683 0.0265516005456448 0.0237287990748882 0.0213801003992558 0.0126524996012449 0.0129560995846987 0.0174545999616385 0.0215320996940136 0.0312700010836124 0.0523007996380329 0.0672525987029076 0.0759956017136574 0.0645352974534035 0.0575606003403664 0.0427079014480114 0.0407203994691372 0.0363063998520374 0.0313740000128746 0.0248403009027243
0.18342199921608 0.176956996321678 0.177167996764183 0.174035996198654 0.167395994067192 0.164111003279686 0.158427998423576 0.15072500705719 0.141703993082047 0.136607006192207 0.132976993918419 0.128804996609688 0.125741004943848 0.124692998826504 0.121963001787663 0.116729997098446 0.108543999493122 0.103032000362873 0.0961401015520096 0.0788547024130821 0.0830605998635292 0.0970800966024399 0.0789963975548744 0.0578312017023563 0.0387502983212471 0.0274263005703688 0.0160313993692398 0.0118894996121526 0.0156239001080394 0.0188212003558874 0.0342352017760277 0.0415012016892433 0.0309161003679037 0.0200907997786999 0.0149710001423955 0.0114676998928189 0.00939841009676456 0.0109337996691465 0.0129869002848864 0.0165557004511356 0.0196538995951414 0.029517000541091 0.0439449995756149 0.0767316967248917 0.0641781985759735 0.0437681004405022 0.0307474005967379 0.0302638001739979 0.027276499196887 0.0220631994307041 0.0186540000140667
