Nyctinomops_macrotis.asc
ncols  804
nrows  378
xllcorner  -74.6418056
yllcorner  17.2248604
cellsize 0.00833333370646766
NODATA_value  -9999
[rows 184 to 206 of 378, columns 306 to 356 of 804]
0.135076999664307 0.20049199461937 0.177843004465103 0.203825995326042 0.0793021023273468 0.0608387999236584 0.0257936995476484 0.00747173000127077 0.0010726599721238 0.0128913000226021 0.128607004880905 0.0215933006256819 0.0181939993053675 0.0270285997539759 0.0270116999745369 0.0298126991838217 0.102972999215126 0.190952003002167 0.181933999061584 0.160502001643181 0.193467006087303 0.200554996728897 0.150638997554779 0.13392199575901 0.15480999648571 0.131794005632401 0.148091003298759 0.10309000313282 0.130373999476433 0.127405002713203 0.145798996090889 0.165456995368004 0.161908999085426 0.196726992726326 0.139206007122993 0.140685006976128 0.18197500705719 0.131567001342773 0.137674003839493 0.103380002081394 0.0417332984507084 0.0163222998380661 0.0472030006349087 0.226398006081581 0.213815003633499 0.145533993840218 0.0701424032449722 0.0648979023098946 0.0680612996220589 0.0658766999840736 0.10758700221777
0.223023995757103 0.177845001220703 0.188152998685837 0.215074002742767 0.0561541989445686 0.0757187977433205 0.170534998178482 0.0835938006639481 0.0181530006229877 0.001673290040344 0.00222756993025541 0.0551265999674797 0.0504103004932404 0.0202441997826099 0.0252538993954659 0.0146209998056293 0.0279239993542433 0.151655003428459 0.143491998314857 0.174054995179176 0.208409994840622 0.191073000431061 0.226584002375603 0.202951997518539 0.184228003025055 0.183468997478485 0.171082004904747 0.042400199919939 0.0393404997885227 0.0881308019161224 0.0871874988079071 0.0729719996452332 0.0699936002492905 0.068348802626133 0.130985006690025 0.167850002646446 0.0611727014183998 0.0380288995802402 0.0593085996806622 0.0171089991927147 0.0143806003034115 0.0925334990024567 0.053795799612999 0.0971632972359657 0.0657851025462151 0.085183396935463 0.251724988222122 0.174658000469208 0.11421199887991 0.0529564991593361 0.0593421012163162
0.211472004652023 0.281264990568161 0.189262002706528 0.18741999566555 0.144981995224953 0.0428796000778675 0.050858598202467 0.17553399503231 0.0555718988180161 0.0603538006544113 0.00341238011606038 0.00207026000134647 0.0160562004894018 0.272006005048752 0.0357022993266582 0.0242829006165266 0.0158182997256517 0.0269894991070032 0.0257498994469643 0.0368055999279022 0.118061996996403 0.0838913023471832 0.0409023985266685 0.0214037001132965 0.0253937002271414 0.0151244001463056 0.0158281996846199 0.0157083999365568 0.0125775998458266 0.086065798997879 0.0125714000314474 0.00726723996922374 0.00770581979304552 0.0058463797904551 0.010406400077045 0.0104585001245141 0.00428581004962325 0.00650287000462413 0.0135770998895168 0.00951583031564951 0.0108275003731251 0.0107880001887679 0.0350576005876064 0.0354855991899967 0.0411064997315407 0.147138997912407 0.141513004899025 0.175268992781639 0.191668003797531 0.199653998017311 0.0589495003223419
0.270408987998962 0.207494005560875 0.291242003440857 0.205621004104614 0.217499002814293 0.159271001815796 0.0401807986199856 0.0465057007968426 0.0863484963774681 0.0597263015806675 0.0402944982051849 0.0102767003700137 0.0047365901991725 0.0422418005764484 0.0265056006610394 0.0244171991944313 0.0768672972917557 0.0688093975186348 0.0632764995098114 0.0210579000413418 0.0540609993040562 0.00998951029032469 0.00462904991582036 0.00485941022634506 0.00616692006587982 0.0150440996512771 0.104640997946262 0.0586948990821838 0.0250161997973919 0.126888006925583 0.00848367996513844 0.0151818003505468 0.00802620965987444 0.00667594978585839 0.00599280977621675 0.00315770995803177 0.00945654977113008 0.0128800999373198 0.0200289990752935 0.050576601177454 0.1268620043993 0.0333448015153408 0.0388147011399269 0.0418247990310192 0.0188913997262716 0.0162473991513252 0.0901295989751816 0.106339000165462 0.0417528003454208 0.11582600325346 0.15039399266243
0.29135999083519 0.242882996797562 0.222029998898506 0.296656012535095 0.207647994160652 0.227337002754211 0.256406009197235 0.0671121999621391 0.125314995646477 0.0441127009689808 0.115812003612518 0.0559307001531124 0.0107057997956872 0.00713879987597466 0.0198257006704807 0.0186023004353046 0.133116006851196 0.033390898257494 0.0302856992930174 0.0504523999989033 0.0166855994611979 0.0023595099337399 0.0038481499068439 0.0133114997297525 0.0156138995662332 0.0127389002591372 0.195602998137474 0.0380301997065544 0.02035460062325 0.0705026015639305 0.0134458998218179 0.0218909997493029 0.038612499833107 0.057176798582077 0.0368104986846447 0.0242731999605894 0.0583792999386787 0.0509231984615326 0.0435766987502575 0.0654471963644028 0.0778343975543976 0.067337803542614 0.0601755008101463 0.0816700011491776 0.154842004179955 0.0798496007919312 0.0510433986783028 0.078015998005867 0.0288325995206833 0.00921254977583885 0.00890311039984226
0.255737006664276 0.248330995440483 0.28999400138855 0.287923008203506 0.208060994744301 0.194289997220039 0.235042005777359 0.261413991451263 0.196930006146431 0.136851996183395 0.153071001172066 0.101777002215385 0.0764375999569893 0.0142748998478055 0.0439985990524292 0.12050399929285 0.049533199518919 0.00599037995561957 0.0050688199698925 0.0102947996929288 0.00458770990371704 0.00629153987392783 0.0738776996731758 0.148195996880531 0.0692984014749527 0.00768713979050517 0.0476574003696442 0.0319427996873856 0.067452497780323 0.0295237004756927 0.0371083989739418 0.0116521995514631 0.0361037999391556 0.104323998093605 0.0682047978043556 0.119350999593735 0.127928003668785 0.0680456012487411 0.0482367016375065 0.0288922991603613 0.028074299916625 0.0368084013462067 0.037007998675108 0.0690341964364052 0.0853481963276863 0.137253001332283 0.0929113030433655 0.133447006344795 0.153889000415802 0.104356996715069 0.0321189016103745
0.223483994603157 0.255070000886917 0.221664994955063 0.224485993385315 0.252276003360748 0.203637003898621 0.225621998310089 0.226888999342918 0.104345999658108 0.112644001841545 0.183535993099213 0.123797997832298 0.268869996070862 0.147098004817963 0.104169003665447 0.0595090985298157 0.0067993002012372 0.00488041993230581 0.00453655980527401 0.0236852001398802 0.0418488010764122 0.16779400408268 0.0924282968044281 0.118422001600266 0.103416003286839 0.0225761998444796 0.00448505999520421 0.0129509996622801 0.0233823005110025 0.0151289002969861 0.0310619994997978 0.0153921004384756 0.0131492000073195 0.0391267985105515 0.0523668006062508 0.0813307017087936 0.0868612006306648 0.0447805002331734 0.0317750014364719 0.0238467007875443 0.0202265996485949 0.0222111996263266 0.0185726992785931 0.0493220016360283 0.0638030990958214 0.0471081994473934 0.0688477009534836 0.0792967975139618 0.106902003288269 0.118352003395557 0.078616701066494
0.220253005623817 0.215895995497704 0.255151003599167 0.203658998012543 0.2829410135746 0.221300005912781 0.253122985363007 0.108381003141403 0.055969599634409 0.0380493998527527 0.0233110003173351 0.0158149991184473 0.0222823992371559 0.0256088003516197 0.0524717010557652 0.0159742999821901 0.0134937996044755 0.0253347996622324 0.0248166993260384 0.0132675003260374 0.0494926013052464 0.100805997848511 0.0793853998184204 0.10478799790144 0.0645741969347 0.0266222003847361 0.0226822998374701 0.0404447987675667 0.0146094001829624 0.0029648900963366 0.0041526798158884 0.0130257997661829 0.00934391003102064 0.0154921002686024 0.0811259001493454 0.0380306988954544 0.0595347993075848 0.0433884002268314 0.0533686988055706 0.0350359007716179 0.031038099899888 0.0213907994329929 0.0199206992983818 0.0203844998031855 0.0505569986999035 0.0268111992627382 0.0266319997608662 0.0383865982294083 0.0557687990367413 0.0327674001455307 0.0447602011263371
0.207185000181198 0.147958993911743 0.232477992773056 0.172003000974655 0.205091997981071 0.195803001523018 0.228980004787445 0.0698928982019424 0.0372005999088287 0.0665161982178688 0.0623448006808758 0.167217999696732 0.00814929977059364 0.0053004901856184 0.00579801993444562 0.0227387007325888 0.0877623036503792 0.0171939991414547 0.0177103001624346 0.00936094019562006 0.0150100998580456 0.0256168004125357 0.0383794009685516 0.0186202991753817 0.069903202354908 0.0598659999668598 0.0509276017546654 0.0793280974030495 0.105682998895645 0.0941163003444672 0.102049000561237 0.0240682996809483 0.0524993017315865 0.0588353984057903 0.172324001789093 0.141740992665291 0.112475998699665 0.0290948990732431 0.0176180992275476 0.0157901998609304 0.023064099252224 0.0522389002144337 0.122464001178741 0.0393473990261555 0.0418329015374184 0.0396534018218517 0.0243053007870913 0.0192897003144026 0.0416663996875286 0.0890579968690872 0.0680638998746872
0.205186992883682 0.143130004405975 0.224151998758316 0.167905002832413 0.209499001502991 0.192570000886917 0.233569994568825 0.0711836963891983 0.0360390990972519 0.0614271014928818 0.0558559000492096 0.148242995142937 0.00690210005268455 0.00496775982901454 0.00583183020353317 0.0231934990733862 0.0938600972294807 0.0195436999201775 0.0195534005761147 0.00965700019150972 0.0158907994627953 0.0264663994312286 0.0380428992211819 0.02018460072577 0.0742456018924713 0.0632684007287025 0.0508829988539219 0.0759975016117096 0.108886003494263 0.105593003332615 0.12117899954319 0.0263937003910542 0.0550622008740902 0.0667842999100685 0.197876006364822 0.16117200255394 0.124673001468182 0.0333236008882523 0.0212859995663166 0.0185777992010117 0.0258137006312609 0.0563188008964062 0.120990000665188 0.0373147018253803 0.0402122996747494 0.0379309989511967 0.0235501993447542 0.0203179009258747 0.0457281991839409 0.096145398914814 0.0669094994664192
0.208480000495911 0.156094998121262 0.203197002410889 0.155395999550819 0.116538003087044 0.133573994040489 0.193710997700691 0.18435400724411 0.0814443975687027 0.0615306012332439 0.0370059013366699 0.00885333027690649 0.0125877996906638 0.0218797996640205 0.00759787997230887 0.00308933993801475 0.00904680043458939 0.020830700173974 0.0212063007056713 0.0186784006655216 0.0151977995410562 0.0134714003652334 0.0361264012753963 0.0137721002101898 0.00826003961265087 0.00898631010204554 0.011166799813509 0.00825442001223564 0.00912026036530733 0.00922160036861897 0.0227483995258808 0.010826800018549 0.0474111996591091 0.020116500556469 0.0359596982598305 0.0234597995877266 0.0245214998722076 0.00825722981244326 0.00716214021667838 0.006256939843297 0.00576569978147745 0.00896640960127115 0.00868767034262419 0.0391287989914417 0.212593004107475 0.191104993224144 0.15701699256897 0.0450976006686687 0.093546099960804 0.26077601313591 0.16236799955368
0.178802996873856 0.176434993743896 0.0943455025553703 0.0744806975126266 0.062736302614212 0.0904399007558823 0.0662946030497551 0.172489002346992 0.154652997851372 0.180946007370949 0.0652529001235962 0.0195930004119873 0.0075159901753068 0.0177475996315479 0.08559550344944 0.0231411997228861 0.00537502020597458 0.00160780001897365 0.00168536999262869 0.00201737997122109 0.00383561989292502 0.0895254015922546 0.081573098897934 0.108768001198769 0.0425388999283314 0.0120185995474458 0.00458635995164514 0.00476583978161216 0.00271544000133872 0.00414096005260944 0.0079083601012826 0.00773699022829533 0.00506087020039558 0.0123784001916647 0.0127668995410204 0.0115860002115369 0.0253033991903067 0.0675366967916489 0.0533341988921165 0.0347503013908863 0.0129946004599333 0.014797099865973 0.0266328994184732 0.0132401995360851 0.0542223006486893 0.0141997002065182 0.0175665002316236 0.0113690998405218 0.0134704001247883 0.0343183018267155 0.0658966973423958
0.101401999592781 0.0529938004910946 0.00751071982085705 0.00369521998800337 0.00712449010461569 0.0521028004586697 0.0646357983350754 0.0785617008805275 0.13485099375248 0.0632421001791954 0.0324698984622955 0.0837311968207359 0.0324058011174202 0.0107447998598218 0.0107832001522183 0.0128731997683644 0.107945002615452 0.0427175015211105 0.0441005006432533 0.020499000325799 0.0003599560004659 0.000282077991869301 0.00186274002771825 0.0278619006276131 0.0222113002091646 0.0499541983008385 0.104546003043652 0.212099000811577 0.106122002005577 0.0637658983469009 0.0427252985537052 0.0949589982628822 0.0310245994478464 0.0137889999896288 0.0112424995750189 0.0253746006637812 0.0204980000853539 0.0424120984971523 0.115558996796608 0.0501113012433052 0.118840999901295 0.0186422001570463 0.0256145000457764 0.0327108986675739 0.0152121996507049 0.0705844983458519 0.0643550008535385 0.0582594983279705 0.0272956006228924 0.0169996991753578 0.0415102988481522
0.0196125991642475 0.00238098995760083 0.00105455995071679 0.00357583002187312 0.00337784993462265 0.00227169995196164 0.0154155995696783 0.05130660161376 0.0747378990054131 0.0429557003080845 0.0714877992868423 0.0614605993032455 0.0410039983689785 0.0356803983449936 0.0171036999672651 0.00693339994177222 0.00181955995503813 0.00954682007431984 0.00895056966692209 0.0452081002295017 0.087846003472805 0.00379405007697642 0.000494494976010174 0.000380934012355283 0.00144928996451199 0.00421825004741549 0.0031563900411129 0.0178756006062031 0.00704779010266066 0.00688001001253724 0.0162528995424509 0.0292844008654356 0.0609183982014656 0.0807207003235817 0.119631998240948 0.052803598344326 0.0221037995070219 0.0135931000113487 0.0108538996428251 0.0366693995893002 0.0122026996687055 0.0524145998060703 0.0388709008693695 0.0404158011078835 0.0321382991969585 0.0671672970056534 0.0653612986207008 0.0604531988501549 0.057694099843502 0.0259319003671408 0.0321854986250401
0.00797566957771778 0.00414839014410973 0.0330229997634888 0.103619001805782 0.0561792999505997 0.00192770001012832 0.00151733995880932 0.00385109009221196 0.0252160001546144 0.010950299911201 0.00245258002541959 0.00282342010177672 0.00310295005328953 0.00753017002716661 0.0614111982285976 0.176806002855301 0.0215911995619535 0.00455320021137595 0.00410524010658264 0.00300070992670953 0.00686406996101141 0.00686232978478074 0.03238819912076 0.0187116004526615 0.00413563987240195 0.00200981996022165 0.00148756999988109 0.00150572997517884 0.0035146800801158 0.00475346995517612 0.00428029987961054 0.00388788990676403 0.00789370015263557 0.0173451993614435 0.0231844000518322 0.0199155993759632 0.0474780984222889 0.169319003820419 0.115907996892929 0.0899745002388954 0.0312601998448372 0.0267075002193451 0.128885999321938 0.0493098013103008 0.126075997948647 0.143249005079269 0.0751103982329369 0.0489409007132053 0.0866767019033432 0.056912500411272 0.0221072006970644
0.0755892023444176 0.051468301564455 0.0612520985305309 0.0649574995040894 0.0245347991585732 0.0821392983198166 0.0191884003579617 0.00790272001177073 0.0319216996431351 0.017086299136281 0.0218433998525143 0.0293678008019924 0.0518877990543842 0.00394400022923946 0.00221759988926351 0.00814323034137487 0.0309491995722055 0.100665003061295 0.0879691988229752 0.145825996994972 0.0263238996267319 0.00934061035513878 0.00455563981086016 0.0124254003167152 0.0221852995455265 0.01988760009408 0.0146847004070878 0.00715004978701472 0.00432570977136493 0.0055227498523891 0.00254024006426334 0.00241400999948382 0.000921725993975997 0.0017687400104478 0.0170891005545855 0.00970377027988434 0.00385517999529839 0.00431639002636075 0.0134410001337528 0.00953975040465593 0.00433168979361653 0.00902307033538818 0.0348722003400326 0.0224386993795633 0.0341813005506992 0.0529363006353378 0.122227996587753 0.139555007219315 0.154378995299339 0.165957003831863 0.200305998325348
0.0820673033595085 0.0291558001190424 0.0188338998705149 0.0235431008040905 0.0338345989584923 0.000598028011154383 0.00516314990818501 0.217481002211571 0.102118998765945 0.0682353004813194 0.0144156003370881 0.0659625977277756 0.107064001262188 0.0646810010075569 0.0224383007735014 0.00389141007326543 0.00784160010516644 0.100165002048016 0.092759296298027 0.0300917997956276 0.0999756008386612 0.057965200394392 0.0556170009076595 0.0046017998829484 0.00528640020638704 0.0211014002561569 0.0176069997251034 0.0397573001682758 0.0205979999154806 0.116586998105049 0.0216476004570723 0.00553967012092471 0.00190369004849344 0.00047337100841105 0.00154854997526854 0.00443938001990318 0.00164300005417317 0.00345034990459681 0.0170830003917217 0.016109699383378 0.00938887987285852 0.0259872004389763 0.0638552010059357 0.0787082985043526 0.0373427011072636 0.127766996622086 0.0684171989560127 0.0308308005332947 0.026290699839592 0.0496396012604237 0.0461673997342587
0.025050500407815 0.0403151996433735 0.0177583005279303 0.00124588003382087 0.000652196002192795 0.00942013040184975 0.0125227002426982 0.0333115011453629 0.0464458018541336 0.0373919010162354 0.0738041996955872 0.0258258003741503 0.0323853008449078 0.0277468003332615 0.0715975984930992 0.0590992011129856 0.0054349098354578 0.00307218008674681 0.00311546004377306 0.0601952001452446 0.0202728994190693 0.0504130981862545 0.086844302713871 0.0500563010573387 0.0180814992636442 0.0120799001306295 0.0323879010975361 0.101129002869129 0.0309859998524189 0.00555595010519028 0.00243573007173836 0.00606440985575318 0.0233222004026175 0.00373143004253507 0.00154351000674069 0.0015854500234127 0.0162824001163244 0.00447480985894799 0.00197858992032707 0.0111528998240829 0.00586479995399714 0.00503476010635495 0.00233242008835077 0.00445978017523885 0.00903956964612007 0.0146634001284838 0.0310433991253376 0.0185838993638754 0.0555065982043743 0.0477805994451046 0.0403742007911205
0.0570979006588459 0.00896511971950531 0.00147828995250165 0.00494414009153843 0.0125003000721335 0.00818478036671877 0.0154146002605557 0.157429993152618 0.0725131034851074 0.0746107995510101 0.0405086018145084 0.0759520977735519 0.0592587999999523 0.0856577977538109 0.0453196987509727 0.0484512001276016 0.0436406992375851 0.0313269011676311 0.0319112986326218 0.00669996021315455 0.00679617002606392 0.102906003594398 0.121890000998974 0.0942523032426834 0.0509099997580051 0.024142699316144 0.020847000181675 0.125072002410889 0.0876026973128319 0.0167995002120733 0.0554595999419689 0.00815374031662941 0.00104829994961619 0.0123148001730442 0.0069611300714314 0.0272755995392799 0.0612471997737885 0.0249515995383263 0.00694207008928061 0.0115312002599239 0.0113843996077776 0.00136720004957169 0.00114469998516142 0.00120778998825699 0.000301563006360084 0.000454475986771286 0.000609976006671786 0.00234460993669927 0.00665865000337362 0.00281054992228746 0.00183459999971092
0.0085411798208952 0.0118925999850035 0.0232833996415138 0.132890999317169 0.0138117000460625 0.011956499889493 0.0245094001293182 0.0472288988530636 0.126350998878479 0.0966126024723053 0.099209301173687 0.0703494995832443 0.0768712013959885 0.0866566970944405 0.095585897564888 0.157294005155563 0.14190000295639 0.0333377011120319 0.0344885997474194 0.0516543015837669 0.0693209022283554 0.00826823990792036 0.0225230008363724 0.013544199988246 0.0878186002373695 0.161413997411728 0.0336968004703522 0.0115077998489141 0.0198816005140543 0.00486346008256078 0.0297474004328251 0.0332708992063999 0.0129840997979045 0.0504612997174263 0.0036275100428611 0.000876381003763527 0.00100424000993371 0.0240295995026827 0.028965700417757 0.0475180000066757 0.0753298997879028 0.0281050000339746 0.0528162010014057 0.0441134013235569 0.0029460999649018 0.00103209004737437 0.000551326025743037 0.00077966001117602 0.000698085990734398 0.00178756995592266 0.00460444018244743
0.025391599163413 0.0258025992661715 0.0719714984297752 0.0847759023308754 0.030239000916481 0.00653012003749609 0.00994761008769274 0.0102551998570561 0.0608796998858452 0.116438001394272 0.0982289984822273 0.135721996426582 0.0901886001229286 0.168913006782532 0.128913000226021 0.0434198006987572 0.10555300116539 0.149468004703522 0.152144998311996 0.08595310151577 0.0392155982553959 0.172850996255875 0.206149995326996 0.0511575005948544 0.0246165990829468 0.0260586999356747 0.032839298248291 0.066840797662735 0.0151767004281282 0.0123316003009677 0.00833959970623255 0.0175050999969244 0.0155648998916149 0.0280264001339674 0.0305463001132011 0.0462979003787041 0.00367028010077775 0.00240377988666296 0.0048443297855556 0.0208528991788626 0.0395767018198967 0.0370081998407841 0.0371151007711887 0.0645722970366478 0.0778708979487419 0.0594523996114731 0.0803045034408569 0.0263292007148266 0.0063328598625958 0.0182715002447367 0.0788287967443466
0.0969714000821114 0.0675859004259109 0.0851467028260231 0.0571750998497009 0.0303194001317024 0.0126211997121572 0.00882177986204624 0.0112455999478698 0.00866058003157377 0.0483174994587898 0.141708999872208 0.124652996659279 0.0753775015473366 0.133052006363869 0.17952199280262 0.101908996701241 0.114460997283459 0.0583585016429424 0.0544853992760181 0.0382422991096973 0.0655862018465996 0.0690881982445717 0.0841784030199051 0.129991993308067 0.108741998672485 0.0806109979748726 0.0360831990838051 0.0252825003117323 0.0430134981870651 0.0695805996656418 0.10283400118351 0.0746022015810013 0.0390830002725124 0.10096900165081 0.0227627996355295 0.0182166006416082 0.0350456982851028 0.00531243020668626 0.00901015009731054 0.00249577988870442 0.00352677004411817 0.00176222994923592 0.00483640981838107 0.00625705998390913 0.0206521991640329 0.0293332003057003 0.0300293006002903 0.0256351996213198 0.050620898604393 0.0392711982131004 0.0409611016511917
0.172971993684769 0.231346994638443 0.175457000732422 0.140230000019073 0.0514527000486851 0.0410812012851238 0.00481258006766438 0.00659410981461406 0.00790349021553993 0.0208008997142315 0.0206388998776674 0.18452300131321 0.149799004197121 0.145339995622635 0.0482350997626781 0.110036000609398 0.00861024018377066 0.0124327000230551 0.0121440002694726 0.0397298000752926 0.0286945998668671 0.0777228996157646 0.14716400206089 0.0478306002914906 0.182705000042915 0.148053005337715 0.256585985422134 0.0234561003744602 0.0215355008840561 0.133347004652023 0.0569089986383915 0.105681002140045 0.0664756968617439 0.00762810977175832 0.0123618002980947 0.00184270995669067 0.00238940003328025 0.00716920010745525 0.00876706000417471 0.0017880400409922 0.0013811900280416 0.000755467975977808 0.00350185995921493 0.0057448698207736 0.0105520999059081 0.0219270996749401 0.0270865000784397 0.0141915995627642 0.00858093984425068 0.0120086995884776 0.0223287995904684
