Nyctinomops_macrotis.asc
ncols  804
nrows  378
xllcorner  -74.6418056
yllcorner  17.2248604
cellsize 0.00833333370646766
NODATA_value  -9999
[rows 69 to 91 of 378, columns 357 to 407 of 804]
0.198751002550125 0.198072001338005 0.194754004478455 0.20201900601387 0.200758993625641 0.198875993490219 0.201744005084038 0.198192000389099 0.200227007269859 0.197750002145767 0.190683007240295 0.19480499625206 0.183265998959541 0.182380005717278 0.177569001913071 0.157657995820045 0.171722993254662 0.163605004549026 0.163945004343987 0.152535006403923 0.123630002140999 0.122501000761986 0.14630700647831 0.130024999380112 0.119961000978947 0.138979002833366 0.145523995161057 0.143398001790047 0.153943002223969 0.132593005895615 0.135351002216339 0.178610995411873 0.146951004862785 0.164732992649078 0.178810998797417 0.178893998265266 0.0888800024986267 0.121766999363899 0.133867993950844 0.100470997393131 0.136522993445396 0.122510999441147 0.145879000425339 0.151885002851486 0.111046001315117 0.108975000679493 0.161981001496315 0.116626001894474 0.0605689994990826 0.0287574008107185 0.0839321985840797
0.197698995471001 0.196116000413895 0.199176996946335 0.198748007416725 0.200354993343353 0.199100002646446 0.204098001122475 0.203110992908478 0.200087994337082 0.20457099378109 0.195104002952576 0.199659004807472 0.199450999498367 0.198860004544258 0.184321999549866 0.178101003170013 0.163100004196167 0.17305700480938 0.132704004645348 0.121564000844955 0.167162999510765 0.16712099313736 0.156273007392883 0.194325000047684 0.160726994276047 0.156432002782822 0.161607995629311 0.134387001395226 0.139236003160477 0.149384006857872 0.131932005286217 0.16967499256134 0.151826992630959 0.151598006486893 0.140169993042946 0.144599005579948 0.120714999735355 0.084143303334713 0.0883861035108566 0.173619002103806 0.0783711969852448 0.12576200067997 0.141424000263214 0.155684992671013 0.135417997837067 0.100307002663612 0.10606499761343 0.100662000477314 0.103583000600338 0.0612852983176708 0.10792999714613
0.198088005185127 0.199015006422997 0.201366007328033 0.197984993457794 0.196988001465797 0.208599001169205 0.205414995551109 0.208801001310349 0.207197993993759 0.20465299487114 0.203292995691299 0.203431993722916 0.199830994009972 0.198797002434731 0.196225002408028 0.185308992862701 0.186772003769875 0.159300997853279 0.155621007084846 0.135806992650032 0.12483000010252 0.128205001354218 0.136713996529579 0.115011997520924 0.120279997587204 0.175474002957344 0.115451000630856 0.124714002013206 0.147799998521805 0.13289700448513 0.141206994652748 0.149434000253677 0.13841700553894 0.177908003330231 0.128538995981216 0.135491997003555 0.166893005371094 0.0634592026472092 0.112190000712872 0.115304000675678 0.137105002999306 0.0916958004236221 0.123193003237247 0.164918005466461 0.15004999935627 0.142042994499207 0.137874007225037 0.0892499983310699 0.0657835006713867 0.0811417028307915 0.105907998979092
0.196814998984337 0.20032100379467 0.198887005448341 0.201697006821632 0.202666997909546 0.200103998184204 0.212642997503281 0.210912004113197 0.209709003567696 0.206296995282173 0.21238100528717 0.209187999367714 0.20736500620842 0.206998005509377 0.203519999980927 0.200016006827354 0.197277992963791 0.169468998908997 0.161302998661995 0.15658999979496 0.146930992603302 0.144509002566338 0.132596999406815 0.122997000813484 0.117371000349522 0.133734002709389 0.133507996797562 0.147121995687485 0.162505000829697 0.132633998990059 0.158224999904633 0.122345000505447 0.120971001684666 0.073582299053669 0.127075001597404 0.109737001359463 0.104236997663975 0.157640993595123 0.109049998223782 0.122047998011112 0.137997001409531 0.134893000125885 0.0839800983667374 0.0786340981721878 0.171289995312691 0.121735997498035 0.148816004395485 0.153052002191544 0.118000000715256 0.0962805971503258 0.120650000870228
0.204349994659424 0.201239004731178 0.200983002781868 0.207757994532585 0.206488996744156 0.20720799267292 0.205757007002831 0.208618000149727 0.215193003416061 0.214515000581741 0.213734999299049 0.212494999170303 0.211963996291161 0.215498998761177 0.210715994238853 0.205322995781898 0.206109002232552 0.204518005251884 0.176761999726295 0.196849003434181 0.17297400534153 0.171242997050285 0.156529992818832 0.142541006207466 0.117873996496201 0.166637003421783 0.121012002229691 0.172781005501747 0.122468002140522 0.155897006392479 0.124585002660751 0.144567996263504 0.170087993144989 0.100599996745586 0.0836646035313606 0.112250000238419 0.105929002165794 0.0929896980524063 0.150641992688179 0.184264004230499 0.11523000150919 0.137764006853104 0.162401005625725 0.0713066980242729 0.125848993659019 0.0912057012319565 0.1268630027771 0.0920120999217033 0.134472995996475 0.176383003592491 0.13060499727726
0.202989995479584 0.200294002890587 0.206787005066872 0.20762300491333 0.206481993198395 0.208477005362511 0.208029001951218 0.21416899561882 0.215718999505043 0.213974997401237 0.212219998240471 0.220997005701065 0.221607998013496 0.217010006308556 0.212145999073982 0.211248993873596 0.215654999017715 0.212997004389763 0.210120007395744 0.210024997591972 0.21026499569416 0.202139005064964 0.180941000580788 0.17629699409008 0.130768001079559 0.145330995321274 0.12754699587822 0.175163000822067 0.1543879956007 0.120012000203133 0.119129002094269 0.134972006082535 0.152584001421928 0.151031002402306 0.155239999294281 0.161962002515793 0.118058003485203 0.106714002788067 0.0951241999864578 0.187268003821373 0.180171996355057 0.147688999772072 0.0645558014512062 0.0765959993004799 0.0696142017841339 0.0924094989895821 0.142376005649567 0.174199000000954 0.0955581963062286 0.0949101001024246 0.135736003518105
0.202237993478775 0.206015005707741 0.209628000855446 0.212259992957115 0.209916993975639 0.210112005472183 0.209143996238708 0.213865995407104 0.214567005634308 0.221521005034447 0.217598006129265 0.219281002879143 0.218685999512672 0.219409003853798 0.223576992750168 0.218785002827644 0.217527002096176 0.21611200273037 0.216161996126175 0.212257996201515 0.206816002726555 0.203854992985725 0.209447994828224 0.195335999131203 0.181951001286507 0.133880004286766 0.188723996281624 0.176350995898247 0.195209994912148 0.15836800634861 0.155236005783081 0.149460002779961 0.15336799621582 0.176855996251106 0.164361998438835 0.171783998608589 0.148356005549431 0.14308999478817 0.129299998283386 0.115267999470234 0.159365996718407 0.123354002833366 0.108375996351242 0.163899004459381 0.127847000956535 0.0822931006550789 0.103191003203392 0.0832517966628075 0.11591500043869 0.16193699836731 0.182702004909515
0.207462996244431 0.205865994095802 0.20966400206089 0.212364003062248 0.210491999983788 0.215903997421265 0.214973002672195 0.213375002145767 0.219215005636215 0.220680996775627 0.216809004545212 0.218429997563362 0.224281996488571 0.227080002427101 0.224790006875992 0.220972999930382 0.223734006285667 0.218234002590179 0.219541996717453 0.222711995244026 0.211808994412422 0.20872600376606 0.212336003780365 0.196638002991676 0.182476997375488 0.134494006633759 0.191102996468544 0.177541002631187 0.188102006912231 0.157001003623009 0.153606995940208 0.147010996937752 0.158391997218132 0.183005005121231 0.169815003871918 0.178404003381729 0.156919002532959 0.15030400454998 0.135998994112015 0.116012997925282 0.160245001316071 0.1171879991889 0.107307001948357 0.164131999015808 0.12738199532032 0.0807102993130684 0.098707303404808 0.0786719024181366 0.114116996526718 0.167404994368553 0.190225005149841
0.206938996911049 0.212356999516487 0.209951996803284 0.211743995547295 0.218514993786812 0.217108994722366 0.215358003973961 0.221332997083664 0.216664999723434 0.216945007443428 0.216754004359245 0.222972005605698 0.226370006799698 0.22631299495697 0.224028006196022 0.221718996763229 0.221573993563652 0.223581999540329 0.217925995588303 0.218709006905556 0.221797004342079 0.219353005290031 0.211582005023956 0.212913006544113 0.204526007175446 0.199613004922867 0.198833003640175 0.187368005514145 0.174664005637169 0.19598500430584 0.180799007415771 0.181291997432709 0.176274001598358 0.173850998282433 0.182561993598938 0.159214004874229 0.148561999201775 0.192369997501373 0.220806002616882 0.165120005607605 0.161760002374649 0.115652002394199 0.173859998583794 0.185403004288673 0.136741995811462 0.130057007074356 0.15149000287056 0.175220996141434 0.172266006469727 0.170610994100571 0.15837599337101
0.213412001729012 0.213540002703667 0.211228996515274 0.214325994253159 0.216786995530128 0.222929000854492 0.220293998718262 0.221250995993614 0.218173995614052 0.22172600030899 0.220743000507355 0.223269999027252 0.222694993019104 0.224666997790337 0.22613200545311 0.232100993394852 0.228167995810509 0.226263001561165 0.225784003734589 0.226758003234863 0.225657001137733 0.224144995212555 0.218768998980522 0.219271004199982 0.2168830037117 0.209353998303413 0.209757000207901 0.208965003490448 0.190704002976418 0.200084000825882 0.189531996846199 0.191700994968414 0.189221993088722 0.191291004419327 0.151442006230354 0.141614004969597 0.20958100259304 0.227944001555443 0.229058995842934 0.221926003694534 0.200433999300003 0.173172995448112 0.181363001465797 0.162696003913879 0.157309994101524 0.144150003790855 0.11514999717474 0.144167006015778 0.166320994496346 0.208638995885849 0.120829001069069
0.211645007133484 0.211633995175362 0.215139001607895 0.215469002723694 0.215728998184204 0.222380995750427 0.221000999212265 0.220743000507355 0.221382007002831 0.219644993543625 0.220308005809784 0.222469002008438 0.224125996232033 0.232289001345634 0.232813000679016 0.230274006724358 0.227621003985405 0.228061005473137 0.229770004749298 0.226780995726585 0.226175993680954 0.224644005298615 0.222503006458282 0.224632993340492 0.221022993326187 0.2151879966259 0.220219999551773 0.218557998538017 0.215728998184204 0.20974999666214 0.190911993384361 0.183320999145508 0.197610005736351 0.187727004289627 0.161212995648384 0.165266007184982 0.185938000679016 0.223906993865967 0.203702002763748 0.226372003555298 0.195922002196312 0.197870999574661 0.19098299741745 0.193759992718697 0.169844999909401 0.177790001034737 0.154062002897263 0.120374001562595 0.142619997262955 0.161980003118515 0.152283996343613
0.211070001125336 0.214128002524376 0.216572001576424 0.212689995765686 0.221698001027107 0.219363003969193 0.217320993542671 0.217853993177414 0.223701000213623 0.21459099650383 0.217192992568016 0.220144003629684 0.229155004024506 0.229100003838539 0.229939997196198 0.231431007385254 0.229480996727943 0.225255995988846 0.225316002964973 0.226860001683235 0.225550994277 0.224874004721642 0.232571005821228 0.232392996549606 0.222307994961739 0.21747399866581 0.220221996307373 0.21781599521637 0.21560400724411 0.211983993649483 0.212201997637749 0.195191994309425 0.157205000519753 0.185161992907524 0.214550003409386 0.208202004432678 0.196431994438171 0.190767005085945 0.21628600358963 0.195876002311707 0.207874998450279 0.208187997341156 0.19370299577713 0.199000000953674 0.192251995205879 0.179076001048088 0.176837995648384 0.166484996676445 0.140732005238533 0.13986599445343 0.158217996358871
0.20660899579525 0.215122997760773 0.213274002075195 0.216850996017456 0.216192007064819 0.211326003074646 0.218400999903679 0.220496997237206 0.222266003489494 0.2117830067873 0.212663993239403 0.224254995584488 0.228263005614281 0.227613002061844 0.22588700056076 0.226596996188164 0.223901003599167 0.230884000658989 0.236349999904633 0.2326769977808 0.232892006635666 0.23191000521183 0.228051006793976 0.223051995038986 0.221735998988152 0.223717004060745 0.228821992874146 0.227319002151489 0.223438993096352 0.216183006763458 0.220930993556976 0.153478994965553 0.182334005832672 0.219789996743202 0.195608004927635 0.246738001704216 0.222103998064995 0.21220600605011 0.245058000087738 0.227163001894951 0.221907004714012 0.210857003927231 0.217316001653671 0.196483001112938 0.196627005934715 0.193517997860909 0.189401999115944 0.175518006086349 0.168201997876167 0.139660000801086 0.190836995840073
0.214442998170853 0.208994999527931 0.207057997584343 0.209426999092102 0.208169996738434 0.210540995001793 0.21832500398159 0.217501997947693 0.2151859998703 0.220379993319511 0.209413006901741 0.220599994063377 0.224426001310349 0.22732500731945 0.228211000561714 0.224715992808342 0.226605996489525 0.232481002807617 0.228447005152702 0.229635000228882 0.227743998169899 0.227473005652428 0.229098007082939 0.231932997703552 0.233995005488396 0.225811004638672 0.225045993924141 0.224928006529808 0.217688992619514 0.218764007091522 0.218335002660751 0.220409005880356 0.156397998332977 0.158225998282433 0.213208004832268 0.215434998273849 0.234312996268272 0.211680993437767 0.220301002264023 0.224827006459236 0.215088993310928 0.232109993696213 0.218759000301361 0.21628600358963 0.220043003559113 0.204762995243073 0.194306001067162 0.192076995968819 0.196652993559837 0.194829002022743 0.19064100086689
0.211467996239662 0.207656994462013 0.20516000688076 0.203483998775482 0.205345004796982 0.210662007331848 0.218770995736122 0.209398999810219 0.210133001208305 0.211073994636536 0.210860997438431 0.215886995196342 0.216087996959686 0.220202997326851 0.223210006952286 0.221013993024826 0.235179007053375 0.226842999458313 0.228319004178047 0.222443997859955 0.228812992572784 0.229007005691528 0.226237997412682 0.226282998919487 0.234911993145943 0.227228999137878 0.230033993721008 0.227966994047165 0.230903998017311 0.231105998158455 0.225273996591568 0.2309730052948 0.198636993765831 0.206222996115685 0.170376002788544 0.210185006260872 0.19700500369072 0.230526998639107 0.208184003829956 0.224630996584892 0.22316999733448 0.20770700275898 0.205013006925583 0.215056002140045 0.199019998311996 0.208442002534866 0.199649006128311 0.185745999217033 0.197431996464729 0.197851002216339 0.194229006767273
0.19165900349617 0.193479001522064 0.20431299507618 0.202296003699303 0.201988995075226 0.210939005017281 0.218785002827644 0.207679003477097 0.207984000444412 0.20983399450779 0.2082210034132 0.211781993508339 0.213461995124817 0.228229001164436 0.222940996289253 0.231763005256653 0.227566003799438 0.227709993720055 0.226721003651619 0.218517005443573 0.218957006931305 0.214527994394302 0.220515996217728 0.226316004991531 0.225812003016472 0.2291080057621 0.232197999954224 0.23649500310421 0.215793997049332 0.229784995317459 0.226099997758865 0.236679002642632 0.219720005989075 0.212275996804237 0.220235005021095 0.1822379976511 0.21433499455452 0.212794005870819 0.226875007152557 0.21807099878788 0.224832996726036 0.204298004508018 0.202059999108315 0.209822997450829 0.218581005930901 0.217963993549347 0.220918998122215 0.208618998527527 0.197282999753952 0.185414999723434 0.19318699836731
0.162887006998062 0.158012002706528 0.178487002849579 0.183479994535446 0.197970002889633 0.201610997319221 0.208166003227234 0.210657998919487 0.196312993764877 0.199894994497299 0.20567299425602 0.20983099937439 0.220009997487068 0.238837003707886 0.23429000377655 0.226785004138947 0.224753007292747 0.227081000804901 0.224720999598503 0.223538994789124 0.217818006873131 0.224023997783661 0.220911994576454 0.227224007248878 0.221033006906509 0.225997999310493 0.228357002139091 0.216226994991302 0.219424992799759 0.244277998805046 0.22978800535202 0.22477400302887 0.21186999976635 0.2204470038414 0.242972001433372 0.24040399491787 0.243909001350403 0.230704993009567 0.217077001929283 0.227274000644684 0.223094999790192 0.23327499628067 0.224323004484177 0.238296002149582 0.237981006503105 0.24083399772644 0.23471499979496 0.233449995517731 0.233795002102852 0.218309000134468 0.210721001029015
0.172690004110336 0.170131996273994 0.172800004482269 0.159930005669594 0.172730997204781 0.177425995469093 0.208281993865967 0.205743998289108 0.196726992726326 0.182870000600815 0.160561993718147 0.184498995542526 0.215326994657516 0.217410996556282 0.223820999264717 0.213796004652977 0.238440006971359 0.233292996883392 0.233857005834579 0.232957005500793 0.218566000461578 0.218403995037079 0.225656002759933 0.225755006074905 0.228679999709129 0.224493995308876 0.218859001994133 0.210734993219376 0.232987999916077 0.227448999881744 0.223021000623703 0.20134399831295 0.187196001410484 0.213771000504494 0.169717997312546 0.212733000516891 0.247566998004913 0.236507996916771 0.240796998143196 0.232998996973038 0.215511992573738 0.227356001734734 0.211945995688438 0.212156996130943 0.19794699549675 0.242831006646156 0.244213998317719 0.240067005157471 0.233116999268532 0.236665993928909 0.237393006682396
0.190732002258301 0.211236998438835 0.197637006640434 0.184898003935814 0.171610996127129 0.166236996650696 0.177936002612114 0.198973998427391 0.172306001186371 0.163158997893333 0.166379004716873 0.168750002980232 0.200156003236771 0.218335002660751 0.220033004879951 0.215156003832817 0.226887002587318 0.234477996826172 0.227825000882149 0.221459999680519 0.22010900080204 0.220301002264023 0.22622899711132 0.22426700592041 0.226740002632141 0.223469004034996 0.206575006246567 0.225388005375862 0.219198003411293 0.20066499710083 0.218445003032684 0.218300998210907 0.192884996533394 0.16143199801445 0.216007992625237 0.153742998838425 0.186765000224113 0.218312993645668 0.147174999117851 0.185868993401527 0.219053000211716 0.211156994104385 0.22129799425602 0.221958994865417 0.20644499361515 0.189852997660637 0.226661995053291 0.217773005366325 0.235166996717453 0.237318992614746 0.236424997448921
0.180981993675232 0.200020998716354 0.201800003647804 0.177301004528999 0.192225992679596 0.201118007302284 0.163694992661476 0.18690399825573 0.159171998500824 0.176265001296997 0.216572999954224 0.215332999825478 0.170415997505188 0.19081699848175 0.15684300661087 0.223265007138252 0.213208004832268 0.226421996951103 0.209860995411873 0.210467994213104 0.21662999689579 0.21322500705719 0.215975001454353 0.212876006960869 0.224537000060081 0.203202992677689 0.212049007415771 0.228992000222206 0.222772002220154 0.209561005234718 0.203339993953705 0.212604001164436 0.222751006484032 0.184889003634453 0.163179993629456 0.191329002380371 0.159501999616623 0.141434997320175 0.132700994610786 0.136103004217148 0.215785995125771 0.208452999591827 0.224151998758316 0.244666993618011 0.253087997436523 0.209005996584892 0.218292996287346 0.213630005717278 0.22486999630928 0.224064007401466 0.243920996785164
0.169600993394852 0.190956994891167 0.186849996447563 0.175163999199867 0.204972997307777 0.21254800260067 0.188833996653557 0.185175001621246 0.182726994156837 0.20702600479126 0.217513993382454 0.243367999792099 0.222550004720688 0.187867999076843 0.222296997904778 0.150159001350403 0.187810003757477 0.229260995984077 0.167052000761032 0.17663599550724 0.207686007022858 0.209558993577957 0.192989006638527 0.20355099439621 0.201968997716904 0.188512995839119 0.210622996091843 0.229775995016098 0.224876001477242 0.208157002925873 0.20014999806881 0.207651004195213 0.178798004984856 0.140514001250267 0.153307005763054 0.175283998250961 0.18554399907589 0.235706999897957 0.199581995606422 0.143462002277374 0.15565200150013 0.229735001921654 0.223600998520851 0.226343005895615 0.248099997639656 0.246767997741699 0.244130000472069 0.240356996655464 0.237559005618095 0.22859600186348 0.224411994218826
0.195581004023552 0.186775997281075 0.188228994607925 0.191773995757103 0.188041999936104 0.213108003139496 0.204455003142357 0.192043006420135 0.162727996706963 0.168459996581078 0.134782999753952 0.242973998188972 0.210985004901886 0.196409001946449 0.192430004477501 0.189807996153831 0.142837002873421 0.203776001930237 0.191846996545792 0.194471001625061 0.223490998148918 0.222708001732826 0.210580006241798 0.203692004084587 0.195331007242203 0.218361005187035 0.185923993587494 0.203926995396614 0.221864998340607 0.217752993106842 0.186536997556686 0.214778006076813 0.143353000283241 0.103900998830795 0.171262994408607 0.178853005170822 0.223655000329018 0.261132001876831 0.217903003096581 0.184108003973961 0.115013003349304 0.209797993302345 0.2449039965868 0.224162995815277 0.245798006653786 0.273586988449097 0.24031600356102 0.232056006789207 0.245574995875359 0.244351997971535 0.217754006385803
0.172783002257347 0.181287005543709 0.193417996168137 0.19887700676918 0.215418994426727 0.239352002739906 0.228570997714996 0.192744001746178 0.19505900144577 0.0870599970221519 0.217585995793343 0.182761996984482 0.211400002241135 0.209554001688957 0.175818994641304 0.253643989562988 0.234531998634338 0.14580799639225 0.212458997964859 0.193607002496719 0.221876993775368 0.220856994390488 0.207700997591019 0.228584006428719 0.238993003964424 0.227994993329048 0.213337004184723 0.229122996330261 0.184848994016647 0.190661996603012 0.191109001636505 0.204336002469063 0.187880992889404 0.119134999811649 0.115753002464771 0.151181995868683 0.203727006912231 0.214465007185936 0.201993003487587 0.233137995004654 0.124750003218651 0.103380002081394 0.236706003546715 0.24312399327755 0.23955999314785 0.247948005795479 0.248511001467705 0.219888001680374 0.234268993139267 0.243358999490738 0.229460999369621
