Nyctinomops_macrotis.asc
ncols  804
nrows  378
xllcorner  -74.6418056
yllcorner  17.2248604
cellsize 0.00833333370646766
NODATA_value  -9999
[rows 230 to 252 of 378, columns 357 to 407 of 804]
0.433890998363495 0.430882006883621 0.429416000843048 0.42943999171257 0.426171004772186 0.424654990434647 0.42399400472641 0.420888990163803 0.41796401143074 0.416942000389099 0.414948999881744 0.41210401058197 0.410041004419327 0.417558997869492 0.403439998626709 0.398813009262085 0.385751992464066 0.383698999881744 0.389813989400864 0.391294986009598 0.38944000005722 0.379000008106232 0.384508013725281 0.382155001163483 0.384072989225388 0.375634998083115 0.365536987781525 0.373652011156082 0.377445995807648 0.368272989988327 0.369765996932983 0.380730986595154 0.361564010381699 0.372512996196747 0.373948007822037 0.389093995094299 0.381395012140274 0.376017987728119 0.387102991342545 0.382732003927231 0.386732012033463 0.397044986486435 0.399917989969254 0.390704989433289 0.376224011182785 0.378286987543106 0.373079001903534 0.374125003814697 0.37354901432991 0.369868993759155 0.375176995992661
0.425067007541656 0.433378994464874 0.421734988689423 0.429390013217926 0.43036299943924 0.429044991731644 0.42611101269722 0.423321008682251 0.420210987329483 0.419023007154465 0.4166100025177 0.413001000881195 0.41032999753952 0.403733998537064 0.394376993179321 0.3853659927845 0.378381997346878 0.387636005878448 0.395868003368378 0.387306988239288 0.382678002119064 0.384627014398575 0.391487002372742 0.38969698548317 0.385239988565445 0.373445004224777 0.37932300567627 0.369625985622406 0.368997007608414 0.385235995054245 0.354171007871628 0.346469014883041 0.355731993913651 0.382192999124527 0.393651992082596 0.383192986249924 0.386189013719559 0.384790003299713 0.382463991641998 0.385073006153107 0.396869003772736 0.392594009637833 0.389306992292404 0.39326798915863 0.385818988084793 0.381720989942551 0.378811001777649 0.383928000926971 0.383994996547699 0.375885009765625 0.378365993499756
0.424760013818741 0.433797001838684 0.42781201004982 0.422421008348465 0.432152986526489 0.430981993675232 0.430267006158829 0.428618013858795 0.415104001760483 0.41040301322937 0.417724996805191 0.415114998817444 0.411751002073288 0.402756989002228 0.396712988615036 0.39028400182724 0.384763985872269 0.392767995595932 0.401280999183655 0.391277998685837 0.386364996433258 0.385883986949921 0.393716007471085 0.392946988344193 0.386514991521835 0.380275994539261 0.383556008338928 0.374592989683151 0.368582010269165 0.388693004846573 0.360516995191574 0.352151989936829 0.360076010227203 0.375557988882065 0.397424012422562 0.388491988182068 0.390361994504929 0.389903992414474 0.386828988790512 0.389411002397537 0.400234013795853 0.396555006504059 0.395029008388519 0.398326009511948 0.390404999256134 0.390709012746811 0.384184986352921 0.387650996446609 0.390615999698639 0.379204005002975 0.383931994438171
0.324220985174179 0.429787009954453 0.326817005872726 0.416960000991821 0.425397992134094 0.420486003160477 0.418632000684738 0.418296009302139 0.416682004928589 0.410872995853424 0.405250012874603 0.39716100692749 0.388105005025864 0.393833994865417 0.390695005655289 0.393754005432129 0.394398003816605 0.405380994081497 0.404792994260788 0.398970991373062 0.392114996910095 0.388350009918213 0.390242010354996 0.392114996910095 0.385152012109756 0.384425014257431 0.385298013687134 0.377079993486404 0.373674988746643 0.344018995761871 0.331571012735367 0.356909990310669 0.38289400935173 0.370851010084152 0.367226004600525 0.387611001729965 0.389308005571365 0.391867011785507 0.402660012245178 0.401170998811722 0.4009909927845 0.403387010097504 0.400931000709534 0.396225988864899 0.395148992538452 0.394466996192932 0.395108997821808 0.397365987300873 0.394228994846344 0.374738991260529 0.372090995311737
0.186959996819496 0.169943004846573 0.155559003353119 0.284877002239227 0.402503997087479 0.407498985528946 0.400249004364014 0.4062420129776 0.402972012758255 0.399592995643616 0.392055988311768 0.389028012752533 0.378558993339539 0.388758987188339 0.390688985586166 0.398447006940842 0.401998996734619 0.392841994762421 0.392807006835938 0.388058006763458 0.395072996616364 0.390128999948502 0.393207997083664 0.388231009244919 0.389564007520676 0.386732012033463 0.378551006317139 0.387234002351761 0.363914012908936 0.343704998493195 0.374722987413406 0.360168993473053 0.358462005853653 0.369848012924194 0.379162013530731 0.390679001808167 0.387905985116959 0.396465003490448 0.399695992469788 0.406132012605667 0.402462989091873 0.403717011213303 0.406161993741989 0.405492007732391 0.399354994297028 0.398970007896423 0.392895996570587 0.392904013395309 0.390220999717712 0.383837997913361 0.379388988018036
0.235842004418373 0.250503987073898 0.312440007925034 0.306172996759415 0.289548009634018 0.309754997491837 0.336097985506058 0.360996007919312 0.343185991048813 0.375696986913681 0.378648012876511 0.389463007450104 0.390796005725861 0.393052995204926 0.390587002038956 0.387342989444733 0.392710000276566 0.388666987419128 0.391708999872208 0.398333013057709 0.393996000289917 0.391530007123947 0.389743000268936 0.378446012735367 0.379521012306213 0.378937005996704 0.400840997695923 0.391285985708237 0.376892000436783 0.367588996887207 0.349294006824493 0.34783399105072 0.373183995485306 0.385708004236221 0.387627989053726 0.39477801322937 0.397027999162674 0.400487005710602 0.391580998897552 0.397578001022339 0.395889014005661 0.400696992874146 0.39640200138092 0.391959995031357 0.387878000736237 0.397612005472183 0.399334013462067 0.398714005947113 0.391799986362457 0.382999002933502 0.380445003509521
0.0799693986773491 0.0758355036377907 0.1440239995718 0.183292999863625 0.0894201993942261 0.128722995519638 0.104290999472141 0.0880580022931099 0.0812861993908882 0.148479998111725 0.296779990196228 0.392298996448517 0.34229901432991 0.385921001434326 0.38051301240921 0.38255101442337 0.366632997989655 0.378545999526978 0.378430008888245 0.390493005514145 0.388217002153397 0.386936008930206 0.383980005979538 0.386922001838684 0.384088009595871 0.389647006988525 0.371345996856689 0.362706989049911 0.373028993606567 0.364414006471634 0.351671993732452 0.353781014680862 0.390821993350983 0.393119007349014 0.398274004459381 0.404168993234634 0.405007988214493 0.399340987205505 0.403198003768921 0.40158599615097 0.406625002622604 0.400806993246078 0.391362994909286 0.394143998622894 0.402541011571884 0.401760995388031 0.404235005378723 0.403813987970352 0.396274000406265 0.390677005052567 0.393893986940384
0.271156996488571 0.0479767993092537 0.0235076006501913 0.026638200506568 0.0235223993659019 0.0324917994439602 0.0101167000830173 0.00630608992651105 0.00674908002838492 0.0158321000635624 0.0547323003411293 0.185874000191689 0.268658995628357 0.363380014896393 0.389948010444641 0.370081007480621 0.369601994752884 0.341847002506256 0.332222014665604 0.35809001326561 0.389481008052826 0.387189000844955 0.373787999153137 0.394742995500565 0.383262991905212 0.376828998327255 0.36522701382637 0.364784002304077 0.360637009143829 0.378127992153168 0.37950599193573 0.372070997953415 0.376872986555099 0.389708012342453 0.389290988445282 0.395527005195618 0.406897991895676 0.407368004322052 0.410737991333008 0.406536012887955 0.391844987869263 0.393106997013092 0.404316008090973 0.412281006574631 0.413906008005142 0.410863995552063 0.410205006599426 0.411045014858246 0.4026800096035 0.39724400639534 0.394468009471893
0.0894638001918793 0.053539801388979 0.018699100241065 0.0220711007714272 0.0240416005253792 0.00576832005754113 0.00730718998238444 0.0279565006494522 0.0234910994768143 0.00632544979453087 0.00546864978969097 0.0112538998946548 0.035223200917244 0.197738006711006 0.344475001096725 0.371387988328934 0.363290995359421 0.346700996160507 0.366730004549026 0.312723994255066 0.295213997364044 0.3038469851017 0.363164007663727 0.376157999038696 0.374426007270813 0.38271701335907 0.392850011587143 0.401226997375488 0.392439007759094 0.383634001016617 0.381493985652924 0.392497003078461 0.402352005243301 0.400460988283157 0.390561014413834 0.397289991378784 0.409009009599686 0.412934005260468 0.412005007266998 0.396591007709503 0.388235986232758 0.406372994184494 0.416483014822006 0.416013985872269 0.420161008834839 0.421018004417419 0.414718002080917 0.416803985834122 0.426862001419067 0.406399995088577 0.409808993339539
0.0918335020542145 0.0533044002950191 0.0949465036392212 0.12134200334549 0.052870899438858 0.0387255996465683 0.0717243999242783 0.16135199368 0.216471999883652 0.1891960054636 0.0518990010023117 0.018902400508523 0.00745894014835358 0.0154424998909235 0.213413998484612 0.348426014184952 0.363478988409042 0.377036988735199 0.343434989452362 0.317144006490707 0.341149985790253 0.336257010698318 0.321673989295959 0.344110012054443 0.35335099697113 0.367596000432968 0.390150994062424 0.414279997348785 0.399634003639221 0.392502009868622 0.398716986179352 0.402458012104034 0.399663001298904 0.398909002542496 0.393968999385834 0.395951986312866 0.4183189868927 0.41950398683548 0.408316999673843 0.394122004508972 0.407757014036179 0.41558900475502 0.423276990652084 0.425684005022049 0.430180013179779 0.426955997943878 0.421476006507874 0.419095009565353 0.418363988399506 0.415275990962982 0.417477995157242
0.0452985987067223 0.0716459974646568 0.0975392013788223 0.251581013202667 0.135885998606682 0.0679628998041153 0.11090099811554 0.130768999457359 0.126995995640755 0.185094997286797 0.229552999138832 0.235429003834724 0.102964997291565 0.0222325008362532 0.0444687008857727 0.103156998753548 0.113830000162125 0.214028000831604 0.299546986818314 0.357874989509583 0.378049999475479 0.375638991594315 0.373358994722366 0.326122999191284 0.349171996116638 0.338701993227005 0.379321992397308 0.384214013814926 0.407445013523102 0.416846990585327 0.412578999996185 0.417111992835999 0.418383002281189 0.401390999555588 0.410923004150391 0.401089012622833 0.409799993038177 0.411448985338211 0.411152988672256 0.420754998922348 0.410006999969482 0.412178993225098 0.430691987276077 0.429502010345459 0.431481003761292 0.430835992097855 0.431930989027023 0.427524000406265 0.426364988088608 0.435914993286133 0.429262012243271
0.100304000079632 0.0692458972334862 0.231747001409531 0.110691003501415 0.17425599694252 0.100097000598907 0.113245002925396 0.117196999490261 0.191688999533653 0.148156002163887 0.159859001636505 0.0747333988547325 0.067308098077774 0.101848997175694 0.0976587012410164 0.173463001847267 0.0660191029310226 0.0461340993642807 0.130398005247116 0.172538995742798 0.389221996068954 0.378167986869812 0.316796004772186 0.309343993663788 0.212937995791435 0.293172985315323 0.36549898982048 0.37788200378418 0.401695996522903 0.405685991048813 0.414095997810364 0.398454993963242 0.4149129986763 0.421180993318558 0.406695008277893 0.416929006576538 0.41517698764801 0.419934988021851 0.418247997760773 0.423031002283096 0.417008996009827 0.423299014568329 0.43606299161911 0.435272991657257 0.437206000089645 0.435231000185013 0.438959002494812 0.440537989139557 0.447508990764618 0.447035998106003 0.436596989631653
0.0885398983955383 0.102301001548767 0.0597162991762161 0.177948996424675 0.189053997397423 0.306183010339737 0.293821007013321 0.188610002398491 0.214175999164581 0.238601997494698 0.145707994699478 0.121284000575542 0.081334300339222 0.0198238994926214 0.0193393006920815 0.300751000642776 0.146050006151199 0.0987773984670639 0.0780732035636902 0.0733686983585358 0.109595000743866 0.112129002809525 0.303894013166428 0.240373000502586 0.244506999850273 0.201386004686356 0.216415002942085 0.351981997489929 0.258370012044907 0.403809994459152 0.407278001308441 0.399093002080917 0.414559006690979 0.408964991569519 0.424028009176254 0.418664991855621 0.420419991016388 0.426281005144119 0.428178012371063 0.422603994607925 0.434816002845764 0.420175999403 0.432296991348267 0.433865994215012 0.437952011823654 0.445892989635468 0.441101998090744 0.446455985307693 0.445295006036758 0.446590006351471 0.456072986125946
0.164348006248474 0.0370030999183655 0.0396892018616199 0.0687628015875816 0.0608498007059097 0.145535007119179 0.202261000871658 0.223020002245903 0.171811997890472 0.147834002971649 0.126792997121811 0.147686004638672 0.119724996387959 0.175152003765106 0.029754500836134 0.0882977992296219 0.170049995183945 0.255100011825562 0.135753005743027 0.171024993062019 0.0819327980279922 0.0825845971703529 0.13934899866581 0.296146005392075 0.226938992738724 0.352717012166977 0.335575014352798 0.390204012393951 0.375458985567093 0.273442000150681 0.416483014822006 0.398362010717392 0.392022997140884 0.412290006875992 0.422713994979858 0.417057991027832 0.435142010450363 0.440005004405975 0.426324993371964 0.438187003135681 0.429791986942291 0.440104991197586 0.439099013805389 0.442438006401062 0.444694012403488 0.447816014289856 0.455713003873825 0.458635985851288 0.468744993209839 0.459888011217117 0.472169995307922
0.194915995001793 0.0777705982327461 0.192320004105568 0.0924039036035538 0.0660000964999199 0.0479159988462925 0.227985993027687 0.288325011730194 0.223324000835419 0.159435003995895 0.198056995868683 0.264378011226654 0.322593003511429 0.112672001123428 0.146094992756844 0.12678000330925 0.190151005983353 0.136348992586136 0.084690697491169 0.0725155025720596 0.0840843021869659 0.0883717983961105 0.0610941015183926 0.12041600048542 0.307374000549316 0.347512990236282 0.297123998403549 0.409777998924255 0.308663010597229 0.448583006858826 0.281616002321243 0.403600990772247 0.397332012653351 0.398674011230469 0.428229987621307 0.431253999471664 0.436013996601105 0.42629200220108 0.432406008243561 0.441724985837936 0.456173986196518 0.451252996921539 0.45014101266861 0.450643002986908 0.449326008558273 0.451545000076294 0.452324002981186 0.459982991218567 0.46238300204277 0.469042986631393 0.464201986789703
0.123622998595238 0.209539994597435 0.17493499815464 0.173185005784035 0.0983216017484665 0.100858002901077 0.0649428963661194 0.118500001728535 0.309192001819611 0.175251007080078 0.240360006690025 0.171709001064301 0.132651999592781 0.0577588006854057 0.297838985919952 0.136741995811462 0.0813622996211052 0.0597863011062145 0.0945786982774734 0.0793754979968071 0.0237227007746696 0.0256779994815588 0.0212995000183582 0.0161496996879578 0.11761599779129 0.356770992279053 0.417463004589081 0.396423012018204 0.372262001037598 0.281944006681442 0.371039986610413 0.302208006381989 0.41465699672699 0.41312101483345 0.385248005390167 0.429841995239258 0.434138000011444 0.439547002315521 0.434408009052277 0.446218013763428 0.456099987030029 0.4565309882164 0.461769014596939 0.448449999094009 0.461885005235672 0.463954985141754 0.462570995092392 0.465319007635117 0.467797994613647 0.447816997766495 0.445086985826492
0.038264699280262 0.0916398018598557 0.151258006691933 0.0981054976582527 0.22859799861908 0.273517996072769 0.155873000621796 0.0979001969099045 0.293698012828827 0.229603007435799 0.264149010181427 0.134752005338669 0.111339002847672 0.113473996520042 0.122245997190475 0.14766900241375 0.0453495010733604 0.0734843015670776 0.0455006994307041 0.0898011028766632 0.0377609990537167 0.0382926017045975 0.0308024007827044 0.00726220011711121 0.0298606995493174 0.150349006056786 0.36523300409317 0.381424009799957 0.369444996118546 0.334511011838913 0.347887992858887 0.340965986251831 0.427338004112244 0.416359007358551 0.404861986637115 0.374826014041901 0.42637500166893 0.438845008611679 0.448909997940063 0.447753012180328 0.454897999763489 0.451254993677139 0.447468012571335 0.448446005582809 0.447634994983673 0.454104989767075 0.460790008306503 0.464715003967285 0.462547987699509 0.468625009059906 0.477582007646561
0.000905063992831856 0.0326649993658066 0.0530255995690823 0.147652000188828 0.0686203986406326 0.148321002721786 0.0817440003156662 0.104990996420383 0.150313004851341 0.0506883002817631 0.0912066996097565 0.215734004974365 0.218470007181168 0.225985005497932 0.0777257010340691 0.0726568996906281 0.0275267008692026 0.113246999680996 0.0235865004360676 0.015769500285387 0.0637992992997169 0.0664379969239235 0.0694942995905876 0.00613986002281308 0.0039627100341022 0.0215534009039402 0.135343998670578 0.33653399348259 0.39131298661232 0.376680999994278 0.355646997690201 0.429242998361588 0.34417000412941 0.391355991363525 0.426362991333008 0.381576985120773 0.399013012647629 0.436686992645264 0.446404010057449 0.448920011520386 0.458319991827011 0.46925100684166 0.474258989095688 0.465389996767044 0.45796200633049 0.46051499247551 0.406439006328583 0.301254987716675 0.401091009378433 0.48633000254631 0.444485992193222
0.000209798003197648 0.000484440010040998 0.00250757997855544 0.0417005009949207 0.0520850010216236 0.0391199998557568 0.075349897146225 0.149584993720055 0.017807999625802 0.057532399892807 0.0212439000606537 0.0679564997553825 0.0499368011951447 0.114338003098965 0.0636952966451645 0.0504437014460564 0.0515791997313499 0.00802423991262913 0.043698500841856 0.0508204996585846 0.059427298605442 0.0655883997678757 0.137210994958878 0.0886225998401642 0.00411899015307426 0.00175011996179819 0.00843048002570868 0.0664741992950439 0.156121999025345 0.350403010845184 0.379613995552063 0.34595999121666 0.426856994628906 0.406361013650894 0.405467003583908 0.445645987987518 0.415293008089066 0.425534009933472 0.444606006145477 0.446684002876282 0.451454997062683 0.443933993577957 0.47502401471138 0.476749986410141 0.48056098818779 0.410317003726959 0.288121998310089 0.449093997478485 0.335566997528076 0.348668992519379 0.426324993371964
0.00987310986965895 0.000408174004405737 0.00068910198751837 0.000936709984671324 0.0105160996317863 0.00851812958717346 0.00322259007953107 0.00872352998703718 0.0216361992061138 0.167888000607491 0.0175758991390467 0.0183141008019447 0.0402745008468628 0.0298177003860474 0.11812199652195 0.065371498465538 0.133394002914429 0.0916676968336105 0.0088986000046134 0.0243167001754045 0.201272994279861 0.212200000882149 0.200084999203682 0.212143003940582 0.147732004523277 0.0136259002611041 0.00272873998619616 0.00898773968219757 0.0208739992231131 0.148890003561974 0.263772010803223 0.374529004096985 0.297908991575241 0.230278000235558 0.43496298789978 0.421719014644623 0.442660987377167 0.411641985177994 0.437992006540298 0.445358008146286 0.352382987737656 0.452744990587234 0.477467000484467 0.497754991054535 0.499520003795624 0.466753005981445 0.405903995037079 0.293891996145248 0.376217991113663 0.444195985794067 0.518728017807007
0.0117049999535084 0.00346961989998817 0.00508027989417315 0.000766935991123319 0.00196995004080236 0.00307816010899842 0.00126960000488907 0.00294039002619684 0.0100472997874022 0.01393480040133 0.0610851012170315 0.0102615002542734 0.0204185005277395 0.0326891988515854 0.0920633971691132 0.080350898206234 0.183161005377769 0.11192599684 0.174064993858337 0.0419243015348911 0.0892937034368515 0.0914921015501022 0.353834003210068 0.383693009614944 0.331319004297256 0.200482994318008 0.023896099999547 0.0100710997357965 0.00654865987598896 0.0138100003823638 0.0892810001969337 0.268566012382507 0.170827001333237 0.372938990592957 0.176770001649857 0.394095987081528 0.353367000818253 0.407110989093781 0.409792989492416 0.373744010925293 0.467330008745193 0.344610005617142 0.434336006641388 0.500231027603149 0.501130998134613 0.479077011346817 0.502985000610352 0.505227982997894 0.505999982357025 0.507193028926849 0.505828022956848
0.0468800999224186 0.0300846006721258 0.006198950111866 0.00589790008962154 0.00512252980843186 0.0053875301964581 0.00247113988734782 0.00194215995725244 0.00660292990505695 0.00291628995910287 0.0659611970186234 0.0751876011490822 0.0327061004936695 0.00785801000893116 0.0223913006484509 0.0940857008099556 0.0757021009922028 0.219988003373146 0.0965450033545494 0.0538919009268284 0.12932300567627 0.137975007295609 0.264907002449036 0.319934010505676 0.306903004646301 0.0925349965691566 0.228194996714592 0.0711838006973267 0.0182213000953197 0.0144512997940183 0.019285399466753 0.0885384976863861 0.284166008234024 0.140410006046295 0.421400010585785 0.184268996119499 0.223426997661591 0.241224005818367 0.330599009990692 0.209156006574631 0.472187995910645 0.489172011613846 0.420222997665405 0.421386003494263 0.491279989480972 0.479310005903244 0.499238014221191 0.511596024036407 0.512156009674072 0.512106001377106 0.513603985309601
0.0444950014352798 0.0274417009204626 0.0052684498950839 0.00491647003218532 0.00434545986354351 0.00493466015905142 0.00205616001039743 0.00175597995985299 0.00640148995444179 0.0028436800930649 0.0622548013925552 0.0690599009394646 0.0335193984210491 0.00787418987601995 0.0199826005846262 0.0851062014698982 0.074017196893692 0.234674006700516 0.0989748984575272 0.0569483004510403 0.140720993280411 0.141294002532959 0.263217985630035 0.308526009321213 0.31529700756073 0.105274997651577 0.242434993386269 0.0755278021097183 0.0168571006506681 0.0129223000258207 0.0199779998511076 0.0952505022287369 0.290648996829987 0.137096002697945 0.409905999898911 0.172251999378204 0.215261995792389 0.239774003624916 0.324001997709274 0.210725992918015 0.476085990667343 0.497278988361359 0.444029986858368 0.442948997020721 0.498371988534927 0.49015599489212 0.494302988052368 0.508011996746063 0.507372975349426 0.506537020206451 0.506971001625061
