Nyctinomops_macrotis.asc
ncols  804
nrows  378
xllcorner  -74.6418056
yllcorner  17.2248604
cellsize 0.00833333370646766
NODATA_value  -9999
[rows 92 to 114 of 378, columns 357 to 407 of 804]
0.182291001081467 0.176148995757103 0.181796997785568 0.205011993646622 0.21670800447464 0.239792004227638 0.196970999240875 0.180685997009277 0.200854003429413 0.172646000981331 0.112961001694202 0.239085003733635 0.157730996608734 0.205358996987343 0.143640995025635 0.18470099568367 0.273761004209518 0.204581007361412 0.168103992938995 0.245782002806664 0.221302002668381 0.220978006720543 0.219708994030952 0.22945499420166 0.22876800596714 0.215553000569344 0.237573996186256 0.209641993045807 0.211252003908157 0.226725995540619 0.213640004396439 0.214157000184059 0.182550996541977 0.101925000548363 0.0960519015789032 0.166391000151634 0.210973992943764 0.19710199534893 0.230493992567062 0.246724992990494 0.263864994049072 0.101599000394344 0.110968999564648 0.225014001131058 0.242430001497269 0.243872001767159 0.254702985286713 0.214225992560387 0.227048993110657 0.223348006606102 0.226466000080109
0.144014999270439 0.16117300093174 0.179277002811432 0.213778004050255 0.16541500389576 0.239901006221771 0.216267004609108 0.21943299472332 0.196768999099731 0.212170004844666 0.207888007164001 0.183870002627373 0.212249994277954 0.23259200155735 0.150098994374275 0.205207005143166 0.179538995027542 0.216784998774529 0.237059995532036 0.206116005778313 0.188703998923302 0.19157600402832 0.214258998632431 0.187326997518539 0.190158993005753 0.257183998823166 0.211065992712975 0.23403699696064 0.231289997696877 0.207589000463486 0.206793993711472 0.221498996019363 0.195851996541023 0.184468999505043 0.109367996454239 0.0878902971744537 0.102076999843121 0.134222999215126 0.241866007447243 0.263186991214752 0.29959899187088 0.237287998199463 0.10750400274992 0.144271001219749 0.240017995238304 0.266846001148224 0.263583987951279 0.235229998826981 0.193993002176285 0.205697998404503 0.204298004508018
0.189649999141693 0.141734004020691 0.163752004504204 0.172273993492126 0.266793012619019 0.150027006864548 0.213967993855476 0.206085994839668 0.222632005810738 0.203651994466782 0.238832995295525 0.207074001431465 0.223327994346619 0.194878995418549 0.181004002690315 0.173291996121407 0.216254994273186 0.19123700261116 0.157954007387161 0.209169998764992 0.234301000833511 0.229427993297577 0.220151007175446 0.181704998016357 0.196040004491806 0.20032300055027 0.245899006724358 0.224341005086899 0.235354006290436 0.213101997971535 0.194402992725372 0.227240994572639 0.194756001234055 0.182815998792648 0.201617002487183 0.165182992815971 0.119060002267361 0.0885668992996216 0.0997145026922226 0.265940010547638 0.277554005384445 0.277482002973557 0.16694800555706 0.0971572026610374 0.140291005373001 0.203051999211311 0.23887300491333 0.228974997997284 0.207065001130104 0.205308005213737 0.19734400510788
0.196820005774498 0.193946003913879 0.167684003710747 0.19574399292469 0.144957005977631 0.242602005600929 0.223021999001503 0.220713004469872 0.211600005626678 0.224763005971909 0.228752002120018 0.217803001403809 0.213442996144295 0.218897998332977 0.213284999132156 0.205916002392769 0.184930995106697 0.154852002859116 0.127001002430916 0.165717005729675 0.244542002677917 0.239436998963356 0.214790001511574 0.164506003260612 0.264218986034393 0.264798998832703 0.30273699760437 0.257072985172272 0.230422005057335 0.239391997456551 0.194836005568504 0.224793002009392 0.178892001509666 0.19132299721241 0.185840994119644 0.202565997838974 0.182421997189522 0.147657006978989 0.0829880982637405 0.117963999509811 0.254613012075424 0.280773013830185 0.265273988246918 0.145662993192673 0.0915047973394394 0.108638003468513 0.125020995736122 0.14214800298214 0.160361006855965 0.182625994086266 0.199228003621101
0.196440994739532 0.197237998247147 0.162460997700691 0.18265600502491 0.132195994257927 0.222847998142242 0.217149004340172 0.219926998019218 0.207636997103691 0.225687995553017 0.227531000971794 0.220074996352196 0.212750002741814 0.215485006570816 0.20890699326992 0.201352998614311 0.178618997335434 0.154492005705833 0.128101006150246 0.164752006530762 0.263155996799469 0.264901012182236 0.250286012887955 0.181326001882553 0.279442995786667 0.273748993873596 0.305391013622284 0.265709012746811 0.239355996251106 0.246066004037857 0.200230002403259 0.224151998758316 0.177830994129181 0.197503998875618 0.185148999094963 0.201949000358582 0.182499006390572 0.143235996365547 0.0748761966824532 0.103532001376152 0.232913002371788 0.268139988183975 0.261097997426987 0.143360003829002 0.0888525024056435 0.107055000960827 0.126489996910095 0.14444899559021 0.165132999420166 0.186449006199837 0.199681997299194
0.189814999699593 0.190004006028175 0.198888003826141 0.221012994647026 0.206531003117561 0.225825995206833 0.22011299431324 0.205520004034042 0.228391006588936 0.219025000929832 0.224803000688553 0.225366994738579 0.214374005794525 0.216014996170998 0.18189400434494 0.161497995257378 0.148614004254341 0.12236899882555 0.245728000998497 0.162692993879318 0.146381005644798 0.155252993106842 0.217752993106842 0.259609997272491 0.206020995974541 0.184126004576683 0.266429007053375 0.240545004606247 0.252602994441986 0.209231004118919 0.208709999918938 0.213211998343468 0.180777996778488 0.181923002004623 0.198295995593071 0.181867003440857 0.179017007350922 0.166509002447128 0.128009006381035 0.0788602977991104 0.149104997515678 0.268862992525101 0.287212014198303 0.296438008546829 0.113356001675129 0.0888781994581223 0.0724236965179443 0.0875044018030167 0.0870776996016502 0.115840002894402 0.12822599709034
0.139210000634193 0.1458899974823 0.143053993582726 0.192368999123573 0.222957998514175 0.237794995307922 0.219200998544693 0.223544001579285 0.227082997560501 0.223614007234573 0.232688993215561 0.234487995505333 0.230775997042656 0.196882992982864 0.163950994610786 0.176363006234169 0.174311995506287 0.209373995661736 0.21288700401783 0.13968500494957 0.210657998919487 0.231334999203682 0.172604992985725 0.198075994849205 0.240225002169609 0.283742994070053 0.190172001719475 0.219060003757477 0.249817997217178 0.245386004447937 0.225081995129585 0.211848005652428 0.214715003967285 0.201775997877121 0.184304997324944 0.202454000711441 0.184412002563477 0.181862995028496 0.159520000219345 0.0907659009099007 0.092779703438282 0.165387004613876 0.156301006674767 0.0693264976143837 0.0919706970453262 0.0648026019334793 0.104809999465942 0.108653001487255 0.114528000354767 0.13204400241375 0.0908877998590469
0.16643799841404 0.14282900094986 0.167517006397247 0.151641994714737 0.191876992583275 0.233790993690491 0.245851993560791 0.235299006104469 0.220456004142761 0.240503996610641 0.244504004716873 0.240972995758057 0.235764995217323 0.234252005815506 0.22053200006485 0.177422001957893 0.162314996123314 0.190595000982285 0.176994994282722 0.233842000365257 0.193970993161201 0.212895005941391 0.235939994454384 0.274599999189377 0.287344008684158 0.241110995411873 0.304022997617722 0.266626000404358 0.19472299516201 0.233288004994392 0.191326007246971 0.238391995429993 0.196850001811981 0.194327995181084 0.209295004606247 0.179820001125336 0.180906996130943 0.208495005965233 0.209163993597031 0.195748001337051 0.134855002164841 0.123888000845909 0.120495997369289 0.103142000734806 0.175328999757767 0.0447313003242016 0.120743997395039 0.204524993896484 0.178552001714706 0.242538005113602 0.155029997229576
0.127480000257492 0.136054992675781 0.170078992843628 0.169678002595901 0.151403993368149 0.203242003917694 0.232493996620178 0.225757002830505 0.225834995508194 0.23691900074482 0.219910994172096 0.239086002111435 0.236166000366211 0.224386006593704 0.207323998212814 0.205291002988815 0.211490005254745 0.242798998951912 0.1807029992342 0.209185004234314 0.216838002204895 0.222601994872093 0.253803998231888 0.271977007389069 0.277029007673264 0.241357997059822 0.258251011371613 0.217453002929688 0.242477998137474 0.232739999890327 0.22435000538826 0.197794005274773 0.248646005988121 0.193121001124382 0.197366997599602 0.209048002958298 0.173366993665695 0.19964100420475 0.201698005199432 0.201398000121117 0.242763996124268 0.199151992797852 0.1875029951334 0.150145992636681 0.172401994466782 0.0827331021428108 0.0662979036569595 0.099492996931076 0.15506599843502 0.253288000822067 0.244077995419502
0.168889001011848 0.14648300409317 0.111785002052784 0.148634001612663 0.199934005737305 0.174922004342079 0.201444998383522 0.23513899743557 0.229409992694855 0.231727004051208 0.237407997250557 0.212772995233536 0.216443002223969 0.218857005238533 0.216940999031067 0.230308994650841 0.226484000682831 0.241096004843712 0.277875006198883 0.218955993652344 0.271753013134003 0.274812012910843 0.284909009933472 0.269392997026443 0.305557996034622 0.27326899766922 0.278196007013321 0.269378006458282 0.266927003860474 0.225677996873856 0.263819992542267 0.230317994952202 0.216582998633385 0.229170992970467 0.180314004421234 0.217160001397133 0.207888007164001 0.175751999020576 0.17960000038147 0.214472994208336 0.235845997929573 0.213499993085861 0.223410993814468 0.235430002212524 0.161385998129845 0.14104300737381 0.129205003380775 0.100018002092838 0.0976015999913216 0.137268006801605 0.135307997465134
0.140902996063232 0.116850003600121 0.110385000705719 0.167885005474091 0.188820004463196 0.227574005723 0.233833000063896 0.225911006331444 0.22562800347805 0.236983999609947 0.226621001958847 0.177463993430138 0.218403995037079 0.233065992593765 0.213251993060112 0.236263006925583 0.301638007164001 0.269863992929459 0.273303002119064 0.320883989334106 0.310856997966766 0.312391012907028 0.28711000084877 0.289364010095596 0.271200001239777 0.269473999738693 0.266238987445831 0.261132001876831 0.248181000351906 0.245233997702599 0.259229987859726 0.239747002720833 0.253457993268967 0.211180999875069 0.213580995798111 0.202240005135536 0.214867994189262 0.214745998382568 0.190450996160507 0.189052000641823 0.239463001489639 0.239269003272057 0.203100994229317 0.212544992566109 0.196180999279022 0.169121995568275 0.147178992629051 0.176979005336761 0.160225003957748 0.168180003762245 0.120990999042988
0.137834995985031 0.130288004875183 0.162412002682686 0.174094006419182 0.185245007276535 0.203541994094849 0.214497998356819 0.218537002801895 0.249420002102852 0.220347002148628 0.231884002685547 0.176280006766319 0.209352001547813 0.241811007261276 0.211480006575584 0.298103004693985 0.267421007156372 0.309937000274658 0.302482008934021 0.307278990745544 0.289301991462708 0.303535014390945 0.278833001852036 0.284217000007629 0.286711007356644 0.277657985687256 0.26698699593544 0.262497991323471 0.259754985570908 0.261023014783859 0.26494100689888 0.233815997838974 0.238461002707481 0.233235001564026 0.244198992848396 0.217374995350838 0.203051000833511 0.214522004127502 0.181261003017426 0.179453998804092 0.235718995332718 0.259294003248215 0.231567993760109 0.187102004885674 0.214662998914719 0.209591999650002 0.152944996953011 0.203482002019882 0.21016600728035 0.198808997869492 0.212327003479004
0.125606998801231 0.140415996313095 0.170367002487183 0.132866993546486 0.128781005740166 0.175525993108749 0.192952007055283 0.187409996986389 0.225672006607056 0.199193999171257 0.204463005065918 0.253771007061005 0.217280998826027 0.230826005339622 0.277325004339218 0.283356994390488 0.285555988550186 0.2899169921875 0.289207011461258 0.278818994760513 0.299775987863541 0.296333998441696 0.269089013338089 0.258073002099991 0.291332989931107 0.267001003026962 0.248061999678612 0.265181988477707 0.288966000080109 0.282945990562439 0.243175998330116 0.251286000013351 0.236296996474266 0.241247996687889 0.24575699865818 0.245971992611885 0.207086995244026 0.195791006088257 0.227036997675896 0.184625998139381 0.1752720028162 0.210488006472588 0.230794996023178 0.233556002378464 0.188926994800568 0.177468001842499 0.185674995183945 0.191903993487358 0.18478100001812 0.16762700676918 0.18995900452137
0.128733992576599 0.123395003378391 0.132370993494987 0.100211001932621 0.0915608033537865 0.188657000660896 0.231892004609108 0.207767993211746 0.183468997478485 0.182116001844406 0.17688299715519 0.252328991889954 0.219969004392624 0.260515987873077 0.295800000429153 0.306217014789581 0.311035007238388 0.28159499168396 0.304969996213913 0.287831991910934 0.262986987829208 0.25874000787735 0.267939001321793 0.252961009740829 0.261454999446869 0.220594003796577 0.266016989946365 0.251679986715317 0.280128985643387 0.29221698641777 0.229638993740082 0.248542994260788 0.235718995332718 0.238942995667458 0.239775002002716 0.22800999879837 0.222852006554604 0.207399994134903 0.206598997116089 0.215746998786926 0.205136999487877 0.188269004225731 0.187281996011734 0.214632004499435 0.22138799726963 0.201100006699562 0.184891000390053 0.168691992759705 0.186343997716904 0.207534000277519 0.198347002267838
0.131914004683495 0.123023003339767 0.124761000275612 0.0697053968906403 0.143441006541252 0.235389992594719 0.151812002062798 0.0516404993832111 0.106959000229836 0.139487996697426 0.189501002430916 0.232260003685951 0.284842997789383 0.260852009057999 0.285100013017654 0.251446008682251 0.275959014892578 0.28770700097084 0.271871000528336 0.289521008729935 0.265785992145538 0.267991006374359 0.220250993967056 0.223547995090485 0.24847899377346 0.311690002679825 0.251199990510941 0.288877010345459 0.284873992204666 0.238267004489899 0.267271995544434 0.229438006877899 0.260426998138428 0.241301000118256 0.239608004689217 0.233217000961304 0.229416996240616 0.240906998515129 0.198157995939255 0.217479005455971 0.229233995079994 0.229302003979683 0.2048220038414 0.197609007358551 0.250465989112854 0.206853002309799 0.210027992725372 0.202721998095512 0.194726005196571 0.192977994680405 0.15642899274826
0.154705002903938 0.141818001866341 0.141568005084991 0.128229007124901 0.139369994401932 0.072104699909687 0.0467187985777855 0.0217355992645025 0.028659800067544 0.129300996661186 0.16057400405407 0.155236005783081 0.28761100769043 0.260953009128571 0.308957010507584 0.277539998292923 0.230065003037453 0.236710995435715 0.255587011575699 0.250898003578186 0.23395000398159 0.232297003269196 0.213223993778229 0.267206013202667 0.276441991329193 0.293238997459412 0.287750989198685 0.225600004196167 0.262376993894577 0.259227991104126 0.229859992861748 0.23378099501133 0.235958993434906 0.226090997457504 0.238074004650116 0.239397004246712 0.228736996650696 0.234081998467445 0.204358994960785 0.210939005017281 0.21807099878788 0.211860001087189 0.21110999584198 0.204708993434906 0.22121199965477 0.217888996005058 0.194756001234055 0.195595994591713 0.191689997911453 0.178131997585297 0.183394998311996
0.113614000380039 0.133819997310638 0.132094994187355 0.126135006546974 0.0412736013531685 0.0743616968393326 0.0366287007927895 0.0530549995601177 0.0217243991792202 0.0722363963723183 0.160172000527382 0.121215999126434 0.152149006724358 0.248959004878998 0.23463599383831 0.29127299785614 0.187832996249199 0.21799099445343 0.250441014766693 0.245325997471809 0.24838399887085 0.243490993976593 0.271409004926682 0.308818995952606 0.272433012723923 0.260477006435394 0.310595005750656 0.255724012851715 0.23769399523735 0.226641997694969 0.201722994446754 0.226950004696846 0.209682002663612 0.224542006850243 0.228586003184319 0.242704004049301 0.22851899266243 0.212264999747276 0.246144995093346 0.221524000167847 0.216800004243851 0.20448499917984 0.174319997429848 0.176385998725891 0.20660400390625 0.223766997456551 0.202508002519608 0.185065001249313 0.209797993302345 0.154958993196487 0.186252996325493
0.164348006248474 0.139318004250526 0.140579998493195 0.0636710971593857 0.0595251992344856 0.068072497844696 0.0306954998522997 0.0370550006628036 0.0797438994050026 0.0537545010447502 0.229398995637894 0.263599008321762 0.16609999537468 0.142308995127678 0.15361200273037 0.130230993032455 0.233964994549751 0.233638003468513 0.245863005518913 0.244260996580124 0.276959002017975 0.258729994297028 0.297109007835388 0.325044006109238 0.276935011148453 0.262888014316559 0.253453999757767 0.240863993763924 0.218351006507874 0.23981100320816 0.208371996879578 0.229249000549316 0.211214005947113 0.186214998364449 0.183519005775452 0.2223179936409 0.229185000061989 0.201021999120712 0.203005000948906 0.217513993382454 0.223370000720024 0.20066599547863 0.199660003185272 0.193210005760193 0.173867002129555 0.178017005324364 0.227997004985809 0.197566002607346 0.195179000496864 0.18206399679184 0.160315006971359
0.170534998178482 0.154315993189812 0.156054005026817 0.131531000137329 0.0673765987157822 0.0605548992753029 0.0429815016686916 0.0184748005121946 0.0369768999516964 0.147716999053955 0.173051998019218 0.218944996595383 0.210860997438431 0.189870998263359 0.137836992740631 0.0805212035775185 0.170342996716499 0.246064007282257 0.248209998011589 0.254557013511658 0.257898986339569 0.236947998404503 0.25950101017952 0.2535580098629 0.244234994053841 0.215656995773315 0.224347993731499 0.228670999407768 0.215195000171661 0.203945994377136 0.11803200095892 0.113844998180866 0.174270004034042 0.178959995508194 0.20024099946022 0.180408999323845 0.208416000008583 0.177163004875183 0.155129000544548 0.215933993458748 0.191058993339539 0.185111999511719 0.231052994728088 0.208461001515388 0.181292995810509 0.179314002394676 0.224876999855042 0.210495993494987 0.189895004034042 0.156210005283356 0.159862995147705
0.159826993942261 0.157281994819641 0.151791006326675 0.155757993459702 0.144961997866631 0.111463002860546 0.113061003386974 0.0882169008255005 0.0840985998511314 0.130310997366905 0.230525001883507 0.241981998085976 0.172084003686905 0.0511014014482498 0.110087998211384 0.204178005456924 0.120875000953674 0.124353997409344 0.189888998866081 0.24252100288868 0.256994009017944 0.237844005227089 0.256446987390518 0.265859991312027 0.269681990146637 0.208719000220299 0.21942900121212 0.182756006717682 0.207938998937607 0.106178000569344 0.103868000209332 0.129950001835823 0.131098002195358 0.226832002401352 0.242742002010345 0.191054999828339 0.192948997020721 0.163477003574371 0.156084001064301 0.170000001788139 0.175925001502037 0.175744995474815 0.190696999430656 0.165967002511024 0.160010993480682 0.171638995409012 0.187346994876862 0.178827002644539 0.174547001719475 0.171636000275612 0.169569000601768
0.148289993405342 0.17196099460125 0.175982996821404 0.172865003347397 0.159633994102478 0.145955994725227 0.133763000369072 0.120732001960278 0.153669998049736 0.21586699783802 0.265496999025345 0.181986004114151 0.0457662008702755 0.0739523991942406 0.0818808972835541 0.106955997645855 0.183308005332947 0.146777004003525 0.117798998951912 0.149085000157356 0.22197499871254 0.207941994071007 0.235645994544029 0.253886014223099 0.234245002269745 0.226698994636536 0.173905000090599 0.221092998981476 0.15701000392437 0.120682999491692 0.127831995487213 0.156382992863655 0.238073006272316 0.166159003973007 0.206370994448662 0.167918995022774 0.173923000693321 0.170534998178482 0.195388004183769 0.157551005482674 0.195608004927635 0.191143006086349 0.126249000430107 0.160843998193741 0.155368000268936 0.152519002556801 0.155697003006935 0.200815007090569 0.201104998588562 0.18478199839592 0.157803997397423
0.183494001626968 0.147312000393867 0.159106999635696 0.146528005599976 0.143722996115685 0.145931005477905 0.102109000086784 0.11913800239563 0.188274994492531 0.221625998616219 0.235024005174637 0.132504001259804 0.0508449003100395 0.070983998477459 0.100527003407478 0.30595800280571 0.261918008327484 0.249555006623268 0.213112995028496 0.199836999177933 0.189411997795105 0.171868994832039 0.2240130007267 0.184091001749039 0.21909199655056 0.222369000315666 0.18775400519371 0.186486005783081 0.151638999581337 0.185193002223969 0.172784999012947 0.20414100587368 0.146638005971909 0.188189998269081 0.178940996527672 0.121233999729156 0.144060000777245 0.158353999257088 0.174747005105019 0.147425994277 0.170270994305611 0.140044003725052 0.138374000787735 0.149235993623734 0.138108000159264 0.124436996877193 0.154029995203018 0.162477001547813 0.175938993692398 0.124136000871658 0.117516003549099
0.197089999914169 0.150079995393753 0.158162996172905 0.137103006243706 0.12661600112915 0.139623999595642 0.182670995593071 0.112833999097347 0.138515993952751 0.199006006121635 0.224171996116638 0.213321000337601 0.161044999957085 0.0904954969882965 0.288507997989655 0.183613002300262 0.174483999609947 0.139954000711441 0.188727006316185 0.265790998935699 0.258816003799438 0.247610002756119 0.219793006777763 0.203912004828453 0.139647006988525 0.173938006162643 0.173604995012283 0.169606998562813 0.193906992673874 0.20532800257206 0.159934997558594 0.157217994332314 0.197367995977402 0.155817002058029 0.148016005754471 0.0985419005155563 0.073278896510601 0.140972003340721 0.165962994098663 0.162694007158279 0.0938204005360603 0.0842496976256371 0.12754000723362 0.133849993348122 0.11344800144434 0.171361997723579 0.151335999369621 0.147347003221512 0.147944003343582 0.106230996549129 0.132358998060226
