Phyllops_falcatus.asc
ncols  804
nrows  378
xllcorner  -74.6418056
yllcorner  17.2248604
cellsize 0.00833333370646766
NODATA_value  -9999
[rows 92 to 114 of 378, columns 312 to 363 of 804]
0.473318994045258 0.468239992856979 0.464365988969803 0.455621004104614 0.441417008638382 0.427320003509521 0.465178996324539 0.433429002761841 0.473275989294052 0.463860988616943 0.457345008850098 0.448296010494232 0.451454997062683 0.406044989824295 0.420610994100571 0.468133985996246 0.468809008598328 0.473470985889435 0.478985995054245 0.476090997457504 0.47104600071907 0.471955001354218 0.468226999044418 0.462803989648819 0.459111005067825 0.457978010177612 0.46050500869751 0.464758992195129 0.471163988113403 0.46825098991394 0.461621999740601 0.46160900592804 0.460696011781693 0.458451986312866 0.457504987716675 0.456624001264572 0.455457985401154 0.452791005373001 0.45532101392746 0.455817997455597 0.452421993017197 0.452935993671417 0.452210009098053 0.448249995708466 0.447452008724213 0.448422998189926 0.447919011116028 0.451207995414734 0.455971002578735 0.460608005523682 0.463328987360001 0.454699993133545
0.478906005620956 0.470901995897293 0.46262601017952 0.458205997943878 0.450457990169525 0.421267986297607 0.417856991291046 0.458586007356644 0.439918994903564 0.469489991664886 0.457906007766724 0.454052001237869 0.457401007413864 0.466531991958618 0.466939985752106 0.465200006961823 0.479288995265961 0.484272003173828 0.482401013374329 0.474788993597031 0.476273000240326 0.469954997301102 0.460954010486603 0.459757000207901 0.456461995840073 0.458880990743637 0.465894013643265 0.471496999263763 0.469543009996414 0.463948994874954 0.462348997592926 0.461465001106262 0.458591014146805 0.456891000270844 0.455482989549637 0.453233987092972 0.453018009662628 0.452549010515213 0.452769011259079 0.453896999359131 0.45286700129509 0.452522993087769 0.448798000812531 0.449265003204346 0.445459991693497 0.438093990087509 0.442227005958557 0.447252988815308 0.457260012626648 0.45193800330162 0.462644994258881 0.456620991230011
0.481959998607635 0.472530990839005 0.463939011096954 0.456577003002167 0.450726985931396 0.443127989768982 0.429459005594254 0.431612014770508 0.467301994562149 0.461456000804901 0.462774008512497 0.445246011018753 0.443818002939224 0.4619480073452 0.456746995449066 0.477519989013672 0.478421986103058 0.468198001384735 0.472203999757767 0.471570998430252 0.465539008378983 0.464482009410858 0.45473700761795 0.457850992679596 0.457100003957748 0.45958399772644 0.468169987201691 0.468551993370056 0.463277995586395 0.463564991950989 0.459522992372513 0.457280993461609 0.454706013202667 0.453895002603531 0.452987998723984 0.452315986156464 0.451707005500793 0.449741005897522 0.449959993362427 0.452324986457825 0.450994998216629 0.448327004909515 0.447697997093201 0.447425007820129 0.447239995002747 0.444761008024216 0.438138008117676 0.443984001874924 0.447643995285034 0.464486002922058 0.446857005357742 0.456530004739761
0.470658004283905 0.465981990098953 0.46696200966835 0.458119004964828 0.446397006511688 0.448507010936737 0.446588009595871 0.454641997814178 0.460043013095856 0.462334990501404 0.431490004062653 0.454035013914108 0.449187010526657 0.457567006349564 0.468479990959167 0.46272200345993 0.473403006792068 0.47647300362587 0.461306989192963 0.45872101187706 0.462053000926971 0.455365002155304 0.456375002861023 0.457435011863708 0.455305993556976 0.465831011533737 0.465256005525589 0.465885996818542 0.467168003320694 0.462222993373871 0.455949991941452 0.454117000102997 0.450953006744385 0.451694011688232 0.451631993055344 0.451288998126984 0.449974000453949 0.448830991983414 0.446805000305176 0.450257986783981 0.449575006961823 0.447254985570908 0.446859985589981 0.448821991682053 0.443127989768982 0.443639010190964 0.445832997560501 0.440320998430252 0.450033009052277 0.441466003656387 0.459390014410019 0.455482989549637
0.472555011510849 0.471114993095398 0.471868008375168 0.456299006938934 0.451568007469177 0.453101992607117 0.445275992155075 0.444353997707367 0.447739005088806 0.454614996910095 0.427837997674942 0.465476006269455 0.460943013429642 0.466524004936218 0.468825995922089 0.46035099029541 0.472483992576599 0.473363012075424 0.456658989191055 0.45541900396347 0.458916008472443 0.4529669880867 0.457040011882782 0.459060996770859 0.460408002138138 0.467005997896194 0.464417994022369 0.463389009237289 0.464302003383636 0.459511995315552 0.455011010169983 0.454495012760162 0.451554000377655 0.450764000415802 0.450246006250381 0.449384987354279 0.448395997285843 0.449490994215012 0.448334991931915 0.447127997875214 0.448408991098404 0.445941001176834 0.447200000286102 0.44513800740242 0.44344899058342 0.446198999881744 0.446435987949371 0.438789010047913 0.44540798664093 0.436661005020142 0.453209012746811 0.45117199420929
0.458003014326096 0.471749991178513 0.46595099568367 0.457935005426407 0.427579998970032 0.45525199174881 0.453299999237061 0.439765989780426 0.436406999826431 0.423644989728928 0.427659004926682 0.423628002405167 0.430339008569717 0.46993300318718 0.467492997646332 0.466789990663528 0.467274993658066 0.460388004779816 0.462478011846542 0.458930999040604 0.458775997161865 0.454733997583389 0.460884004831314 0.461151003837585 0.463542997837067 0.467000991106033 0.464971989393234 0.460810005664825 0.458218991756439 0.457489013671875 0.4548180103302 0.453409999608994 0.451774001121521 0.44980400800705 0.448567003011703 0.448457002639771 0.447802990674973 0.449272006750107 0.443718999624252 0.442725986242294 0.445504993200302 0.445710986852646 0.442624002695084 0.441908985376358 0.439651995897293 0.444117993116379 0.444211006164551 0.448352992534637 0.451788991689682 0.449865996837616 0.45388001203537 0.451142996549606
0.46390300989151 0.457664012908936 0.454414010047913 0.438320010900497 0.42909899353981 0.432144999504089 0.45423099398613 0.449712008237839 0.43818199634552 0.410216987133026 0.430077999830246 0.433299005031586 0.436872988939285 0.440696001052856 0.47027799487114 0.463109999895096 0.468466013669968 0.462145000696182 0.460528999567032 0.457735002040863 0.454088002443314 0.451945006847382 0.459717005491257 0.464951008558273 0.466805994510651 0.462395012378693 0.463968008756638 0.46238300204277 0.455879002809525 0.456735998392105 0.455188989639282 0.453694999217987 0.453702986240387 0.451593011617661 0.447890013456345 0.446431010961533 0.445782005786896 0.443955987691879 0.442467987537384 0.440165996551514 0.44165500998497 0.44021001458168 0.440416008234024 0.435101985931396 0.433369010686874 0.431080013513565 0.43647900223732 0.438621014356613 0.450217992067337 0.454991012811661 0.455572009086609 0.450724989175797
0.398609012365341 0.450767993927002 0.419647008180618 0.444229006767273 0.466035008430481 0.418868005275726 0.455734997987747 0.457316994667053 0.424228996038437 0.444029003381729 0.432379990816116 0.445017009973526 0.450435996055603 0.468733996152878 0.455853998661041 0.46459099650383 0.457365989685059 0.458099007606506 0.455300003290176 0.452295005321503 0.452755987644196 0.460202991962433 0.461746007204056 0.464244991540909 0.461311995983124 0.465249001979828 0.461986005306244 0.45744600892067 0.455662995576859 0.451608002185822 0.453069001436234 0.454867988824844 0.450998991727829 0.447571992874146 0.447393000125885 0.443904012441635 0.444536000490189 0.443087995052338 0.440602004528046 0.440943986177444 0.438479989767075 0.43843200802803 0.436268985271454 0.432303011417389 0.429343998432159 0.435252994298935 0.43112900853157 0.440757989883423 0.438827008008957 0.450033009052277 0.455623000860214 0.454932987689972
0.329212993383408 0.37050598859787 0.401984006166458 0.407038003206253 0.408571988344193 0.398847997188568 0.428669989109039 0.45354101061821 0.432359009981155 0.446550995111465 0.459535002708435 0.474146991968155 0.47273001074791 0.453521013259888 0.47578901052475 0.462009012699127 0.453651994466782 0.449910998344421 0.452376008033752 0.454724013805389 0.466935008764267 0.463710010051727 0.460927993059158 0.456827998161316 0.459284007549286 0.458842992782593 0.459255009889603 0.456072986125946 0.451705008745193 0.453498005867004 0.452971011400223 0.454847991466522 0.450242012739182 0.445643991231918 0.446420013904572 0.442299008369446 0.442494988441467 0.441240012645721 0.438062012195587 0.436892986297607 0.437801986932755 0.436681985855103 0.436513006687164 0.433930993080139 0.430406004190445 0.422111988067627 0.426330000162125 0.437364995479584 0.442584007978439 0.440697997808456 0.451871007680893 0.45355099439621
0.409741997718811 0.361622005701065 0.352733999490738 0.381655007600784 0.364026010036469 0.366340011358261 0.393833011388779 0.428213000297546 0.444821000099182 0.43349900841713 0.459524989128113 0.470066010951996 0.46568301320076 0.473697006702423 0.462325990200043 0.467463999986649 0.45907199382782 0.451442986726761 0.453289985656738 0.458202004432678 0.459704011678696 0.458588004112244 0.457720011472702 0.459004014730453 0.45320001244545 0.455480992794037 0.453909009695053 0.457563996315002 0.45277601480484 0.453489989042282 0.454856991767883 0.448345005512238 0.449918001890182 0.446657985448837 0.443513989448547 0.440795987844467 0.439648002386093 0.437402993440628 0.438614994287491 0.435027986764908 0.436154007911682 0.434558987617493 0.432574987411499 0.431638985872269 0.432381987571716 0.430381000041962 0.426735013723373 0.420029997825623 0.432610005140305 0.448619991540909 0.445288002490997 0.44725701212883
0.358208000659943 0.389890998601913 0.424353003501892 0.424474000930786 0.443141996860504 0.352548986673355 0.343037992715836 0.381247013807297 0.411047995090485 0.396806001663208 0.427487999200821 0.458424001932144 0.455067008733749 0.453444004058838 0.464437007904053 0.461576998233795 0.455722987651825 0.452430993318558 0.44828799366951 0.451777011156082 0.452953010797501 0.453447014093399 0.449333995580673 0.451388001441956 0.450042009353638 0.450711011886597 0.452560991048813 0.455458998680115 0.454892992973328 0.452143996953964 0.450778007507324 0.442532002925873 0.44549098610878 0.443796008825302 0.444956004619598 0.43792799115181 0.436358004808426 0.435943007469177 0.435375988483429 0.431082993745804 0.432027012109756 0.433990001678467 0.430954992771149 0.429627001285553 0.422591000795364 0.423373013734818 0.417151987552643 0.417019993066788 0.433649003505707 0.441825985908508 0.45033198595047 0.453633010387421
0.401302993297577 0.395648986101151 0.412593990564346 0.405773013830185 0.374788999557495 0.399028986692429 0.362493008375168 0.345885008573532 0.359544008970261 0.382862001657486 0.392432987689972 0.44174000620842 0.442375987768173 0.463261008262634 0.457201987504959 0.455141991376877 0.448395997285843 0.446999996900558 0.442907005548477 0.449066013097763 0.440586000680923 0.445650994777679 0.44404399394989 0.447860985994339 0.45066499710083 0.451288014650345 0.455265998840332 0.45600900053978 0.449286013841629 0.45558699965477 0.443376004695892 0.448891997337341 0.441704005002975 0.442171007394791 0.440364003181458 0.436841011047363 0.436210006475449 0.43477401137352 0.431735008955002 0.433349996805191 0.428586006164551 0.427383989095688 0.427776992321014 0.416361004114151 0.41975399851799 0.41983300447464 0.417537987232208 0.426542997360229 0.43232199549675 0.438657999038696 0.445365011692047 0.447670012712479
0.405642986297607 0.390525996685028 0.415378004312515 0.399392992258072 0.410012990236282 0.388018995523453 0.370842009782791 0.406973987817764 0.362080007791519 0.340730011463165 0.390296012163162 0.416785001754761 0.416382998228073 0.435344994068146 0.460880994796753 0.452091008424759 0.437720000743866 0.43988099694252 0.436150014400482 0.433391004800797 0.438813000917435 0.429031014442444 0.441886991262436 0.422661989927292 0.418536007404327 0.451315999031067 0.455734997987747 0.450502008199692 0.450569003820419 0.447654992341995 0.452372997999191 0.448785006999969 0.446298003196716 0.440279006958008 0.438001990318298 0.437357008457184 0.433463990688324 0.432182013988495 0.429978013038635 0.428222000598907 0.427498012781143 0.423117995262146 0.423822999000549 0.423492014408112 0.416799992322922 0.414956986904144 0.417419999837875 0.424497991800308 0.419396013021469 0.420305013656616 0.438221007585526 0.446693986654282
0.414512008428574 0.422930985689163 0.41143399477005 0.409094005823135 0.412802994251251 0.402350008487701 0.362392008304596 0.376230001449585 0.378118991851807 0.419317990541458 0.372987002134323 0.377508014440536 0.389735013246536 0.447017997503281 0.452760010957718 0.44625198841095 0.436985999345779 0.416563987731934 0.426925003528595 0.429459989070892 0.421566009521484 0.426236003637314 0.395393997430801 0.388911992311478 0.398674011230469 0.413787990808487 0.449019014835358 0.44625398516655 0.441033989191055 0.434778988361359 0.435782998800278 0.447145998477936 0.445062011480331 0.439716011285782 0.43784099817276 0.432689011096954 0.429908990859985 0.426591992378235 0.420139998197556 0.425392985343933 0.42816299200058 0.425159990787506 0.42161101102829 0.420554012060165 0.41721498966217 0.413031995296478 0.410443007946014 0.411965996026993 0.407258003950119 0.409379988908768 0.43843200802803 0.45175701379776
0.417223006486893 0.410293996334076 0.418320000171661 0.428575992584229 0.410656005144119 0.41067498922348 0.393653005361557 0.369053989648819 0.390098005533218 0.407254010438919 0.408241003751755 0.400350987911224 0.40938800573349 0.367363005876541 0.38798001408577 0.432826995849609 0.424629002809525 0.41499200463295 0.419257998466492 0.425900995731354 0.410999000072479 0.38645800948143 0.389553010463715 0.428775012493134 0.423162013292313 0.408921986818314 0.430202007293701 0.435804009437561 0.432390004396439 0.422311007976532 0.435869008302689 0.415692001581192 0.445017009973526 0.439103007316589 0.435396999120712 0.43171700835228 0.426773011684418 0.416808009147644 0.421698004007339 0.4322369992733 0.427199006080627 0.424145013093948 0.422078996896744 0.420708000659943 0.415565013885498 0.410939991474152 0.409480005502701 0.409099996089935 0.391914010047913 0.417362004518509 0.439731001853943 0.432437002658844
0.364504992961884 0.396194994449615 0.392493009567261 0.383385002613068 0.417751014232635 0.402195006608963 0.411155998706818 0.40012800693512 0.361043006181717 0.379857987165451 0.401627987623215 0.415950000286102 0.415634006261826 0.40753099322319 0.356986999511719 0.376928001642227 0.401789993047714 0.421095997095108 0.40709000825882 0.405292004346848 0.41567999124527 0.425686001777649 0.403598994016647 0.421824991703033 0.418460994958878 0.427767008543015 0.43284198641777 0.42926698923111 0.427709996700287 0.426577001810074 0.413823008537292 0.414600998163223 0.41626501083374 0.442479997873306 0.435838997364044 0.433723986148834 0.422013998031616 0.422731995582581 0.43477600812912 0.430000990629196 0.424445003271103 0.424362003803253 0.423473000526428 0.416487991809845 0.41312900185585 0.41499799489975 0.409128993749619 0.409770995378494 0.407929986715317 0.413260996341705 0.396941989660263 0.384427011013031
0.367119997739792 0.397469997406006 0.435934990644455 0.399379998445511 0.378221988677979 0.409622997045517 0.38978698849678 0.391882985830307 0.385973006486893 0.362596988677979 0.387667000293732 0.420554012060165 0.417407006025314 0.428346008062363 0.404350996017456 0.360893994569778 0.363000005483627 0.361633986234665 0.389373004436493 0.379882991313934 0.378255993127823 0.396463990211487 0.399975001811981 0.459760993719101 0.446974992752075 0.426201999187469 0.433625012636185 0.423065006732941 0.422802001237869 0.387100994586945 0.394214987754822 0.440499007701874 0.408903986215591 0.419620007276535 0.419894009828568 0.436677992343903 0.427886992692947 0.434157997369766 0.427300006151199 0.428380012512207 0.425639986991882 0.42399001121521 0.421339005231857 0.416592001914978 0.414393991231918 0.403019994497299 0.406848013401031 0.406729996204376 0.40447598695755 0.371513992547989 0.390529006719589 0.37371900677681
0.393408000469208 0.424059003591537 0.41380500793457 0.384757995605469 0.395994991064072 0.40046700835228 0.392232000827789 0.386550009250641 0.385461002588272 0.375743001699448 0.36717900633812 0.42349299788475 0.425794988870621 0.429780006408691 0.434244006872177 0.426930010318756 0.384822994470596 0.372593998908997 0.383262991905212 0.388604998588562 0.361921012401581 0.377613991498947 0.388653010129929 0.374166995286942 0.424733012914658 0.432402014732361 0.422031998634338 0.421333998441696 0.400662988424301 0.391389012336731 0.422710001468658 0.432972013950348 0.445910006761551 0.436782002449036 0.421425998210907 0.42280900478363 0.435205012559891 0.433544009923935 0.429387986660004 0.422809988260269 0.421683996915817 0.41796201467514 0.413376003503799 0.412517994642258 0.415122985839844 0.414045989513397 0.407624989748001 0.407783985137939 0.382892996072769 0.380387008190155 0.382692009210587 0.359142005443573
0.386947005987167 0.419465005397797 0.395579010248184 0.380694985389709 0.380719006061554 0.39342999458313 0.393323987722397 0.399944007396698 0.387174993753433 0.385560989379883 0.375755995512009 0.373346000909805 0.385450005531311 0.404442012310028 0.407130986452103 0.401746988296509 0.422082990407944 0.40659499168396 0.397089004516602 0.365103989839554 0.36762198805809 0.357289999723434 0.316675990819931 0.337480992078781 0.346673011779785 0.348899990320206 0.378912001848221 0.38272500038147 0.422250002622604 0.404318004846573 0.425152003765106 0.424998998641968 0.428407996892929 0.435856014490128 0.435737997293472 0.441374003887177 0.433609008789063 0.42909699678421 0.427484005689621 0.421326994895935 0.418175995349884 0.417109996080399 0.415960013866425 0.413040995597839 0.411448001861572 0.413648992776871 0.410899013280869 0.409271001815796 0.402469009160995 0.382908999919891 0.3768590092659 0.364264011383057
0.351006001234055 0.376311987638474 0.362327009439468 0.37976199388504 0.400476008653641 0.373834013938904 0.387501001358032 0.365615010261536 0.399515986442566 0.394771993160248 0.390877991914749 0.370485007762909 0.374918013811111 0.367725998163223 0.376208007335663 0.390868008136749 0.394419997930527 0.388565987348557 0.347860008478165 0.361234992742538 0.349707990884781 0.325006008148193 0.358372986316681 0.427372008562088 0.369453012943268 0.361400991678238 0.380021005868912 0.366699010133743 0.382025986909866 0.376367002725601 0.426946014165878 0.449883013963699 0.451958000659943 0.448938012123108 0.445473998785019 0.442333996295929 0.432875007390976 0.426948010921478 0.425482988357544 0.42179000377655 0.421312004327774 0.414739996194839 0.406518995761871 0.413572996854782 0.414059013128281 0.4096460044384 0.409693986177444 0.405759990215302 0.405795007944107 0.402581006288528 0.394486993551254 0.394396007061005
0.346657007932663 0.365106999874115 0.388384997844696 0.365018993616104 0.364764988422394 0.364399999380112 0.367639005184174 0.353987991809845 0.343380004167557 0.393734991550446 0.374430000782013 0.391294002532959 0.392809987068176 0.379615008831024 0.378430008888245 0.383087009191513 0.36965000629425 0.381126999855042 0.336151987314224 0.321794986724854 0.375607997179031 0.36413699388504 0.391999989748001 0.370597004890442 0.421276986598969 0.356240004301071 0.395004004240036 0.393007010221481 0.368941992521286 0.395372986793518 0.391452997922897 0.436650007963181 0.43426701426506 0.442315995693207 0.43768298625946 0.432170003652573 0.429715991020203 0.426335006952286 0.423467993736267 0.422022998332977 0.420989990234375 0.41364198923111 0.410382002592087 0.40931499004364 0.413545995950699 0.406533986330032 0.409925997257233 0.409483999013901 0.407402992248535 0.404653012752533 0.401946991682053 0.398620992898941
0.39097398519516 0.358759999275208 0.370934993028641 0.372727990150452 0.350946009159088 0.363727003335953 0.350645989179611 0.37661999464035 0.342126995325089 0.348152995109558 0.38739401102066 0.360866010189056 0.360857993364334 0.381265997886658 0.368176013231277 0.380463004112244 0.380217999219894 0.36523300409317 0.357776999473572 0.339053988456726 0.320620000362396 0.365729004144669 0.363860011100769 0.401057004928589 0.395577013492584 0.385066002607346 0.394766002893448 0.403934985399246 0.380021989345551 0.400590986013412 0.394881993532181 0.402895987033844 0.388393014669418 0.419436991214752 0.433636009693146 0.427136987447739 0.425853997468948 0.420006990432739 0.420105010271072 0.419544994831085 0.410371005535126 0.414893001317978 0.40643098950386 0.412717014551163 0.410138994455338 0.413159996271133 0.405894994735718 0.4062420129776 0.402819991111755 0.402462005615234 0.401053994894028 0.391288995742798
0.337626993656158 0.369289010763168 0.357234001159668 0.339278012514114 0.362226009368896 0.37152498960495 0.384925007820129 0.37755098938942 0.389207988977432 0.364464998245239 0.381410986185074 0.381819993257523 0.379135012626648 0.357906013727188 0.362336993217468 0.350782006978989 0.362563997507095 0.386249005794525 0.385742992162704 0.378592014312744 0.374417990446091 0.347887009382248 0.372229009866714 0.393602013587952 0.352012008428574 0.409254014492035 0.381682008504868 0.425193011760712 0.437918990850449 0.408529013395309 0.385933011770248 0.377633988857269 0.379979997873306 0.360033005475998 0.396968990564346 0.3524030148983 0.382090002298355 0.414822995662689 0.404686987400055 0.418947011232376 0.412811011075974 0.407829999923706 0.408392995595932 0.411044001579285 0.410896986722946 0.414972007274628 0.405362993478775 0.405342012643814 0.400173008441925 0.397311002016068 0.399210005998611 0.407341986894608
