Phyllonycteris_poeyi.asc
ncols  804
nrows  378
xllcorner  -74.6418056
yllcorner  17.2248604
cellsize 0.00833333370646766
NODATA_value  -9999
[rows 138 to 160 of 378, columns 364 to 415 of 804]
0.294241011142731 0.289819985628128 0.281809985637665 0.270850002765656 0.277476012706757 0.294465988874435 0.30154100060463 0.293325990438461 0.286509990692139 0.282323986291885 0.265242993831635 0.251538991928101 0.237645998597145 0.239538997411728 0.293520987033844 0.361270010471344 0.395568996667862 0.408573985099792 0.356370985507965 0.279462993144989 0.257577002048492 0.266135007143021 0.294907987117767 0.324182003736496 0.31573298573494 0.325022011995316 0.327484011650085 0.344114005565643 0.323935985565186 0.297861993312836 0.272911012172699 0.275846987962723 0.260917007923126 0.229772999882698 0.220765992999077 0.213109999895096 0.193838000297546 0.192410007119179 0.198669999837875 0.205403998494148 0.208691999316216 0.206679001450539 0.216659992933273 0.214449003338814 0.189968004822731 0.188161998987198 0.17611800134182 0.18945899605751 0.226206004619598 0.244308993220329 0.264791011810303 0.253692001104355
0.298440992832184 0.296885997056961 0.291462004184723 0.289041996002197 0.284927010536194 0.282444000244141 0.279830008745193 0.274832010269165 0.258893996477127 0.250438988208771 0.26460799574852 0.26249098777771 0.27801901102066 0.29832398891449 0.341141998767853 0.337666004896164 0.364587008953094 0.373739004135132 0.32370999455452 0.276360988616943 0.268083989620209 0.282752007246017 0.309810996055603 0.291325002908707 0.282056987285614 0.275781005620956 0.290316998958588 0.291222006082535 0.282047986984253 0.2812480032444 0.26452699303627 0.271512985229492 0.256554991006851 0.241839006543159 0.234102994203568 0.221419006586075 0.209352001547813 0.195216998457909 0.186799004673958 0.182607993483543 0.190194994211197 0.210106000304222 0.217196002602577 0.210731998085976 0.191854000091553 0.186261996626854 0.174884006381035 0.187871992588043 0.211628004908562 0.254150986671448 0.257279008626938 0.238970994949341
0.292338997125626 0.294975012540817 0.295666009187698 0.287133991718292 0.270323991775513 0.262578994035721 0.272983014583588 0.268108010292053 0.265433013439178 0.242991000413895 0.24685500562191 0.266005992889404 0.303115993738174 0.315793991088867 0.373649001121521 0.381511002779007 0.380499005317688 0.363757014274597 0.305869996547699 0.271724998950958 0.249761000275612 0.285124003887177 0.313288986682892 0.293415009975433 0.252283990383148 0.232324004173279 0.233897000551224 0.244537994265556 0.236186996102333 0.241662994027138 0.248959004878998 0.251028001308441 0.260890007019043 0.257995009422302 0.247009992599487 0.218474999070168 0.206569001078606 0.199026003479958 0.184186995029449 0.16907200217247 0.167979001998901 0.185908004641533 0.222308993339539 0.205831006169319 0.192124992609024 0.173074007034302 0.169358000159264 0.177349001169205 0.205627992749214 0.223213002085686 0.223903000354767 0.206487998366356
0.300168007612228 0.282460987567902 0.289380997419357 0.282532006502151 0.278753995895386 0.268065989017487 0.263588011264801 0.263411998748779 0.259041994810104 0.250844985246658 0.259234011173248 0.298637986183167 0.347241014242172 0.373885005712509 0.407988011837006 0.414582014083862 0.379593014717102 0.330516010522842 0.286455005407333 0.260796993970871 0.247105002403259 0.277619004249573 0.300588011741638 0.270835012197495 0.24515900015831 0.220128998160362 0.213704004883766 0.214910000562668 0.215715005993843 0.209196999669075 0.224147006869316 0.245566993951797 0.259249985218048 0.275790989398956 0.273672014474869 0.235018998384476 0.206711992621422 0.196555003523827 0.18953900039196 0.18138299882412 0.174685001373291 0.176859006285667 0.191153004765511 0.191493004560471 0.181363999843597 0.16355200111866 0.162651002407074 0.176042005419731 0.200693994760513 0.198405995965004 0.215443000197411 0.19812199473381
0.300094991922379 0.313724994659424 0.299373000860214 0.307467013597488 0.310198992490768 0.313612014055252 0.307666003704071 0.275168985128403 0.269520998001099 0.278239011764526 0.298642992973328 0.350616008043289 0.390911012887955 0.414285987615585 0.404592007398605 0.382912993431091 0.353269994258881 0.303252995014191 0.266519993543625 0.248909994959831 0.243920996785164 0.259584993124008 0.271016001701355 0.238713994622231 0.221226006746292 0.219470992684364 0.208109006285667 0.198853999376297 0.193191006779671 0.191036000847816 0.212512999773026 0.236763000488281 0.258632004261017 0.264831006526947 0.259995013475418 0.240163996815681 0.20915199816227 0.19328099489212 0.176007002592087 0.173620998859406 0.173923999071121 0.179885998368263 0.183531999588013 0.175084993243217 0.171351000666618 0.148194000124931 0.151693001389503 0.16032500565052 0.182005003094673 0.203185006976128 0.196811005473137 0.174371004104614
0.332433998584747 0.362628996372223 0.370449990034103 0.350544989109039 0.353446990251541 0.363754987716675 0.336796998977661 0.291987985372543 0.283060014247894 0.288765013217926 0.312308013439178 0.356617987155914 0.383139997720718 0.383771985769272 0.364948004484177 0.329147011041641 0.29993000626564 0.276396006345749 0.258376002311707 0.251778990030289 0.247070997953415 0.244161993265152 0.22461000084877 0.215165004134178 0.207895994186401 0.215898007154465 0.195013999938965 0.177946001291275 0.173556998372078 0.183847993612289 0.191526994109154 0.211726993322372 0.234220996499062 0.246219992637634 0.244198992848396 0.231077998876572 0.204808995127678 0.18283599615097 0.158607006072998 0.158744007349014 0.156794995069504 0.157143995165825 0.16711600124836 0.159703999757767 0.148332998156548 0.132584005594254 0.129779994487762 0.139529004693031 0.160487994551659 0.176212996244431 0.173586994409561 0.158664003014565
0.380928009748459 0.402994990348816 0.387199997901917 0.399726986885071 0.40863099694252 0.364004999399185 0.330316990613937 0.296577990055084 0.280757993459702 0.301779985427856 0.329427003860474 0.351402997970581 0.353740006685257 0.339558988809586 0.308881014585495 0.282602995634079 0.266692012548447 0.260951995849609 0.252276986837387 0.239288002252579 0.237946003675461 0.240358993411064 0.236783996224403 0.229587003588676 0.223822996020317 0.212878003716469 0.190770998597145 0.169882997870445 0.181565999984741 0.182088002562523 0.199288994073868 0.218658000230789 0.228459000587463 0.230763003230095 0.230758994817734 0.2291070073843 0.202885001897812 0.176099002361298 0.158705994486809 0.146576002240181 0.141348004341125 0.141760006546974 0.153209000825882 0.150869995355606 0.133831992745399 0.128582999110222 0.126625001430511 0.132869005203247 0.144748002290726 0.152976006269455 0.155737996101379 0.154679998755455
0.406765013933182 0.39215499162674 0.352174013853073 0.352189987897873 0.349902004003525 0.348782986402512 0.310086011886597 0.291081011295319 0.303981006145477 0.334903001785278 0.348452985286713 0.326873004436493 0.307309985160828 0.283666998147964 0.277462989091873 0.266582995653152 0.252586007118225 0.243434995412827 0.242310002446175 0.231800004839897 0.246570006012917 0.235578998923302 0.224392995238304 0.228728994727135 0.222179993987083 0.202059999108315 0.188132002949715 0.177778005599976 0.186758995056152 0.181483000516891 0.207698002457619 0.234856992959976 0.247865006327629 0.238120004534721 0.235497996211052 0.239127993583679 0.21756500005722 0.177184998989105 0.161808997392654 0.150840997695923 0.146235004067421 0.154991000890732 0.154236003756523 0.153420999646187 0.140214994549751 0.130873993039131 0.117051996290684 0.111854001879692 0.11879800260067 0.129280999302864 0.141065999865532 0.152310997247696
0.382109999656677 0.351810991764069 0.319276988506317 0.321714013814926 0.31784000992775 0.309549003839493 0.301517993211746 0.300132989883423 0.313919007778168 0.326930999755859 0.327176988124847 0.284339010715485 0.277990013360977 0.272022992372513 0.265857011079788 0.251098990440369 0.22851200401783 0.221952006220818 0.222160995006561 0.238636001944542 0.260282009840012 0.258983999490738 0.226671993732452 0.223657995462418 0.207323998212814 0.181182995438576 0.17765000462532 0.188461005687714 0.185691997408867 0.176172003149986 0.210307002067566 0.257068008184433 0.263042002916336 0.244719997048378 0.235356003046036 0.222678005695343 0.207631006836891 0.188664004206657 0.159714996814728 0.150578007102013 0.149577006697655 0.152106001973152 0.147624000906944 0.145960003137589 0.139146000146866 0.126209005713463 0.115722998976707 0.107663996517658 0.104519002139568 0.111368998885155 0.12024299800396 0.133498996496201
0.34291398525238 0.300516992807388 0.322623014450073 0.321424007415771 0.312213003635406 0.2985819876194 0.286998987197876 0.27512401342392 0.298620998859406 0.3002710044384 0.30205100774765 0.276463985443115 0.267513990402222 0.256154000759125 0.243299007415771 0.243148997426033 0.232023999094963 0.232694998383522 0.215554997324944 0.24890099465847 0.26308399438858 0.275768011808395 0.262131989002228 0.232123002409935 0.204340994358063 0.184130996465683 0.194294005632401 0.182476997375488 0.18945699930191 0.199423998594284 0.220641002058983 0.251516997814178 0.27497598528862 0.250919997692108 0.233005002140999 0.223711997270584 0.210403993725777 0.188382998108864 0.172335997223854 0.154777005314827 0.150683000683784 0.154538005590439 0.154368996620178 0.147266998887062 0.132710993289948 0.121705003082752 0.118174999952316 0.113641001284122 0.10843999683857 0.111734002828598 0.119336001574993 0.121661998331547
0.306951999664307 0.309175997972488 0.349898010492325 0.357773989439011 0.347148001194 0.316601991653442 0.28677898645401 0.28336501121521 0.295697003602982 0.270503997802734 0.277024000883102 0.249593004584312 0.244953006505966 0.220597997307777 0.22291199862957 0.235762998461723 0.217065006494522 0.226092994213104 0.224822998046875 0.2481320053339 0.298469007015228 0.306663990020752 0.280339002609253 0.237478002905846 0.215232998132706 0.204474002122879 0.197806000709534 0.183776006102562 0.184055998921394 0.202219992876053 0.220377996563911 0.254817008972168 0.295094013214111 0.268480002880096 0.235109999775887 0.212415993213654 0.192497000098228 0.17824099957943 0.175712004303932 0.163157001137733 0.160190999507904 0.160816997289658 0.157020002603531 0.152439996600151 0.145374000072479 0.139312997460365 0.135033994913101 0.128855004906654 0.123480997979641 0.116710998117924 0.108497001230717 0.104589000344276
0.300978004932404 0.317649006843567 0.362174987792969 0.400694012641907 0.383002012968063 0.34503298997879 0.328204989433289 0.313558012247086 0.295255988836288 0.284895002841949 0.269742995500565 0.241622000932693 0.235745996236801 0.22452899813652 0.212479993700981 0.211930006742477 0.213603004813194 0.209123998880386 0.208591997623444 0.242856994271278 0.301187008619308 0.306050002574921 0.27513399720192 0.234984993934631 0.212717995047569 0.20031900703907 0.19378499686718 0.196328997612 0.208721995353699 0.211939007043839 0.230489999055862 0.274711012840271 0.267778992652893 0.262685000896454 0.236686006188393 0.218281000852585 0.199637994170189 0.179286003112793 0.172534003853798 0.16457200050354 0.152285993099213 0.153055995702744 0.149147003889084 0.149908006191254 0.145052000880241 0.137725993990898 0.138215005397797 0.134437993168831 0.129355996847153 0.121039003133774 0.112460002303123 0.111530996859074
0.280743002891541 0.301423013210297 0.367729008197784 0.391609996557236 0.387742012739182 0.346989989280701 0.330958008766174 0.322223007678986 0.310606002807617 0.291301995515823 0.280470997095108 0.265720993280411 0.246665999293327 0.228716999292374 0.213116005063057 0.219758003950119 0.221350997686386 0.213036999106407 0.218560993671417 0.239016994833946 0.267046004533768 0.281949996948242 0.255791991949081 0.220658004283905 0.207555994391441 0.195584997534752 0.18741999566555 0.215535998344421 0.231325998902321 0.235350996255875 0.246889993548393 0.273440986871719 0.279917985200882 0.265727996826172 0.249120995402336 0.21340200304985 0.183981001377106 0.181145995855331 0.167788997292519 0.154932007193565 0.139412000775337 0.143117994070053 0.137068003416061 0.139532998204231 0.142928004264832 0.134571000933647 0.133842006325722 0.127058997750282 0.126067996025085 0.125018998980522 0.120954997837543 0.117306999862194
0.279406011104584 0.298413008451462 0.354306012392044 0.36311200261116 0.34927698969841 0.325601994991302 0.3177630007267 0.322383999824524 0.312370002269745 0.291229993104935 0.268756002187729 0.250048011541367 0.233880996704102 0.224400997161865 0.216599002480507 0.229826003313065 0.230492994189262 0.222240999341011 0.220243006944656 0.228697001934052 0.235237002372742 0.24091500043869 0.2204529941082 0.207389995455742 0.203529998660088 0.192359000444412 0.201381996273994 0.228793993592262 0.237314000725746 0.264649987220764 0.273337006568909 0.28040799498558 0.278699994087219 0.278117001056671 0.252274006605148 0.216722995042801 0.200756996870041 0.181790992617607 0.155516996979713 0.141065999865532 0.132746994495392 0.127768993377686 0.134365007281303 0.128516003489494 0.131100997328758 0.138088002800941 0.134368002414703 0.129042997956276 0.124417997896671 0.116221003234386 0.113688997924328 0.113834999501705
0.296546012163162 0.305671006441116 0.323668986558914 0.317954987287521 0.297906011343002 0.287636995315552 0.295453011989594 0.301550000905991 0.304684996604919 0.280793994665146 0.255717009305954 0.244999006390572 0.243341997265816 0.234145998954773 0.231373995542526 0.228523001074791 0.226933002471924 0.223390996456146 0.218216001987457 0.217875003814697 0.219234004616737 0.224570006132126 0.219205006957054 0.215325996279716 0.221851006150246 0.20490500330925 0.20406399667263 0.20414599776268 0.234953999519348 0.26307401061058 0.282445996999741 0.271053999662399 0.257952004671097 0.239750996232033 0.242810994386673 0.219374001026154 0.197047993540764 0.186088994145393 0.157749995589256 0.150432005524635 0.149045005440712 0.135450005531311 0.146332994103432 0.122611001133919 0.113608002662659 0.131268993020058 0.136620998382568 0.130019992589951 0.120917998254299 0.109333999454975 0.109186001121998 0.104511000216007
0.289380997419357 0.297578006982803 0.298173010349274 0.296995013952255 0.280638992786407 0.274868011474609 0.270769000053406 0.271086007356644 0.272881001234055 0.262618988752365 0.26740100979805 0.251949995756149 0.252777010202408 0.248159006237984 0.239466995000839 0.236643001437187 0.230544999241829 0.223285004496574 0.222538992762566 0.230849996209145 0.2394690066576 0.234626993536949 0.235405996441841 0.238137006759644 0.221706002950668 0.22393199801445 0.202328994870186 0.206893995404243 0.206485003232956 0.239920005202293 0.270107001066208 0.257921010255814 0.239601001143456 0.221735000610352 0.248903006315231 0.24405400454998 0.209535002708435 0.193708002567291 0.17221699655056 0.166930004954338 0.152114003896713 0.146450996398926 0.14494700729847 0.13340799510479 0.13119900226593 0.131138995289803 0.129575997591019 0.126347005367279 0.113378003239632 0.102601997554302 0.101576000452042 0.0967684984207153
0.306589007377625 0.306805014610291 0.300332993268967 0.292308002710342 0.283190995454788 0.278420001268387 0.277541011571884 0.274585008621216 0.268375009298325 0.270049005746841 0.256666988134384 0.248882994055748 0.238840997219086 0.256637006998062 0.284426003694534 0.277110993862152 0.241743996739388 0.23173700273037 0.227406993508339 0.251529008150101 0.27972200512886 0.302955001592636 0.284500002861023 0.262627005577087 0.264824002981186 0.249521002173424 0.232304006814957 0.216756001114845 0.210318997502327 0.225492000579834 0.228139996528625 0.22494800388813 0.223598003387451 0.219806000590324 0.229939997196198 0.242140993475914 0.218426004052162 0.202928006649017 0.182860001921654 0.160971000790596 0.159318998456001 0.155119001865387 0.135546997189522 0.118281997740269 0.119379997253418 0.128215998411179 0.128341004252434 0.118906997144222 0.107097998261452 0.100094996392727 0.0943652018904686 0.0922311991453171
0.289492011070251 0.312323004007339 0.312759011983871 0.298438996076584 0.28846800327301 0.278082996606827 0.258087992668152 0.252250999212265 0.247240006923676 0.263956010341644 0.249514997005463 0.256936013698578 0.24209800362587 0.278688013553619 0.303209990262985 0.272886991500854 0.237630993127823 0.221604004502296 0.204674005508423 0.239359006285667 0.287445992231369 0.316973000764847 0.320767998695374 0.290176004171371 0.268079996109009 0.271077990531921 0.272410988807678 0.253434985876083 0.244774997234344 0.231746003031731 0.20771199464798 0.194014996290207 0.208740994334221 0.205282002687454 0.223865002393723 0.24456299841404 0.226012006402016 0.206918999552727 0.192580997943878 0.17561699450016 0.15684600174427 0.140931993722916 0.126504004001617 0.11166699975729 0.107566997408867 0.116810001432896 0.119046002626419 0.116976998746395 0.105695001780987 0.105318002402782 0.0991730019450188 0.0963366031646729
0.276858001947403 0.286074012517929 0.298307001590729 0.282965004444122 0.266164988279343 0.24354100227356 0.251836001873016 0.242282003164291 0.230303004384041 0.256000995635986 0.272944986820221 0.293011993169785 0.296709001064301 0.310763001441956 0.31827899813652 0.289431005716324 0.240978002548218 0.223995998501778 0.198079004883766 0.246141999959946 0.287272989749908 0.299520999193192 0.306690007448196 0.282750010490417 0.275328010320663 0.281497985124588 0.31700199842453 0.299854010343552 0.284687012434006 0.256743997335434 0.233267992734909 0.202501997351646 0.203520998358727 0.189506992697716 0.224315002560616 0.250912994146347 0.229863002896309 0.199054002761841 0.187202006578445 0.190142005681992 0.173020005226135 0.149719998240471 0.124889999628067 0.120578996837139 0.122611999511719 0.125548005104065 0.117734998464584 0.110909000039101 0.105088002979755 0.108726002275944 0.100764997303486 0.0957107022404671
0.30162701010704 0.310559004545212 0.30051600933075 0.297751992940903 0.294600993394852 0.279188990592957 0.272350996732712 0.248852998018265 0.25203800201416 0.282536000013351 0.312709003686905 0.304809004068375 0.315999001264572 0.315241008996964 0.296770989894867 0.252757012844086 0.238340005278587 0.221226006746292 0.222290992736816 0.243595004081726 0.268693000078201 0.295935988426208 0.285290002822876 0.246610999107361 0.249374002218246 0.241510003805161 0.274617999792099 0.290019989013672 0.304502010345459 0.287625998258591 0.260935992002487 0.237380996346474 0.218121007084846 0.207980006933212 0.213641002774239 0.231199994683266 0.215975001454353 0.201583996415138 0.196121007204056 0.174484997987747 0.157960996031761 0.139045998454094 0.141625002026558 0.131157994270325 0.127839997410774 0.127685993909836 0.122479997575283 0.11455400288105 0.113252997398376 0.111878998577595 0.102271996438503 0.0936475992202759
0.298307001590729 0.310835987329483 0.31012299656868 0.312056005001068 0.292194992303848 0.285780996084213 0.275658994913101 0.253948003053665 0.259108990430832 0.269172012805939 0.292228996753693 0.313225001096725 0.309650003910065 0.29262700676918 0.267019987106323 0.252182006835938 0.227634996175766 0.209279999136925 0.206577003002167 0.227687001228333 0.27761098742485 0.308550000190735 0.272549986839294 0.231870993971825 0.219034001231194 0.230702996253967 0.264118999242783 0.286772012710571 0.279588997364044 0.298016995191574 0.29585200548172 0.264883011579514 0.254431992769241 0.263469994068146 0.251733988523483 0.21288600564003 0.205286994576454 0.200600996613503 0.183182999491692 0.157768994569778 0.14750200510025 0.148954004049301 0.150701001286507 0.129447996616364 0.133315995335579 0.13450799882412 0.125900000333786 0.114147998392582 0.11438500136137 0.11888200044632 0.114699997007847 0.102812997996807
0.306026995182037 0.306104004383087 0.30519300699234 0.305067002773285 0.30340901017189 0.29925200343132 0.286971986293793 0.277280986309052 0.27461901307106 0.267764985561371 0.267286002635956 0.285180002450943 0.277678996324539 0.262672007083893 0.257822006940842 0.235232993960381 0.230378001928329 0.221222996711731 0.230038002133369 0.252954006195068 0.292019993066788 0.332394987344742 0.291613012552261 0.245021000504494 0.215739995241165 0.207374006509781 0.216060996055603 0.240672007203102 0.287503004074097 0.291070997714996 0.294353991746902 0.291341006755829 0.274448990821838 0.264270007610321 0.263287991285324 0.241850003600121 0.218054994940758 0.193543002009392 0.185228005051613 0.171074002981186 0.16992199420929 0.16473500430584 0.15854600071907 0.149524003267288 0.144751995801926 0.135581001639366 0.123709999024868 0.12312900274992 0.124793000519276 0.112416997551918 0.116318002343178 0.110464997589588
0.311399012804031 0.306910991668701 0.304794013500214 0.303364992141724 0.302123010158539 0.296355009078979 0.289135009050369 0.281901001930237 0.277419000864029 0.272646009922028 0.268857002258301 0.267435014247894 0.260991990566254 0.257660001516342 0.253719002008438 0.23395499587059 0.218055993318558 0.208651006221771 0.230497002601624 0.270595014095306 0.307832002639771 0.335274994373322 0.306609004735947 0.273645013570786 0.230703994631767 0.200362995266914 0.186036005616188 0.193802997469902 0.224213004112244 0.259660005569458 0.291079014539719 0.298950999975204 0.295316010713577 0.27420300245285 0.26111701130867 0.235265001654625 0.223840996623039 0.192296996712685 0.169625997543335 0.154995992779732 0.156231001019478 0.153995007276535 0.147451996803284 0.141872003674507 0.132969006896019 0.129032999277115 0.121031999588013 0.130416005849838 0.129669994115829 0.119415000081062 0.123168997466564 0.118514001369476
