Phyllops_falcatus.asc
ncols  804
nrows  378
xllcorner  -74.6418056
yllcorner  17.2248604
cellsize 0.00833333370646766
NODATA_value  -9999
[rows 46 to 68 of 378, columns 416 to 467 of 804]
-9999 -9999 -9999 -9999 -9999 -9999 -9999 -9999 -9999 -9999 -9999 -9999 -9999 -9999 -9999 -9999 -9999 -9999 -9999 -9999 -9999 -9999 -9999 -9999 -9999 -9999 -9999 -9999 -9999 -9999 -9999 -9999 -9999 -9999 -9999 -9999 -9999 -9999 -9999 -9999 -9999 -9999 -9999 -9999 -9999 -9999 -9999 -9999 -9999 -9999 -9999 -9999
-9999 -9999 -9999 -9999 -9999 -9999 -9999 -9999 -9999 -9999 -9999 -9999 -9999 -9999 -9999 -9999 -9999 -9999 -9999 -9999 -9999 -9999 -9999 -9999 -9999 -9999 -9999 -9999 -9999 -9999 -9999 -9999 -9999 -9999 -9999 -9999 -9999 -9999 -9999 -9999 -9999 -9999 -9999 -9999 -9999 -9999 -9999 -9999 -9999 -9999 -9999 -9999
-9999 -9999 -9999 -9999 -9999 -9999 -9999 -9999 -9999 -9999 -9999 -9999 -9999 -9999 -9999 -9999 -9999 -9999 -9999 -9999 -9999 -9999 -9999 -9999 -9999 -9999 -9999 -9999 -9999 -9999 -9999 -9999 -9999 -9999 -9999 -9999 -9999 -9999 -9999 -9999 -9999 -9999 -9999 -9999 -9999 -9999 -9999 -9999 -9999 -9999 -9999 -9999
-9999 -9999 -9999 -9999 -9999 -9999 -9999 -9999 -9999 -9999 -9999 -9999 -9999 -9999 -9999 -9999 -9999 -9999 -9999 -9999 -9999 -9999 -9999 -9999 -9999 -9999 -9999 -9999 -9999 -9999 -9999 -9999 -9999 -9999 -9999 -9999 -9999 -9999 -9999 -9999 -9999 -9999 -9999 -9999 -9999 -9999 -9999 -9999 -9999 -9999 -9999 -9999
-9999 -9999 -9999 -9999 -9999 -9999 -9999 -9999 -9999 -9999 -9999 -9999 -9999 -9999 -9999 -9999 -9999 -9999 -9999 -9999 -9999 -9999 -9999 -9999 -9999 -9999 -9999 -9999 -9999 -9999 -9999 -9999 -9999 -9999 -9999 -9999 -9999 -9999 -9999 -9999 -9999 -9999 -9999 -9999 -9999 -9999 -9999 -9999 -9999 -9999 -9999 -9999
-9999 -9999 -9999 -9999 -9999 -9999 -9999 -9999 -9999 -9999 -9999 -9999 -9999 -9999 -9999 -9999 -9999 -9999 -9999 -9999 -9999 -9999 -9999 -9999 -9999 -9999 -9999 -9999 -9999 -9999 -9999 -9999 -9999 -9999 -9999 -9999 -9999 -9999 -9999 -9999 -9999 -9999 -9999 -9999 -9999 -9999 -9999 -9999 -9999 -9999 -9999 -9999
-9999 -9999 -9999 -9999 -9999 -9999 -9999 -9999 -9999 -9999 -9999 -9999 -9999 -9999 -9999 -9999 -9999 -9999 -9999 0.575214982032776 -9999 -9999 -9999 -9999 -9999 -9999 -9999 -9999 -9999 -9999 -9999 -9999 -9999 -9999 -9999 -9999 -9999 -9999 -9999 -9999 -9999 -9999 -9999 -9999 -9999 -9999 -9999 -9999 -9999 -9999 -9999 -9999
-9999 -9999 -9999 -9999 -9999 -9999 -9999 -9999 -9999 -9999 -9999 -9999 -9999 -9999 -9999 0.570379972457886 0.571098983287811 0.569397985935211 0.563784003257751 0.571013987064362 0.575865983963013 0.576528012752533 0.581736028194427 0.592958986759186 -9999 -9999 -9999 -9999 -9999 -9999 -9999 -9999 -9999 -9999 -9999 -9999 -9999 -9999 -9999 -9999 -9999 -9999 -9999 -9999 -9999 -9999 -9999 -9999 -9999 -9999 -9999 -9999
-9999 -9999 -9999 -9999 -9999 -9999 -9999 -9999 -9999 -9999 -9999 -9999 -9999 0.561685979366302 0.552802979946136 0.554054975509644 0.554288029670715 0.550417006015778 0.563845992088318 0.574136018753052 0.576345980167389 0.576990008354187 0.582215011119843 0.582459986209869 0.590121984481812 0.593644976615906 -9999 -9999 -9999 0.595834016799927 -9999 -9999 -9999 -9999 -9999 -9999 -9999 -9999 -9999 -9999 -9999 -9999 -9999 -9999 -9999 -9999 -9999 -9999 -9999 -9999 -9999 -9999
-9999 -9999 -9999 -9999 -9999 -9999 -9999 -9999 -9999 -9999 -9999 -9999 0.551014006137848 0.542169988155365 0.539120972156525 0.540907979011536 0.544324994087219 0.559149026870728 0.568728029727936 0.577289998531342 0.591102004051208 0.570451974868774 0.584017992019653 0.555001974105835 0.579993009567261 0.585906982421875 0.586700975894928 0.58719402551651 0.587296009063721 0.586598992347717 0.595333993434906 0.598936021327972 -9999 -9999 -9999 -9999 -9999 -9999 -9999 0.610628008842468 -9999 -9999 -9999 -9999 -9999 -9999 -9999 -9999 -9999 -9999 -9999 -9999
-9999 -9999 -9999 -9999 -9999 -9999 -9999 -9999 -9999 -9999 -9999 0.543361008167267 0.537908017635345 0.534608006477356 0.540955007076263 0.543883979320526 0.548021972179413 0.566156983375549 0.567722976207733 0.575644016265869 0.576569020748138 0.572363018989563 0.579530000686646 0.575569987297058 0.553704023361206 0.582754015922546 0.58193701505661 0.58083701133728 0.576906025409698 0.588163018226624 0.586646020412445 0.591740012168884 0.59392899274826 0.595027029514313 0.589842021465302 0.600974977016449 0.591416001319885 0.607234001159668 0.605971992015839 0.609520018100739 0.612676024436951 -9999 -9999 -9999 -9999 -9999 -9999 -9999 -9999 -9999 -9999 -9999
-9999 -9999 -9999 -9999 -9999 -9999 -9999 -9999 -9999 -9999 0.550038993358612 0.540012001991272 0.533215999603271 0.531422972679138 0.535229027271271 0.540315985679626 0.539646029472351 0.560082972049713 0.566533982753754 0.577100992202759 0.572103977203369 0.567975997924805 0.587781012058258 0.584748983383179 0.552478015422821 0.576469004154205 0.578212976455688 0.575537025928497 0.572368025779724 0.583211004734039 0.58194899559021 0.591710984706879 0.594560980796814 0.593267977237701 0.591221988201141 0.602195024490356 0.59148097038269 0.611918985843658 0.611104011535645 0.611895978450775 0.61345100402832 -9999 -9999 -9999 -9999 -9999 -9999 -9999 -9999 -9999 -9999 -9999
-9999 -9999 -9999 -9999 -9999 -9999 -9999 -9999 -9999 -9999 -9999 0.535408973693848 0.533968985080719 0.535486996173859 0.530830979347229 0.52930098772049 0.552223980426788 0.55716598033905 0.552609026432037 0.539449989795685 0.555796980857849 0.563108026981354 0.574878990650177 0.558529019355774 0.565514028072357 0.577046990394592 0.573970973491669 0.576219975948334 0.572839975357056 0.57124400138855 0.579523980617523 0.586184024810791 0.584235012531281 0.598493993282318 0.59109902381897 0.595315992832184 0.605637013912201 0.602078974246979 0.612537026405334 0.608905017375946 0.609215974807739 0.611030995845795 0.608502984046936 0.613386988639832 -9999 -9999 -9999 -9999 -9999 -9999 -9999 -9999
-9999 -9999 -9999 -9999 -9999 -9999 -9999 -9999 -9999 -9999 0.540105998516083 0.533816993236542 0.539106011390686 0.524267017841339 0.531461000442505 0.530988991260529 0.526947975158691 0.53728199005127 0.522955000400543 0.549663007259369 0.579351007938385 0.566205978393555 0.549552023410797 0.574347019195557 0.577104985713959 0.579316020011902 0.567893981933594 0.570006012916565 0.567076027393341 0.572310984134674 0.576695024967194 0.578832983970642 0.597226977348328 0.589477002620697 0.595820009708405 0.596840977668762 0.605135023593903 0.606117010116577 0.607847988605499 0.605452001094818 0.602892994880676 0.603743016719818 0.613332986831665 0.611943006515503 0.61414897441864 -9999 -9999 -9999 -9999 -9999 -9999 -9999
-9999 -9999 -9999 -9999 -9999 -9999 -9999 0.549710988998413 0.549556970596313 0.548960983753204 0.546961009502411 0.541415989398956 0.537065982818604 0.535880029201508 0.521458983421326 0.51970899105072 0.526991009712219 0.520376980304718 0.517271995544434 0.529654979705811 0.546993970870972 0.528998970985413 0.563817024230957 0.574171006679535 0.564275026321411 0.57582300901413 0.568744003772736 0.565467000007629 0.56783002614975 0.568090975284576 0.571160018444061 0.587225019931793 0.585900008678436 0.590723991394043 0.581663012504578 0.597437024116516 0.605386018753052 0.600432991981506 0.600884974002838 0.592088997364044 0.59968501329422 0.61474597454071 0.610388994216919 0.615361988544464 0.615648984909058 0.613227009773254 -9999 -9999 -9999 -9999 -9999 -9999
0.543824970722198 0.545230984687805 0.545189023017883 0.546217024326324 0.547097027301788 0.547810971736908 0.548166990280151 0.546552002429962 0.54721599817276 0.548309028148651 0.549908995628357 0.54815399646759 0.547251999378204 0.552761018276215 0.550599992275238 0.550418972969055 0.549076020717621 0.53406298160553 0.526639997959137 0.521049022674561 0.531462013721466 0.546490013599396 0.56454998254776 0.575496971607208 0.560072004795074 0.555719017982483 0.564792990684509 0.559868991374969 0.557569026947021 0.555950999259949 0.57353800535202 0.575173020362854 0.582454979419708 0.579382002353668 0.584392011165619 0.590961992740631 0.595346987247467 0.60002201795578 0.595879018306732 0.59127002954483 0.605745017528534 0.614443004131317 0.625585973262787 0.600847005844116 0.613932013511658 0.614733994007111 0.611572980880737 -9999 -9999 -9999 -9999 -9999
0.53948301076889 0.525071978569031 0.526727020740509 0.538760006427765 0.541023015975952 0.548138022422791 0.548874974250793 0.547110974788666 0.548012018203735 0.548210024833679 0.54720801115036 0.547627985477448 0.550626993179321 0.551518023014069 0.551428020000458 0.551809012889862 0.548204004764557 0.548618018627167 0.538488984107971 0.543745994567871 0.547266006469727 0.552286028862 0.554361999034882 0.559212982654572 0.565630972385406 0.558710992336273 0.570227980613708 0.556309998035431 0.546504020690918 0.561699986457825 0.554992973804474 0.572878003120422 0.565189003944397 0.571891009807587 0.579164981842041 0.585138976573944 0.584110975265503 0.584941983222961 0.589654982089996 0.592673003673553 0.60307502746582 0.611742973327637 0.615913987159729 0.619342029094696 0.607397019863129 0.613906025886536 0.61353200674057 -9999 -9999 -9999 -9999 -9999
0.520906984806061 0.520303010940552 0.532622992992401 0.53191602230072 0.537734985351563 0.518103003501892 0.532666981220245 0.552815020084381 0.545068025588989 0.550638020038605 0.548895001411438 0.547240018844604 0.549341976642609 0.550574004650116 0.552432000637054 0.552756011486053 0.552092015743256 0.54763400554657 0.548011004924774 0.548183977603912 0.548682987689972 0.547429978847504 0.549269020557404 0.544516026973724 0.562133014202118 0.544183015823364 0.56200897693634 0.564047992229462 0.556415975093842 0.55546498298645 0.546990990638733 0.557684004306793 0.569828987121582 0.563567996025085 0.584698021411896 0.580982983112335 0.594587028026581 0.583127975463867 0.58796900510788 0.602012991905212 0.612277984619141 0.610736012458801 0.614655017852783 0.626721978187561 0.603147983551025 0.613457024097443 0.60621702671051 0.608330011367798 -9999 -9999 -9999 -9999
0.534999012947083 0.521821975708008 0.524313986301422 0.535803020000458 0.514393985271454 0.532696008682251 0.515317022800446 0.539476990699768 0.531889975070953 0.535908997058868 0.55079197883606 0.551276981830597 0.548144996166229 0.54959899187088 0.550692021846771 0.551164984703064 0.548111021518707 0.548362016677856 0.549998998641968 0.549090027809143 0.549380004405975 0.548362970352173 0.542998015880585 0.547504007816315 0.549467980861664 0.5502610206604 0.55791699886322 0.5467249751091 0.542330026626587 0.553130984306335 0.549898982048035 0.555404007434845 0.561244010925293 0.573876023292542 0.57014000415802 0.585228025913239 0.593511998653412 0.590276002883911 0.586615025997162 0.590269982814789 0.599795997142792 0.606131017208099 0.611528992652893 0.610960006713867 0.614682972431183 0.596840977668762 0.601517021656036 0.600369989871979 0.603269994258881 0.609376013278961 0.606738984584808 0.622487008571625
0.528609991073608 0.526148021221161 0.530885994434357 0.530160009860992 0.527868986129761 0.521661996841431 0.542145013809204 0.539740979671478 0.536737024784088 0.509500026702881 0.522496998310089 0.55706000328064 0.538222014904022 0.554103016853333 0.553242027759552 0.549566984176636 0.545980989933014 0.547599017620087 0.548637986183167 0.549763023853302 0.548811018466949 0.544968008995056 0.544441998004913 0.545031011104584 0.542162001132965 0.550827026367188 0.555364012718201 0.547558009624481 0.548243999481201 0.545553982257843 0.539309024810791 0.545839011669159 0.5608189702034 0.565500974655151 0.571277976036072 0.576754987239838 0.586468994617462 0.58482301235199 0.57691502571106 0.579863011837006 0.589264988899231 0.600171029567719 0.587629020214081 0.617151021957397 0.612021028995514 0.59400600194931 0.589330971240997 0.592996001243591 0.577307999134064 0.58042299747467 0.62542599439621 0.614947021007538
0.520829975605011 0.525385975837708 0.525950014591217 0.518160998821259 0.527123987674713 0.526907980442047 0.531828999519348 0.536369979381561 0.510896980762482 0.51953798532486 0.51952999830246 0.54620099067688 0.558125019073486 0.536725997924805 0.551396012306213 0.549125015735626 0.546019017696381 0.543600022792816 0.548084020614624 0.549539029598236 0.545680999755859 0.547670006752014 0.544884979724884 0.534434020519257 0.534359991550446 0.547735989093781 0.539826989173889 0.548801004886627 0.552402019500732 0.54619300365448 0.55265599489212 0.550050973892212 0.554445028305054 0.550867974758148 0.568737983703613 0.577417016029358 0.57975298166275 0.581269025802612 0.572818994522095 0.583231985569 0.599301993846893 0.598733007907867 0.610496997833252 0.585874021053314 0.581606984138489 0.579680979251862 0.587342977523804 0.563805997371674 0.544570028781891 0.583769023418427 0.607720971107483 0.622389018535614
0.521728992462158 0.514307022094727 0.513580024242401 0.519739985466003 0.525838017463684 0.532441973686218 0.529695987701416 0.529760003089905 0.524190008640289 0.522185981273651 0.536225974559784 0.546387016773224 0.545014977455139 0.549715995788574 0.546544015407562 0.54388302564621 0.539671003818512 0.536956012248993 0.545765995979309 0.53854501247406 0.527553975582123 0.541015028953552 0.535202980041504 0.539665997028351 0.541261970996857 0.5450080037117 0.550794005393982 0.542532026767731 0.545566976070404 0.541306972503662 0.548252999782562 0.548403024673462 0.554117977619171 0.547132015228271 0.55019199848175 0.558785974979401 0.556725025177002 0.56401401758194 0.575367987155914 0.577727019786835 0.602765023708344 0.581897974014282 0.598936975002289 0.606876015663147 0.588886976242065 0.581889986991882 0.575743973255157 0.543842971324921 0.562525987625122 0.588036000728607 0.62186199426651 0.636102974414825
0.514532029628754 0.512638986110687 0.522877991199493 0.517261028289795 0.518052995204926 0.525425970554352 0.520078003406525 0.521676003932953 0.52081698179245 0.511178970336914 0.53259402513504 0.543862998485565 0.539310991764069 0.538941979408264 0.536926984786987 0.536126971244812 0.533407986164093 0.532550990581512 0.512039005756378 0.531639993190765 0.532245993614197 0.527639985084534 0.541167974472046 0.536171972751617 0.533891975879669 0.536656975746155 0.530269026756287 0.540633976459503 0.544344007968903 0.549112021923065 0.548886001110077 0.546416997909546 0.548642992973328 0.552625000476837 0.547441005706787 0.549865007400513 0.552681028842926 0.554615020751953 0.557039022445679 0.571102976799011 0.565310001373291 0.580151975154877 0.562471985816956 0.556707978248596 0.571772992610931 0.578314006328583 0.568690001964569 0.568391978740692 0.582213997840881 0.627399981021881 0.622910976409912 0.626980006694794
