Phyllonycteris_poeyi.asc
ncols  804
nrows  378
xllcorner  -74.6418056
yllcorner  17.2248604
cellsize 0.00833333370646766
NODATA_value  -9999
[rows 69 to 91 of 378, columns 416 to 467 of 804]
0.50543200969696 0.492467999458313 0.478321999311447 0.475003004074097 0.479712009429932 0.471121996641159 0.447968989610672 0.426600992679596 0.43375700712204 0.470349997282028 0.50179398059845 0.518801987171173 0.519641995429993 0.505420982837677 0.494646996259689 0.46977499127388 0.455594003200531 0.461322993040085 0.487684011459351 0.523557007312775 0.536409020423889 0.51954597234726 0.48207101225853 0.466423988342285 0.470988988876343 0.477672010660172 0.486936986446381 0.492128014564514 0.484171003103256 0.477310001850128 0.476328998804092 0.468304008245468 0.463589012622833 0.465335994958878 0.466100990772247 0.470578014850616 0.483209997415543 0.511834025382996 0.53770500421524 0.561212003231049 0.590812981128693 0.613883018493652 0.607127010822296 0.57991099357605 0.54600602388382 0.529833018779755 0.520523011684418 0.550961971282959 0.614614009857178 0.697938978672028 0.734246015548706 0.731675982475281
0.513437986373901 0.512832999229431 0.513633012771606 0.506727993488312 0.498879998922348 0.477304995059967 0.442826002836227 0.426865994930267 0.449321985244751 0.482807993888855 0.514150023460388 0.530798017978668 0.529631018638611 0.521713018417358 0.514576971530914 0.476635992527008 0.443107008934021 0.446711003780365 0.473414987325668 0.525681018829346 0.544692993164063 0.51646101474762 0.473847985267639 0.462329000234604 0.480827987194061 0.505160987377167 0.534265995025635 0.544153988361359 0.525099992752075 0.512299001216888 0.503709018230438 0.491546988487244 0.47052401304245 0.462383985519409 0.462536990642548 0.464047014713287 0.471201986074448 0.486864000558853 0.513050973415375 0.540019989013672 0.560571014881134 0.54839301109314 0.541749000549316 0.530368983745575 0.54830002784729 0.57346099615097 0.567667007446289 0.58116602897644 0.630131006240845 0.689858973026276 0.73045802116394 0.708076000213623
0.481887996196747 0.491118997335434 0.517332017421722 0.525846004486084 0.521022021770477 0.500654995441437 0.462065994739532 0.453018009662628 0.46262601017952 0.483417987823486 0.508952975273132 0.518072009086609 0.535932004451752 0.540021002292633 0.525102972984314 0.4808129966259 0.43970200419426 0.431710988283157 0.466533988714218 0.516004025936127 0.528856992721558 0.491439014673233 0.453276991844177 0.451790004968643 0.478493988513947 0.526115000247955 0.566684007644653 0.577171981334686 0.553098022937775 0.540540993213654 0.534048020839691 0.522522985935211 0.48504900932312 0.467036008834839 0.471554011106491 0.471790999174118 0.466073989868164 0.46663498878479 0.484775006771088 0.504519999027252 0.505145013332367 0.500642001628876 0.503085017204285 0.506820976734161 0.546846985816956 0.592791974544525 0.616470992565155 0.614103019237518 0.643211007118225 0.679304003715515 0.688639998435974 0.641049981117249
0.444445013999939 0.473738014698029 0.500730991363525 0.504348993301392 0.507099986076355 0.524406015872955 0.501986026763916 0.484097987413406 0.482502013444901 0.483146011829376 0.493559986352921 0.515775978565216 0.538632988929749 0.541519999504089 0.523284018039703 0.476451009511948 0.436378985643387 0.423590004444122 0.462278991937637 0.508203983306885 0.509549021720886 0.470077008008957 0.436969995498657 0.440504014492035 0.482089012861252 0.543431997299194 0.576403975486755 0.593237996101379 0.549749970436096 0.541490972042084 0.544641971588135 0.531014978885651 0.49667501449585 0.47486400604248 0.482491999864578 0.482881993055344 0.469577997922897 0.459661990404129 0.457769989967346 0.468984007835388 0.470849007368088 0.466998010873795 0.469377994537354 0.474786013364792 0.529036998748779 0.583330988883972 0.613475024700165 0.621390998363495 0.635775983333588 0.663679003715515 0.665785014629364 0.600531995296478
0.402877986431122 0.421768993139267 0.447614014148712 0.469056993722916 0.476467996835709 0.49421900510788 0.513530015945435 0.510298013687134 0.503264009952545 0.488626003265381 0.490512996912003 0.517292022705078 0.537984013557434 0.551841020584106 0.536544024944305 0.490945994853973 0.437507003545761 0.4305360019207 0.452901005744934 0.497094005346298 0.504437983036041 0.461748003959656 0.431688010692596 0.432164996862411 0.470391988754272 0.534969985485077 0.570466995239258 0.5782830119133 0.533208012580872 0.511934995651245 0.51793098449707 0.520168006420135 0.48870000243187 0.471408993005753 0.482118010520935 0.503033995628357 0.492462009191513 0.471754997968674 0.456171005964279 0.448471993207932 0.445107996463776 0.442016005516052 0.452212005853653 0.461430013179779 0.485428988933563 0.529417991638184 0.557009994983673 0.581537008285522 0.611021995544434 0.647518992424011 0.648330986499786 0.570659995079041
0.358233988285065 0.383895993232727 0.41363599896431 0.430604994297028 0.455119997262955 0.475475013256073 0.49448099732399 0.48632401227951 0.487470000982285 0.496735006570816 0.492550998926163 0.521055996417999 0.539304971694946 0.55136901140213 0.552977025508881 0.518239974975586 0.456838995218277 0.430734008550644 0.446013003587723 0.482647001743317 0.497135013341904 0.481757998466492 0.441908985376358 0.434516996145248 0.455996006727219 0.51196700334549 0.564073026180267 0.576831996440887 0.529824018478394 0.492843985557556 0.498710006475449 0.506316006183624 0.484593987464905 0.465108007192612 0.471821993589401 0.493559986352921 0.498654991388321 0.482641011476517 0.464383989572525 0.443567991256714 0.433223009109497 0.434249997138977 0.446887999773026 0.468261986970901 0.47748601436615 0.490294009447098 0.50220400094986 0.516161978244781 0.559841990470886 0.623493015766144 0.636516988277435 0.578594982624054
0.332511991262436 0.343874007463455 0.354597002267838 0.3750079870224 0.407445996999741 0.437963008880615 0.445549011230469 0.460280001163483 0.448520004749298 0.457130998373032 0.459192007780075 0.502939999103546 0.508485019207001 0.523823976516724 0.54773998260498 0.526184022426605 0.470389991998672 0.435676991939545 0.43470299243927 0.463366001844406 0.495310992002487 0.500379025936127 0.466095000505447 0.434527993202209 0.438508003950119 0.472808986902237 0.522655010223389 0.549073994159698 0.521625995635986 0.483574986457825 0.480762988328934 0.509546995162964 0.504227995872498 0.469740986824036 0.462906986474991 0.478184998035431 0.489726990461349 0.478697001934052 0.464029997587204 0.445957988500595 0.427754014730453 0.426279008388519 0.426607012748718 0.456701010465622 0.481215000152588 0.495056986808777 0.481222003698349 0.48744198679924 0.533451974391937 0.607353985309601 0.644753992557526 0.622923016548157
0.332677990198135 0.336236000061035 0.334755003452301 0.338526010513306 0.354081988334656 0.374945014715195 0.394336998462677 0.41653698682785 0.427244991064072 0.430857002735138 0.443242013454437 0.463366985321045 0.478666007518768 0.510089993476868 0.528519988059998 0.51622200012207 0.473102003335953 0.448520004749298 0.436993002891541 0.460361003875732 0.493730008602142 0.506440997123718 0.485379010438919 0.451247006654739 0.442947000265121 0.468225002288818 0.512763977050781 0.536243975162506 0.503139019012451 0.464922994375229 0.471480011940002 0.506588995456696 0.516669988632202 0.481114000082016 0.460806995630264 0.464518010616302 0.473051011562347 0.470207005739212 0.463355004787445 0.445118010044098 0.429226994514465 0.423067986965179 0.419360011816025 0.44937801361084 0.487791985273361 0.50977498292923 0.51944500207901 0.542397975921631 0.575689017772675 0.630030989646912 0.660255014896393 0.657876014709473
0.336551994085312 0.338030993938446 0.337563008069992 0.335399985313416 0.337992995977402 0.34765899181366 0.356433004140854 0.36693200469017 0.369157999753952 0.382600009441376 0.40896201133728 0.459082990884781 0.500599026679993 0.523546993732452 0.521242022514343 0.494762003421783 0.466993004083633 0.449452012777328 0.452910989522934 0.470324009656906 0.507495999336243 0.518153011798859 0.501913011074066 0.479741007089615 0.476087003946304 0.494343012571335 0.516674995422363 0.521727025508881 0.482964009046555 0.44158199429512 0.445562988519669 0.482459992170334 0.494031995534897 0.472833007574081 0.458187013864517 0.479153007268906 0.490929007530212 0.489780008792877 0.482315003871918 0.456232994794846 0.432949006557465 0.416352987289429 0.421595990657806 0.4305340051651 0.438396990299225 0.480944991111755 0.531370997428894 0.573548972606659 0.615603983402252 0.664713025093079 0.680918991565704 0.674551010131836
0.345991998910904 0.344570010900497 0.342631012201309 0.340907990932465 0.338959991931915 0.336405992507935 0.336318999528885 0.345043987035751 0.349317997694016 0.354557991027832 0.359275013208389 0.388067990541458 0.448053002357483 0.455484002828598 0.477649003267288 0.475369989871979 0.474629998207092 0.468268007040024 0.459239989519119 0.47112700343132 0.503800988197327 0.532140970230103 0.534246027469635 0.525421977043152 0.528882026672363 0.539215981960297 0.531624972820282 0.514171004295349 0.470295995473862 0.4357950091362 0.430711001157761 0.460851013660431 0.467922002077103 0.450120002031326 0.446530997753143 0.481471985578537 0.528167009353638 0.536337971687317 0.511065006256104 0.479802012443542 0.449674010276794 0.42493599653244 0.420038014650345 0.417093992233276 0.430927991867065 0.450884014368057 0.491676986217499 0.545217990875244 0.61116498708725 0.643992006778717 0.693131983280182 0.690371990203857
0.355093002319336 0.354207992553711 0.352968990802765 0.347490012645721 0.343232005834579 0.340921998023987 0.337931007146835 0.34170201420784 0.338434994220734 0.341693997383118 0.344368994235992 0.356889009475708 0.379339009523392 0.388518005609512 0.421173989772797 0.40990799665451 0.42365300655365 0.428406000137329 0.42943400144577 0.435950994491577 0.455518990755081 0.500477015972137 0.526331007480621 0.541996002197266 0.554226994514465 0.553538978099823 0.536396980285645 0.516955018043518 0.493304997682571 0.458687007427216 0.449176013469696 0.462763011455536 0.459111005067825 0.435492992401123 0.435674011707306 0.471906989812851 0.53302401304245 0.560052990913391 0.550575971603394 0.496959000825882 0.47155499458313 0.456256985664368 0.437254995107651 0.420798003673553 0.416837006807327 0.425377011299133 0.454062014818192 0.5016930103302 0.565828025341034 0.604246020317078 0.645307004451752 0.688408970832825
0.366658985614777 0.366629987955093 0.363110989332199 0.355733007192612 0.352737009525299 0.346657007932663 0.344772011041641 0.345086008310318 0.340195000171661 0.338182002305984 0.341123014688492 0.344103991985321 0.348370999097824 0.359223991632462 0.375095993280411 0.378877013921738 0.400142997503281 0.401273995637894 0.406183987855911 0.402539014816284 0.421745985746384 0.438849002122879 0.477896988391876 0.514527022838593 0.548398017883301 0.554629981517792 0.549621999263763 0.539372026920319 0.5208979845047 0.504306972026825 0.497431010007858 0.495689988136292 0.470955014228821 0.430929988622665 0.417845994234085 0.454079002141953 0.532420992851257 0.561788976192474 0.563475012779236 0.52470600605011 0.500321984291077 0.48921400308609 0.469377994537354 0.435566991567612 0.418666988611221 0.418094009160995 0.417704999446869 0.443913996219635 0.498360991477966 0.592296004295349 0.627964019775391 0.655301988124847
0.379409998655319 0.37644699215889 0.370898991823196 0.366439998149872 0.360498011112213 0.355253994464874 0.35173299908638 0.349545001983643 0.349215000867844 0.342871010303497 0.345966994762421 0.343311995267868 0.347086012363434 0.349216997623444 0.349822014570236 0.348551988601685 0.351875007152557 0.359432995319366 0.353038012981415 0.373356014490128 0.366975992918015 0.395173996686935 0.429803013801575 0.451243013143539 0.507978975772858 0.523564994335175 0.536903023719788 0.539774000644684 0.557379007339478 0.557406008243561 0.544773995876312 0.509800016880035 0.483038991689682 0.435321003198624 0.419032990932465 0.446171998977661 0.510012984275818 0.562555015087128 0.542814016342163 0.507192015647888 0.502285003662109 0.51970100402832 0.50502598285675 0.465335994958878 0.425610989332199 0.423745006322861 0.42050901055336 0.430467993021011 0.473028004169464 0.525874018669128 0.591264009475708 0.63221400976181
0.392661988735199 0.388336986303329 0.381458014249802 0.375784009695053 0.370371997356415 0.365559995174408 0.361981004476547 0.357764005661011 0.354990005493164 0.351518988609314 0.351588010787964 0.353812009096146 0.356346994638443 0.355028003454208 0.349108994007111 0.344687014818192 0.340680986642838 0.348179012537003 0.343118011951447 0.32599601149559 0.346785008907318 0.349310994148254 0.364674985408783 0.394472986459732 0.421373009681702 0.472447007894516 0.512481987476349 0.526205003261566 0.562005996704102 0.564401984214783 0.553367972373962 0.52436101436615 0.482234001159668 0.461010009050369 0.454328000545502 0.482744991779327 0.523433029651642 0.545135974884033 0.531579971313477 0.486023992300034 0.478291004896164 0.506353974342346 0.5314120054245 0.506326973438263 0.448882013559341 0.431755989789963 0.430671006441116 0.445939004421234 0.446859002113342 0.476381003856659 0.520871996879578 0.553179025650024
0.403589993715286 0.398970007896423 0.39138400554657 0.384481996297836 0.379404991865158 0.37542599439621 0.368988990783691 0.364437997341156 0.359618991613388 0.355648010969162 0.359499990940094 0.36549898982048 0.368690013885498 0.367821007966995 0.362152993679047 0.352851986885071 0.348641991615295 0.346004992723465 0.346834003925323 0.340562999248505 0.335179001092911 0.313208997249603 0.322492986917496 0.356097996234894 0.364634990692139 0.394775986671448 0.465555012226105 0.50772100687027 0.538326025009155 0.550852000713348 0.554624021053314 0.511066973209381 0.496066004037857 0.498234003782272 0.51536899805069 0.529309988021851 0.540091991424561 0.536796987056732 0.498917996883392 0.453850001096725 0.456229001283646 0.480753004550934 0.529761016368866 0.527813971042633 0.490987002849579 0.449661999940872 0.43112701177597 0.44530400633812 0.461277008056641 0.46501699090004 0.465970009565353 0.480455011129379
0.413242995738983 0.40599200129509 0.397202998399734 0.389869004487991 0.384615004062653 0.380230009555817 0.377467006444931 0.372267007827759 0.368144005537033 0.365119010210037 0.371105998754501 0.376179993152618 0.382337987422943 0.379031002521515 0.373704999685287 0.366946011781693 0.359807997941971 0.353720992803574 0.349388986825943 0.348881989717484 0.343872994184494 0.336849987506866 0.334984004497528 0.340238988399506 0.331728994846344 0.361030012369156 0.403880000114441 0.440221011638641 0.49227300286293 0.514986991882324 0.52750301361084 0.531461000442505 0.514339983463287 0.521403014659882 0.562722980976105 0.558817982673645 0.560388028621674 0.540744006633759 0.502129018306732 0.462260991334915 0.439830005168915 0.469318985939026 0.507700979709625 0.53752601146698 0.513459980487823 0.466381996870041 0.446731001138687 0.438820987939835 0.435501992702484 0.436455994844437 0.444813013076782 0.443569988012314
0.416750013828278 0.40777400135994 0.398928999900818 0.391274988651276 0.386433005332947 0.383621007204056 0.38086798787117 0.379572004079819 0.378437995910645 0.377034991979599 0.381051003932953 0.384321004152298 0.388117998838425 0.383949995040894 0.380308985710144 0.37576100230217 0.369047999382019 0.363261997699738 0.358467012643814 0.35147500038147 0.350957006216049 0.348367005586624 0.34416601061821 0.343501001596451 0.332204014062881 0.332643002271652 0.355208992958069 0.395413994789124 0.44004899263382 0.473320007324219 0.494017004966736 0.523295998573303 0.521848976612091 0.548169016838074 0.55572497844696 0.56379497051239 0.573064029216766 0.548877000808716 0.516525983810425 0.483502000570297 0.441430002450943 0.446824014186859 0.492669999599457 0.522431015968323 0.519554018974304 0.497485995292664 0.458669990301132 0.437534987926483 0.429708003997803 0.419995009899139 0.415811002254486 0.436046004295349
0.416453003883362 0.409325003623962 0.399334013462067 0.393148988485336 0.389254987239838 0.387320995330811 0.385232001543045 0.386265993118286 0.385185986757278 0.386869013309479 0.388808995485306 0.392524987459183 0.389598995447159 0.386922001838684 0.383763998746872 0.379541009664536 0.374430000782013 0.372193992137909 0.367893993854523 0.36251100897789 0.35827100276947 0.353487014770508 0.349559009075165 0.346882998943329 0.341760009527206 0.339078009128571 0.339217007160187 0.350762993097305 0.373564004898071 0.406419008970261 0.445161998271942 0.480664998292923 0.508782029151917 0.525928974151611 0.538739025592804 0.545359015464783 0.551079988479614 0.54585200548172 0.540987014770508 0.505795001983643 0.455211013555527 0.437359005212784 0.460779994726181 0.496333003044128 0.522584974765778 0.511802017688751 0.488570988178253 0.441094011068344 0.412934005260468 0.406471014022827 0.401089012622833 0.408491998910904
0.414231985807419 0.406697005033493 0.402054011821747 0.39810499548912 0.394726991653442 0.391256988048553 0.390798002481461 0.39105498790741 0.391452014446259 0.392444014549255 0.394062012434006 0.391353994607925 0.389005988836288 0.386608988046646 0.384108990430832 0.381482988595963 0.379747003316879 0.377534985542297 0.374186009168625 0.369379013776779 0.365597993135452 0.36141300201416 0.357223987579346 0.353619992733002 0.352145999670029 0.349462002515793 0.337590992450714 0.334275007247925 0.346311986446381 0.363653987646103 0.394062012434006 0.449874997138977 0.487374007701874 0.509544014930725 0.512457013130188 0.500186026096344 0.508804023265839 0.524149000644684 0.52838397026062 0.502583026885986 0.446289002895355 0.423848003149033 0.442247003316879 0.48513400554657 0.518257021903992 0.515290021896362 0.485004991292953 0.451732009649277 0.419414013624191 0.415291011333466 0.42042800784111 0.402027010917664
0.412730008363724 0.408713012933731 0.405744999647141 0.40514001250267 0.403625011444092 0.401308000087738 0.398584991693497 0.397192001342773 0.397195994853973 0.396811008453369 0.395426005125046 0.393083989620209 0.390415996313095 0.388550013303757 0.385322004556656 0.383992999792099 0.381247013807297 0.381505012512207 0.377761989831924 0.374202013015747 0.369161009788513 0.368185013532639 0.36437800526619 0.360738009214401 0.356501013040543 0.355421006679535 0.351859003305435 0.346307009458542 0.346275985240936 0.344633996486664 0.372689992189407 0.41559100151062 0.463326007127762 0.483240991830826 0.461773991584778 0.437260001897812 0.437528014183044 0.467431992292404 0.487067013978958 0.458765000104904 0.409054011106491 0.394308000802994 0.420105993747711 0.458420008420944 0.491896003484726 0.500599026679993 0.477941989898682 0.445946991443634 0.433791995048523 0.458074003458023 0.451276987791061 0.426607996225357
0.413964986801147 0.411886006593704 0.409669011831284 0.409399002790451 0.408766001462936 0.406740009784698 0.404745995998383 0.40277698636055 0.401865988969803 0.400866001844406 0.397913992404938 0.394674986600876 0.392471998929977 0.388552993535995 0.385628998279572 0.383982986211777 0.383953988552094 0.382739990949631 0.379474997520447 0.376295000314713 0.374336987733841 0.371486991643906 0.369971007108688 0.366995006799698 0.363990008831024 0.36089101433754 0.357340008020401 0.353922009468079 0.351604014635086 0.343259006738663 0.359598994255066 0.371273994445801 0.41236799955368 0.419028013944626 0.398324996232986 0.375353991985321 0.371484011411667 0.401675999164581 0.427807986736298 0.408634006977081 0.370734006166458 0.360675007104874 0.382546007633209 0.416464000940323 0.434720993041992 0.440481007099152 0.441778987646103 0.426474004983902 0.461849987506866 0.489338010549545 0.506043970584869 0.442487001419067
0.417483001947403 0.41601699590683 0.414047986268997 0.411749005317688 0.409377008676529 0.408010005950928 0.40701699256897 0.405860990285873 0.405156999826431 0.404341012239456 0.401549994945526 0.397531986236572 0.393638998270035 0.388958990573883 0.385906994342804 0.384822010993958 0.383882999420166 0.382845997810364 0.380921006202698 0.378414005041122 0.377880990505219 0.377584993839264 0.375189006328583 0.373762011528015 0.371078997850418 0.365384012460709 0.361692011356354 0.357926994562149 0.354943007230759 0.352815002202988 0.356404989957809 0.360758006572723 0.377294987440109 0.368463009595871 0.356718003749847 0.346671998500824 0.341129988431931 0.358471006155014 0.370288014411926 0.365882992744446 0.351668000221252 0.343975007534027 0.356476992368698 0.364928007125854 0.373429000377655 0.379963010549545 0.390507012605667 0.424293994903564 0.469195991754532 0.500717997550964 0.515523016452789 0.48005199432373
0.423007994890213 0.423649996519089 0.419463008642197 0.414463996887207 0.409428000450134 0.406634002923965 0.405640006065369 0.405070006847382 0.404731005430222 0.405862987041473 0.403973996639252 0.39920300245285 0.394125998020172 0.388698995113373 0.384947001934052 0.384030997753143 0.382854014635086 0.381480008363724 0.379952013492584 0.379790008068085 0.382236003875732 0.382927000522614 0.383314996957779 0.38018399477005 0.376598000526428 0.373199999332428 0.366465985774994 0.363471001386642 0.358245998620987 0.356059998273849 0.356534987688065 0.358776986598969 0.35792601108551 0.354342997074127 0.345329999923706 0.340934008359909 0.337707012891769 0.344700992107391 0.353219002485275 0.344233006238937 0.348199993371964 0.327495008707047 0.338266998529434 0.342449992895126 0.338773995637894 0.344372987747192 0.360302001237869 0.377416014671326 0.44938400387764 0.502587974071503 0.517041027545929 0.50629198551178
