Phyllops_falcatus.asc
ncols  804
nrows  378
xllcorner  -74.6418056
yllcorner  17.2248604
cellsize 0.00833333370646766
NODATA_value  -9999
[rows 138 to 160 of 378, columns 312 to 363 of 804]
0.39750599861145 0.396245002746582 0.393415987491608 0.388893991708755 0.389378994703293 0.379413992166519 0.339217007160187 0.343230009078979 0.360756009817123 0.361211985349655 0.351496994495392 0.359607994556427 0.361294001340866 0.367588013410568 0.395065009593964 0.397794008255005 0.394318014383316 0.397024005651474 0.382319003343582 0.398319005966187 0.320192992687225 0.386249005794525 0.387627989053726 0.370490998029709 0.383152008056641 0.372350007295609 0.374478995800018 0.356846004724503 0.348298996686935 0.360716998577118 0.3716079890728 0.363640010356903 0.355677992105484 0.375696986913681 0.380661010742188 0.367913007736206 0.362617999315262 0.382587999105453 0.34485799074173 0.368916988372803 0.374534994363785 0.38426199555397 0.375524997711182 0.381417989730835 0.374843001365662 0.404861986637115 0.398299992084503 0.395184010267258 0.383150011301041 0.377095013856888 0.373414993286133 0.362913995981216
0.398093998432159 0.393099993467331 0.39801099896431 0.39257401227951 0.38825398683548 0.382636994123459 0.345981001853943 0.331817001104355 0.365206003189087 0.367417991161346 0.351594001054764 0.351411014795303 0.351658999919891 0.364417999982834 0.382887989282608 0.388336002826691 0.393063008785248 0.397597998380661 0.409119009971619 0.375351011753082 0.37890499830246 0.30289500951767 0.387578010559082 0.378131002187729 0.376560002565384 0.378347992897034 0.360774010419846 0.358543992042542 0.363779008388519 0.354045987129211 0.339011996984482 0.349458992481232 0.362585991621017 0.357219010591507 0.353749990463257 0.383078008890152 0.389171987771988 0.379256010055542 0.393653988838196 0.358226001262665 0.372976988554001 0.368229985237122 0.37618300318718 0.372301012277603 0.385127991437912 0.386922001838684 0.392538994550705 0.392919987440109 0.387706011533737 0.379512012004852 0.368631988763809 0.373138010501862
0.400831013917923 0.398885011672974 0.395197004079819 0.394358992576599 0.386846989393234 0.388835996389389 0.372354000806808 0.333871990442276 0.330448985099792 0.369661003351212 0.366728007793427 0.347377002239227 0.349599003791809 0.34995299577713 0.355495005846024 0.371643990278244 0.393658995628357 0.394715011119843 0.382710009813309 0.401446998119354 0.37465301156044 0.354918003082275 0.316569000482559 0.390246987342834 0.372974991798401 0.372729003429413 0.361454993486404 0.377862006425858 0.3473179936409 0.357939004898071 0.358429998159409 0.353367000818253 0.345907986164093 0.336717009544373 0.345667988061905 0.339634001255035 0.358152985572815 0.380649000406265 0.380807995796204 0.408659011125565 0.374323010444641 0.33474799990654 0.378255009651184 0.354079008102417 0.387109011411667 0.368165999650955 0.377243012189865 0.372402012348175 0.373620986938477 0.374208986759186 0.36981201171875 0.366097003221512
0.403376996517181 0.404998004436493 0.395538002252579 0.398957997560501 0.392143994569778 0.386821001768112 0.382930010557175 0.372516989707947 0.334167987108231 0.337866991758347 0.352456003427505 0.367823988199234 0.369269013404846 0.358336985111237 0.368010014295578 0.367394000291824 0.380091995000839 0.372642993927002 0.378192007541656 0.368553012609482 0.381567001342773 0.373068004846573 0.335067987442017 0.369576007127762 0.393409013748169 0.377433985471725 0.381731986999512 0.373243987560272 0.356496006250381 0.353722006082535 0.345678985118866 0.352353006601334 0.360415011644363 0.341978013515472 0.33304500579834 0.340259999036789 0.342370986938477 0.332578986883163 0.373144000768661 0.359613001346588 0.344316005706787 0.352200001478195 0.343243002891541 0.344193994998932 0.353329002857208 0.351619005203247 0.363018006086349 0.330956012010574 0.357829004526138 0.37321999669075 0.37151899933815 0.35717499256134
0.409938991069794 0.403715997934341 0.401504993438721 0.396591991186142 0.398194998502731 0.394540011882782 0.388099998235703 0.384741991758347 0.368591010570526 0.347014009952545 0.347862988710403 0.340712010860443 0.337769001722336 0.351298004388809 0.368600010871887 0.382351011037827 0.368238985538483 0.369837999343872 0.384485006332397 0.392677992582321 0.372909009456635 0.382355988025665 0.409494996070862 0.325877010822296 0.382189989089966 0.389032989740372 0.383457988500595 0.367383986711502 0.378086000680923 0.360922992229462 0.362167000770569 0.355006009340286 0.34968701004982 0.352313995361328 0.345178008079529 0.341361999511719 0.335734993219376 0.326391011476517 0.334021985530853 0.343237012624741 0.328691989183426 0.349242001771927 0.352636992931366 0.390561997890472 0.391362994909286 0.389138013124466 0.380966991186142 0.342673003673553 0.308156996965408 0.349514007568359 0.374015986919403 0.32361701130867
0.407660007476807 0.40727299451828 0.403515011072159 0.400896996259689 0.398458003997803 0.397266000509262 0.391680002212524 0.389513999223709 0.386097013950348 0.361395001411438 0.370496988296509 0.344464004039764 0.346753001213074 0.32974299788475 0.334048986434937 0.361990004777908 0.370770990848541 0.381514012813568 0.366564989089966 0.3783900141716 0.380993992090225 0.379004001617432 0.373739987611771 0.3887679874897 0.334176987409592 0.392273008823395 0.394820004701614 0.381502002477646 0.388271987438202 0.372285008430481 0.366387993097305 0.361862987279892 0.363247990608215 0.337857991456985 0.332065999507904 0.335231006145477 0.330280005931854 0.324263006448746 0.342965006828308 0.346302002668381 0.344673991203308 0.346590012311935 0.35665300488472 0.362017005681992 0.40819901227951 0.391658991575241 0.361474007368088 0.343919992446899 0.368988007307053 0.363925993442535 0.331633001565933 0.288325995206833
0.406702995300293 0.404444009065628 0.403672993183136 0.407005995512009 0.404152005910873 0.398824989795685 0.397873014211655 0.396430999040604 0.387589007616043 0.388612985610962 0.364114999771118 0.384314000606537 0.384021013975143 0.360110998153687 0.342532992362976 0.338939011096954 0.353868991136551 0.362866014242172 0.359672009944916 0.344195008277893 0.368084013462067 0.359672993421555 0.365795999765396 0.355434000492096 0.375975012779236 0.333893001079559 0.368113994598389 0.407249987125397 0.392174988985062 0.386256992816925 0.374027997255325 0.36828801035881 0.36429500579834 0.363402009010315 0.350861012935638 0.328694999217987 0.329970985651016 0.336102992296219 0.325610995292664 0.346751004457474 0.33739098906517 0.363840013742447 0.359472990036011 0.344669014215469 0.399599999189377 0.365543991327286 0.401414006948471 0.338477998971939 0.321593999862671 0.371645987033844 0.316686987876892 0.30349999666214
0.41252601146698 0.41033199429512 0.403636991977692 0.404091000556946 0.400355994701385 0.403813004493713 0.397154986858368 0.399641007184982 0.392333000898361 0.390267014503479 0.37848699092865 0.386355996131897 0.384739011526108 0.382916986942291 0.386689990758896 0.380414992570877 0.366622000932693 0.360363990068436 0.366528987884521 0.368465006351471 0.380021989345551 0.370225995779037 0.373324006795883 0.346399992704391 0.327601999044418 0.410315006971359 0.355082988739014 0.34613299369812 0.379864007234573 0.400258004665375 0.400602012872696 0.388318002223969 0.373374998569489 0.3716099858284 0.365711003541946 0.362601011991501 0.363065987825394 0.358511000871658 0.335108995437622 0.338833004236221 0.333431988954544 0.333442986011505 0.342041999101639 0.371122002601624 0.358980000019073 0.379170000553131 0.371793985366821 0.299712002277374 0.357944011688232 0.307108014822006 0.297526985406876 0.355731993913651
0.418889999389648 0.418388992547989 0.411471009254456 0.404893010854721 0.406497985124588 0.405636012554169 0.403342008590698 0.401120007038116 0.400952994823456 0.390511006116867 0.393658012151718 0.371107995510101 0.372162014245987 0.371877998113632 0.384151011705399 0.39080399274826 0.395687013864517 0.398146003484726 0.399385005235672 0.39546200633049 0.392470002174377 0.384256988763809 0.373490005731583 0.377618998289108 0.350876003503799 0.334461987018585 0.349878996610641 0.41755598783493 0.390076011419296 0.375423014163971 0.378863006830215 0.401174992322922 0.393916010856628 0.384997993707657 0.375465989112854 0.370086014270782 0.376042008399963 0.356411993503571 0.364930003881454 0.359241992235184 0.376361012458801 0.345813006162643 0.34840801358223 0.365871012210846 0.326321989297867 0.383331000804901 0.336818993091583 0.336914002895355 0.367624014616013 0.315100014209747 0.316179007291794 0.311379998922348
0.424450993537903 0.424035996198654 0.420031011104584 0.410129010677338 0.403477996587753 0.406585991382599 0.405508995056152 0.406044006347656 0.407507002353668 0.40004301071167 0.396297007799149 0.388833999633789 0.390354007482529 0.387692004442215 0.377166986465454 0.377999007701874 0.388832002878189 0.399190992116928 0.3994460105896 0.395103007555008 0.391499996185303 0.388972997665405 0.387547999620438 0.392715007066727 0.391039997339249 0.387080013751984 0.366575002670288 0.364838987588882 0.378614991903305 0.398025989532471 0.413877993822098 0.390505999326706 0.391882002353668 0.395363986492157 0.388967990875244 0.377831995487213 0.382263988256454 0.376170009374619 0.371867001056671 0.375272005796432 0.39342001080513 0.384728997945786 0.365222990512848 0.370335012674332 0.353321999311447 0.366905987262726 0.347445994615555 0.353731989860535 0.35010901093483 0.352559000253677 0.347927987575531 0.34586501121521
0.435921013355255 0.43122199177742 0.424576014280319 0.422100007534027 0.411440014839172 0.405860990285873 0.409907013177872 0.407171994447708 0.410201013088226 0.403955012559891 0.399729996919632 0.393234014511108 0.390929013490677 0.391683012247086 0.391231000423431 0.390435010194778 0.385794013738632 0.393325001001358 0.392309993505478 0.401535004377365 0.400929987430573 0.40361699461937 0.397637009620667 0.397915989160538 0.396670013666153 0.395076006650925 0.397305995225906 0.395401000976563 0.388893008232117 0.394008010625839 0.382948994636536 0.41041898727417 0.411673009395599 0.391680985689163 0.382705986499786 0.389185011386871 0.380751997232437 0.375041991472244 0.376552999019623 0.391375005245209 0.388563007116318 0.391252994537354 0.386837989091873 0.386914014816284 0.385230988264084 0.373506993055344 0.372215986251831 0.357125997543335 0.380620986223221 0.375542998313904 0.373008012771606 0.340364992618561
0.439085006713867 0.438051998615265 0.43546199798584 0.423938989639282 0.418974012136459 0.415295004844666 0.41355299949646 0.40998899936676 0.410255014896393 0.408012002706528 0.405582994222641 0.399571001529694 0.397345989942551 0.390940010547638 0.397210985422134 0.393070012331009 0.398252993822098 0.399805009365082 0.401511013507843 0.408351004123688 0.405725985765457 0.403236985206604 0.405959010124207 0.39911100268364 0.401298999786377 0.39825901389122 0.398754000663757 0.397736012935638 0.394291996955872 0.396669000387192 0.400292992591858 0.407204985618591 0.408183991909027 0.400139003992081 0.391436994075775 0.378315985202789 0.376473009586334 0.378560990095139 0.380077004432678 0.389710009098053 0.394605994224548 0.398869007825851 0.395837008953094 0.389726012945175 0.386785000562668 0.384039998054504 0.379673004150391 0.382712990045547 0.379525989294052 0.37125301361084 0.333656996488571 0.315674006938934
0.435869991779327 0.435364991426468 0.435615986585617 0.425491005182266 0.422598987817764 0.415975987911224 0.41652700304985 0.415699988603592 0.416635006666183 0.413531005382538 0.408345013856888 0.409496992826462 0.404540985822678 0.399679988622665 0.396638989448547 0.395128011703491 0.397381991147995 0.406293988227844 0.408537000417709 0.411157011985779 0.408513993024826 0.400211989879608 0.40200799703598 0.400543004274368 0.403382986783981 0.397863000631332 0.39708599448204 0.399163007736206 0.402689009904861 0.398811995983124 0.406998991966248 0.412553995847702 0.415719985961914 0.409069985151291 0.384261012077332 0.378046989440918 0.38739800453186 0.383147001266479 0.397561013698578 0.387364000082016 0.389194995164871 0.393252998590469 0.392634987831116 0.393554985523224 0.388799995183945 0.391074985265732 0.387535989284515 0.384382009506226 0.376332998275757 0.368946999311447 0.334387987852097 0.301696985960007
0.434657007455826 0.436596006155014 0.438019990921021 0.427839994430542 0.422176003456116 0.430130988359451 0.427253007888794 0.42849799990654 0.420029014348984 0.421676009893417 0.420065999031067 0.413414001464844 0.405506998300552 0.405571013689041 0.400757998228073 0.39970400929451 0.393404990434647 0.400822997093201 0.41059398651123 0.418285995721817 0.408939003944397 0.405447006225586 0.399011999368668 0.397734999656677 0.402404993772507 0.399498999118805 0.401006996631622 0.398552000522614 0.400041997432709 0.405761003494263 0.412043988704681 0.421568006277084 0.425484001636505 0.413985013961792 0.405692011117935 0.396874994039536 0.370831996202469 0.382539987564087 0.392221987247467 0.386979013681412 0.378580003976822 0.380409002304077 0.383498013019562 0.387591987848282 0.390588998794556 0.389824986457825 0.385980993509293 0.379348993301392 0.367565006017685 0.364620000123978 0.363721996545792 0.335559010505676
0.439318001270294 0.441547006368637 0.438977986574173 0.437611997127533 0.433908998966217 0.435481995344162 0.439783990383148 0.433454006910324 0.432621985673904 0.425552010536194 0.431953012943268 0.426265001296997 0.417522996664047 0.402821987867355 0.405194997787476 0.396759003400803 0.39852899312973 0.399085998535156 0.407440006732941 0.413376003503799 0.408021986484528 0.404478996992111 0.400402009487152 0.400213986635208 0.402328014373779 0.398797005414963 0.395422995090485 0.400927990674973 0.405093014240265 0.413778990507126 0.42468199133873 0.433562010526657 0.42612698674202 0.419647008180618 0.407914012670517 0.397282987833023 0.398564010858536 0.398027986288071 0.39852300286293 0.389019995927811 0.390397995710373 0.354214012622833 0.380649000406265 0.368016988039017 0.393739014863968 0.385432004928589 0.376917988061905 0.351907014846802 0.359804004430771 0.356079995632172 0.355580985546112 0.358016014099121
0.439419001340866 0.445086985826492 0.44717800617218 0.447827994823456 0.444694995880127 0.444061011075974 0.438764989376068 0.437707990407944 0.433010995388031 0.433488011360168 0.430173993110657 0.434731990098953 0.430050998926163 0.413482010364532 0.407402992248535 0.401724994182587 0.400867998600006 0.404550999403 0.405550003051758 0.405607998371124 0.402969986200333 0.399107992649078 0.403957009315491 0.396454006433487 0.402267009019852 0.399316996335983 0.40235099196434 0.414847999811172 0.418581008911133 0.421330988407135 0.435660004615784 0.437357991933823 0.43427100777626 0.418197005987167 0.412995994091034 0.399729996919632 0.393934011459351 0.395267009735107 0.39452001452446 0.390482008457184 0.391667008399963 0.371576011180878 0.352447986602783 0.385363012552261 0.381520003080368 0.378549993038177 0.354086011648178 0.366589993238449 0.373932987451553 0.374989002943039 0.361766010522842 0.365565985441208
0.448962986469269 0.45304599404335 0.452634990215302 0.453718990087509 0.449716985225677 0.448029011487961 0.442802995443344 0.439974009990692 0.435615986585617 0.434157013893127 0.428272992372513 0.433126986026764 0.432799011468887 0.419340997934341 0.409675985574722 0.405194997787476 0.403481006622314 0.406168013811111 0.405562996864319 0.401095986366272 0.400680005550385 0.398876994848251 0.403391987085342 0.398131996393204 0.402990013360977 0.39988499879837 0.405465006828308 0.417953997850418 0.42289799451828 0.422818005084991 0.433420985937119 0.436028987169266 0.434316009283066 0.422870010137558 0.417513012886047 0.40522500872612 0.394937992095947 0.396506994962692 0.393822997808456 0.390246987342834 0.393669992685318 0.370038986206055 0.356099009513855 0.385955989360809 0.37900298833847 0.376630008220673 0.353473991155624 0.356610000133514 0.367879003286362 0.373676002025604 0.365871995687485 0.371877014636993
0.40481498837471 0.445544987916946 0.458104014396667 0.455904990434647 0.449878007173538 0.451952993869781 0.448246002197266 0.444481998682022 0.442411988973618 0.426750987768173 0.428993999958038 0.432015001773834 0.432379990816116 0.418686002492905 0.410796999931335 0.405548006296158 0.401037007570267 0.40395599603653 0.408616006374359 0.401087999343872 0.39953801035881 0.406082004308701 0.397702991962433 0.397424012422562 0.404179990291595 0.407876998186111 0.411195993423462 0.410869985818863 0.422655999660492 0.425972014665604 0.42951500415802 0.429976999759674 0.426676988601685 0.432610005140305 0.408389002084732 0.40260899066925 0.399212002754211 0.396057993173599 0.39648699760437 0.393563002347946 0.391270995140076 0.391167998313904 0.374893993139267 0.384342014789581 0.379889994859695 0.368211001157761 0.374374985694885 0.365368008613586 0.370743989944458 0.368526011705399 0.366279006004333 0.343670010566711
0.386972010135651 0.381803005933762 0.437139004468918 0.456712007522583 0.457046002149582 0.450902998447418 0.451301008462906 0.448345005512238 0.443370014429092 0.440701991319656 0.42909699678421 0.42705300450325 0.426773011684418 0.423025995492935 0.412918001413345 0.412869989871979 0.403210997581482 0.412809014320374 0.40599200129509 0.406612992286682 0.399787992238998 0.402098000049591 0.405927985906601 0.400377988815308 0.403607994318008 0.403019994497299 0.411644995212555 0.41465300321579 0.422100007534027 0.435092002153397 0.433432996273041 0.428671985864639 0.422598987817764 0.420673996210098 0.416992008686066 0.400411009788513 0.407590001821518 0.384683012962341 0.396286010742188 0.380921006202698 0.393209010362625 0.386148005723953 0.383249014616013 0.380887001752853 0.38619801402092 0.384476006031036 0.37576699256897 0.374736994504929 0.376008003950119 0.381467998027802 0.368802011013031 0.293040007352829
0.383121013641357 0.379480004310608 0.391680002212524 0.42731100320816 0.453402012586594 0.453770011663437 0.454508990049362 0.453325003385544 0.448222011327744 0.441004991531372 0.438708990812302 0.432175993919373 0.428328990936279 0.427002012729645 0.419643998146057 0.412840992212296 0.40938600897789 0.410573989152908 0.409478008747101 0.40734401345253 0.405337005853653 0.403667002916336 0.402509987354279 0.404873996973038 0.402981996536255 0.403728991746902 0.411888986825943 0.416566014289856 0.427206009626389 0.441415011882782 0.436358988285065 0.426889002323151 0.42160901427269 0.418256998062134 0.408764988183975 0.399177014827728 0.403218001127243 0.394903004169464 0.385883003473282 0.397525995969772 0.389858990907669 0.385908007621765 0.385470986366272 0.386074006557465 0.379624992609024 0.383008003234863 0.387629002332687 0.387607008218765 0.379325985908508 0.374626010656357 0.374446988105774 0.348695009946823
0.414990991353989 0.4495669901371 0.375275999307632 0.406280010938644 0.452865988016129 0.45117598772049 0.449775010347366 0.448035001754761 0.449580997228622 0.44530400633812 0.441790014505386 0.436111003160477 0.433057010173798 0.432110011577606 0.426678001880646 0.412494003772736 0.41550600528717 0.404004007577896 0.414723008871078 0.409642994403839 0.402352005243301 0.402644008398056 0.400357007980347 0.403050005435944 0.401134997606277 0.405795991420746 0.41279399394989 0.42078098654747 0.432915985584259 0.444736003875732 0.434150010347366 0.425852000713348 0.41550800204277 0.409882992506027 0.402669012546539 0.401360988616943 0.40201398730278 0.398238986730576 0.396528989076614 0.392598986625671 0.392331004142761 0.391631990671158 0.386494010686874 0.391229003667831 0.386703014373779 0.380299985408783 0.377600997686386 0.38494598865509 0.383819997310638 0.381610006093979 0.375750005245209 0.347409009933472
0.411967992782593 0.398853003978729 0.405423998832703 0.410369008779526 0.431531995534897 0.452686011791229 0.456193000078201 0.455448985099792 0.447943985462189 0.44539800286293 0.45007199048996 0.445951014757156 0.444265007972717 0.433173000812531 0.425734996795654 0.42094698548317 0.410611003637314 0.41430801153183 0.412034004926682 0.406525999307632 0.406554996967316 0.40148800611496 0.401991993188858 0.404825985431671 0.4028599858284 0.400198012590408 0.406877011060715 0.424109011888504 0.434307992458344 0.440205991268158 0.431125998497009 0.416626989841461 0.409745991230011 0.401228010654449 0.40523898601532 0.399823009967804 0.397536993026733 0.394551992416382 0.394136011600494 0.396544009447098 0.395743012428284 0.393180996179581 0.396346986293793 0.387638002634048 0.394906997680664 0.393195986747742 0.386294007301331 0.375270009040833 0.370029002428055 0.380818009376526 0.380136013031006 0.376172006130219
0.423124998807907 0.440885990858078 0.444278985261917 0.438544005155563 0.440255999565125 0.443760991096497 0.459024012088776 0.453566014766693 0.458279013633728 0.451267004013062 0.442142993211746 0.453770995140076 0.452042996883392 0.440777987241745 0.42570298910141 0.423002004623413 0.418089985847473 0.409222990274429 0.416289985179901 0.407900005578995 0.413296014070511 0.399531006813049 0.406019002199173 0.401019006967545 0.403077989816666 0.410555988550186 0.419257998466492 0.422095000743866 0.430391997098923 0.436349004507065 0.423981994390488 0.407995998859406 0.403232008218765 0.40124300122261 0.404267013072968 0.39360100030899 0.392076998949051 0.39562401175499 0.392089009284973 0.397179991006851 0.39214101433754 0.393000990152359 0.385692000389099 0.394713014364243 0.394039005041122 0.384319990873337 0.385376989841461 0.392545998096466 0.384315997362137 0.377326995134354 0.380533009767532 0.379227995872498
