Phyllonycteris_poeyi.asc
ncols  804
nrows  378
xllcorner  -74.6418056
yllcorner  17.2248604
cellsize 0.00833333370646766
NODATA_value  -9999
[rows 207 to 229 of 378, columns 572 to 623 of 804]
0.796710014343262 0.789781987667084 0.781567990779877 0.769244015216827 0.754680991172791 0.746441006660461 0.743852972984314 0.742891013622284 0.742058992385864 0.747982025146484 0.748645007610321 0.742645025253296 0.741867005825043 0.748911023139954 0.753051996231079 0.745292007923126 0.734853982925415 0.726895987987518 0.720170974731445 0.718255996704102 0.716893970966339 0.714395999908447 0.708589017391205 0.703558027744293 0.698041021823883 0.69541597366333 0.697309970855713 0.69575697183609 0.696554005146027 0.6995769739151 0.708882987499237 0.721449017524719 0.723460972309113 0.715349972248077 0.705411016941071 0.695380985736847 0.689494013786316 0.687583982944489 0.691340029239655 0.698732018470764 0.705084025859833 0.708427011966705 0.710707008838654 0.712647974491119 0.714711010456085 0.720413029193878 0.728554010391235 0.734893977642059 0.733510971069336 0.727667987346649 0.724106013774872 0.724424004554749
0.788773000240326 0.787054002285004 0.78575199842453 0.780498027801514 0.764712989330292 0.752916991710663 0.748058021068573 0.743649005889893 0.742358982563019 0.744041979312897 0.742905020713806 0.7362419962883 0.735001981258392 0.742926001548767 0.743321001529694 0.735951006412506 0.72716498374939 0.722392976284027 0.719146013259888 0.717279970645905 0.712683975696564 0.709381997585297 0.705543994903564 0.701934993267059 0.700423002243042 0.697595000267029 0.696641027927399 0.694863021373749 0.69165700674057 0.693493008613586 0.70635998249054 0.717550992965698 0.71737402677536 0.70798397064209 0.697417020797729 0.691145002841949 0.685503005981445 0.684413015842438 0.688326001167297 0.696358978748322 0.701514005661011 0.70473301410675 0.706541001796722 0.710380971431732 0.712076008319855 0.715966999530792 0.724507987499237 0.728096008300781 0.72527402639389 0.715183973312378 0.704802989959717 0.704173028469086
0.783212006092072 0.78200900554657 0.785207986831665 0.78471702337265 0.773705005645752 0.760412991046906 0.75110799074173 0.745485007762909 0.73938000202179 0.739476025104523 0.737271010875702 0.732445001602173 0.733546018600464 0.7377650141716 0.736486971378326 0.72733998298645 0.720898985862732 0.719015002250671 0.719294011592865 0.71508401632309 0.709003984928131 0.703139007091522 0.702888011932373 0.702215015888214 0.701727986335754 0.701870977878571 0.698354005813599 0.69083297252655 0.684907019138336 0.688553988933563 0.70151299238205 0.712014973163605 0.71143901348114 0.700426995754242 0.69378799200058 0.687207996845245 0.685537993907928 0.684961020946503 0.689372003078461 0.695133984088898 0.700432002544403 0.700706005096436 0.703355014324188 0.705474972724915 0.707870006561279 0.714179992675781 0.723532974720001 0.72689300775528 0.723444998264313 0.711953997612 0.696936011314392 0.690277993679047
0.778301000595093 0.775062024593353 0.777078986167908 0.779431998729706 0.775370001792908 0.765905022621155 0.756098985671997 0.746224999427795 0.737721025943756 0.734474003314972 0.733117997646332 0.732631981372833 0.731378972530365 0.731001973152161 0.725234985351563 0.720076024532318 0.715599000453949 0.716322004795074 0.716310024261475 0.712849974632263 0.705748975276947 0.698796987533569 0.695793986320496 0.697459995746613 0.702763020992279 0.705690979957581 0.698881983757019 0.687252998352051 0.681123971939087 0.683382987976074 0.692440986633301 0.700789988040924 0.703257977962494 0.699765026569366 0.692372024059296 0.68647301197052 0.686703979969025 0.688314974308014 0.691007018089294 0.694770991802216 0.69649600982666 0.696529984474182 0.699461996555328 0.701623976230621 0.706187009811401 0.713773012161255 0.721153020858765 0.724583029747009 0.723113000392914 0.715709984302521 0.702682971954346 0.690284013748169
0.774833023548126 0.768895983695984 0.766902983188629 0.768361985683441 0.765501976013184 0.760474026203156 0.757121026515961 0.748189985752106 0.736845016479492 0.731410980224609 0.731671988964081 0.731222987174988 0.726822018623352 0.723334014415741 0.717364013195038 0.711786985397339 0.709540009498596 0.711576998233795 0.71160501241684 0.707520008087158 0.701566994190216 0.69539600610733 0.693194985389709 0.692588984966278 0.700712978839874 0.702477991580963 0.696744978427887 0.686946988105774 0.681742012500763 0.681981980800629 0.686994016170502 0.695160984992981 0.701250016689301 0.698287010192871 0.69023197889328 0.685209989547729 0.688528001308441 0.690447986125946 0.692918002605438 0.691911995410919 0.690701007843018 0.693751990795135 0.696388006210327 0.699141979217529 0.704352974891663 0.711300015449524 0.717095971107483 0.719789981842041 0.720175981521606 0.716827988624573 0.709964990615845 0.697214007377625
0.773826003074646 0.763031005859375 0.757421016693115 0.755998015403748 0.748920023441315 0.747424006462097 0.752489984035492 0.745845019817352 0.735176980495453 0.727425992488861 0.728076994419098 0.724533021450043 0.719294011592865 0.714304983615875 0.710071980953217 0.706252992153168 0.704328000545502 0.70372998714447 0.706631004810333 0.704998016357422 0.700667977333069 0.694827020168304 0.690674006938934 0.689872026443481 0.693750023841858 0.694447994232178 0.691992998123169 0.690675973892212 0.688570976257324 0.6839320063591 0.684835970401764 0.69227397441864 0.700277984142303 0.696978986263275 0.687344014644623 0.683185994625092 0.686001002788544 0.692929029464722 0.693902015686035 0.690485000610352 0.68860000371933 0.690760016441345 0.694320023059845 0.697377979755402 0.701291978359222 0.707105994224548 0.710990011692047 0.713514983654022 0.713156998157501 0.714308023452759 0.71061497926712 0.700725972652435
0.778050005435944 0.762336015701294 0.751048982143402 0.743887007236481 0.738602995872498 0.738918006420135 0.744315981864929 0.740544021129608 0.729080975055695 0.720713973045349 0.717423975467682 0.714098989963531 0.707579970359802 0.704721987247467 0.705839991569519 0.705017983913422 0.698684990406036 0.698378026485443 0.702328979969025 0.706278026103973 0.705461978912354 0.701429009437561 0.69581800699234 0.690361976623535 0.690418004989624 0.686576008796692 0.689283013343811 0.698118984699249 0.699077010154724 0.688841998577118 0.685505986213684 0.693817019462585 0.700833022594452 0.696455001831055 0.685810029506683 0.677645027637482 0.681625008583069 0.689320981502533 0.691209018230438 0.688687026500702 0.685033023357391 0.688162982463837 0.690518975257874 0.692957997322083 0.697040975093842 0.701155006885529 0.703113973140717 0.702746987342834 0.703889012336731 0.706552028656006 0.704855024814606 0.694471001625061
0.775924980640411 0.761916995048523 0.745178997516632 0.734830021858215 0.734264016151428 0.738182008266449 0.737235009670258 0.728294014930725 0.716207981109619 0.707983016967773 0.704513013362885 0.701246976852417 0.698827028274536 0.702812016010284 0.711812019348145 0.71205997467041 0.701880991458893 0.697610974311829 0.705365002155304 0.714074015617371 0.71398001909256 0.708827972412109 0.701767027378082 0.695131003856659 0.689831972122192 0.686282992362976 0.692285001277924 0.704192996025085 0.705402970314026 0.691329002380371 0.685193002223969 0.69267201423645 0.701882004737854 0.697338998317719 0.683777987957001 0.675014019012451 0.67611700296402 0.683293998241425 0.683232009410858 0.683326005935669 0.68233197927475 0.686085999011993 0.687543988227844 0.689868986606598 0.692309975624084 0.692781984806061 0.69371497631073 0.693561017513275 0.694517016410828 0.693889975547791 0.689252018928528 0.680898010730743
0.761561989784241 0.752085983753204 0.738951981067657 0.72658097743988 0.729189991950989 0.734432995319366 0.727185010910034 0.714366018772125 0.702632009983063 0.694521009922028 0.689722001552582 0.693549990653992 0.698693990707397 0.709833979606628 0.724893987178802 0.724385023117065 0.711139023303986 0.703446984291077 0.711000978946686 0.719585001468658 0.719406008720398 0.713020980358124 0.702269017696381 0.694813013076782 0.691078007221222 0.689635992050171 0.694302022457123 0.703682005405426 0.701929986476898 0.690384984016418 0.683700025081635 0.691429018974304 0.69761997461319 0.693782985210419 0.682317972183228 0.67271101474762 0.672477006912231 0.67448902130127 0.675848007202148 0.676110029220581 0.678124010562897 0.681536018848419 0.682868003845215 0.684812009334564 0.686939001083374 0.687964022159576 0.686348974704742 0.684410989284515 0.683054983615875 0.678749978542328 0.672771990299225 0.669112980365753
0.74058598279953 0.735046982765198 0.725669026374817 0.717532992362976 0.720550000667572 0.7223140001297 0.712086975574493 0.702385008335114 0.69574898481369 0.683597028255463 0.679485976696014 0.689292013645172 0.703975021839142 0.720631003379822 0.732957005500793 0.735067009925842 0.721610009670258 0.712423026561737 0.713904976844788 0.721033990383148 0.71774697303772 0.706957995891571 0.697309017181396 0.689803004264832 0.689011991024017 0.691148996353149 0.694342970848083 0.697790026664734 0.695874989032745 0.689417004585266 0.685679972171783 0.689563989639282 0.691026985645294 0.686344027519226 0.678498983383179 0.671836972236633 0.667747974395752 0.667941987514496 0.66688197851181 0.66857498884201 0.672276020050049 0.677767992019653 0.682107985019684 0.685734987258911 0.68809300661087 0.68674099445343 0.68232399225235 0.678696990013123 0.673882007598877 0.669019997119904 0.662416994571686 0.663329005241394
0.735749006271362 0.728775024414063 0.720197975635529 0.711059987545013 0.7082200050354 0.703827977180481 0.697718024253845 0.696765005588531 0.696101009845734 0.685015022754669 0.675723016262054 0.683555006980896 0.700652003288269 0.718692004680634 0.728030025959015 0.727843999862671 0.718585014343262 0.710238993167877 0.709926009178162 0.713330984115601 0.711201012134552 0.699775993824005 0.688139021396637 0.682631015777588 0.685093998908997 0.690277993679047 0.694900989532471 0.695746004581451 0.691322982311249 0.687412977218628 0.687699973583221 0.688324987888336 0.686676025390625 0.679623007774353 0.672730028629303 0.669202029705048 0.667428970336914 0.66302901506424 0.661707997322083 0.662437975406647 0.669687986373901 0.676416993141174 0.684305012226105 0.687973976135254 0.689227998256683 0.686402976512909 0.679149985313416 0.670708000659943 0.666666984558105 0.663733005523682 0.662389993667603 0.663980007171631
0.748284995555878 0.739775002002716 0.72595602273941 0.707050025463104 0.696509003639221 0.689720988273621 0.688376009464264 0.699876010417938 0.711574018001556 0.701815009117126 0.682851016521454 0.678220987319946 0.68859201669693 0.70176899433136 0.711157977581024 0.71161299943924 0.706385016441345 0.702629029750824 0.702351987361908 0.704858005046844 0.701318979263306 0.691947996616364 0.680333018302917 0.676433980464935 0.684054970741272 0.692030012607574 0.695286989212036 0.693071007728577 0.688812017440796 0.686321973800659 0.686428010463715 0.686123013496399 0.678846001625061 0.669954001903534 0.663143992424011 0.662993013858795 0.663892984390259 0.661657989025116 0.660136997699738 0.661180019378662 0.668923020362854 0.677316009998322 0.685564994812012 0.690177023410797 0.688636004924774 0.684289991855621 0.674468994140625 0.665116012096405 0.660547018051147 0.662393987178802 0.668724000453949 0.671917974948883
0.755388975143433 0.745553970336914 0.726978003978729 0.705601990222931 0.689912021160126 0.685232996940613 0.687497973442078 0.709527015686035 0.7291139960289 0.723923981189728 0.700262010097504 0.683955013751984 0.680450022220612 0.684598982334137 0.690603971481323 0.693533003330231 0.693570017814636 0.694742977619171 0.695339977741241 0.695252001285553 0.691184997558594 0.681234002113342 0.672722995281219 0.672999978065491 0.683507978916168 0.69523298740387 0.699379980564117 0.693599998950958 0.68681401014328 0.682596027851105 0.681683003902435 0.676490008831024 0.67008501291275 0.659509003162384 0.654365003108978 0.656455993652344 0.659904003143311 0.660049974918365 0.65889698266983 0.660481989383698 0.667976975440979 0.677084028720856 0.682758986949921 0.685235023498535 0.683869004249573 0.6771280169487 0.667001008987427 0.657962024211884 0.656494975090027 0.663619995117188 0.672658979892731 0.677500009536743
0.740734994411469 0.728676021099091 0.716697990894318 0.704015016555786 0.693295001983643 0.690190017223358 0.700222015380859 0.721346974372864 0.737990021705627 0.735589981079102 0.716987013816833 0.696173012256622 0.682090997695923 0.678099989891052 0.679925978183746 0.682057023048401 0.683117985725403 0.685446977615356 0.685836970806122 0.682424008846283 0.677751004695892 0.671289026737213 0.665597021579742 0.66728401184082 0.681114017963409 0.696801006793976 0.701177000999451 0.69548100233078 0.685564994812012 0.67679899930954 0.672306001186371 0.667312026023865 0.660043001174927 0.650460004806519 0.647392988204956 0.65226799249649 0.657280027866364 0.657181024551392 0.654926002025604 0.65700501203537 0.663116991519928 0.670593976974487 0.673431992530823 0.674022018909454 0.671299993991852 0.666882991790771 0.658518016338348 0.652037978172302 0.653506994247437 0.661538004875183 0.672106981277466 0.674551010131836
0.712188005447388 0.707342982292175 0.708368003368378 0.709564983844757 0.705671012401581 0.701681017875671 0.711506009101868 0.727921009063721 0.736388027667999 0.734544992446899 0.72373902797699 0.710397005081177 0.697243988513947 0.687328994274139 0.682511985301971 0.680122017860413 0.676815986633301 0.675736010074615 0.674869000911713 0.672177970409393 0.668031990528107 0.664255976676941 0.660588026046753 0.662536025047302 0.671800017356873 0.686460018157959 0.695868015289307 0.692758977413177 0.684230029582977 0.67163097858429 0.662734985351563 0.658394992351532 0.649502992630005 0.643347024917603 0.643483996391296 0.65241801738739 0.657814025878906 0.654166996479034 0.650462985038757 0.65224701166153 0.65632700920105 0.660476982593536 0.66118597984314 0.659449994564056 0.657100021839142 0.65337198972702 0.649258017539978 0.647569000720978 0.652419984340668 0.661781013011932 0.666377007961273 0.666944026947021
0.698522984981537 0.702557027339935 0.708729982376099 0.715794026851654 0.712074995040894 0.708232998847961 0.716916024684906 0.728057980537415 0.732599020004272 0.731757998466492 0.728287994861603 0.721931993961334 0.715125977993011 0.708627998828888 0.703402996063232 0.692523002624512 0.682971000671387 0.67834997177124 0.675818026065826 0.672411024570465 0.668555974960327 0.664768993854523 0.662809014320374 0.66084498167038 0.665208995342255 0.671182990074158 0.678324997425079 0.679224014282227 0.673110008239746 0.663919985294342 0.658083021640778 0.651265025138855 0.64367002248764 0.637472987174988 0.642563998699188 0.65540599822998 0.664263010025024 0.658910989761353 0.650750994682312 0.649209022521973 0.650166988372803 0.65071302652359 0.65166300535202 0.65124100446701 0.649492979049683 0.648611009120941 0.647942006587982 0.648822009563446 0.649995028972626 0.65864098072052 0.661327004432678 0.661271989345551
0.699029982089996 0.714715003967285 0.718793988227844 0.717796981334686 0.712881982326508 0.712478995323181 0.719401001930237 0.727084994316101 0.730431973934174 0.732150018215179 0.730194985866547 0.729135990142822 0.727348983287811 0.725929975509644 0.720122992992401 0.710536003112793 0.700631022453308 0.693184971809387 0.688968002796173 0.682788014411926 0.67610502243042 0.673286020755768 0.671250998973846 0.671275019645691 0.670777022838593 0.665601015090942 0.663322985172272 0.663177013397217 0.658219993114471 0.655341982841492 0.653052985668182 0.649773001670837 0.640977025032043 0.636318027973175 0.640009999275208 0.654787003993988 0.665004014968872 0.661191999912262 0.651090979576111 0.645443022251129 0.645887970924377 0.646366000175476 0.646899998188019 0.647994995117188 0.652419984340668 0.65572601556778 0.656756997108459 0.653798997402191 0.65243798494339 0.654384970664978 0.657485008239746 0.653080999851227
0.698221027851105 0.720544993877411 0.72393399477005 0.718514025211334 0.715544998645782 0.715098023414612 0.72147798538208 0.72747802734375 0.72892302274704 0.729840993881226 0.729164004325867 0.728376984596252 0.726565003395081 0.726300001144409 0.722186982631683 0.718626022338867 0.710932016372681 0.705377995967865 0.699746012687683 0.695982992649078 0.690415024757385 0.685449004173279 0.685801982879639 0.685472011566162 0.682565987110138 0.672097980976105 0.661467015743256 0.654856979846954 0.651152014732361 0.652122974395752 0.653989970684052 0.65181702375412 0.645133018493652 0.639663994312286 0.64196902513504 0.650556981563568 0.655780971050262 0.654030978679657 0.648840010166168 0.643721997737885 0.642215013504028 0.642897009849548 0.645673990249634 0.650941014289856 0.658508002758026 0.66558301448822 0.668739020824432 0.663271009922028 0.660140991210938 0.657235026359558 0.652130007743835 0.647985994815826
0.688812971115112 0.718114018440247 0.726786017417908 0.72148597240448 0.718989014625549 0.719187021255493 0.722082018852234 0.725013971328735 0.727051019668579 0.726988971233368 0.725036025047302 0.723209023475647 0.719309985637665 0.719321012496948 0.716410994529724 0.714226007461548 0.710240006446838 0.707943975925446 0.704300999641418 0.70073801279068 0.698100984096527 0.694769978523254 0.692049026489258 0.693349003791809 0.691816985607147 0.679942011833191 0.666553020477295 0.658770024776459 0.653702020645142 0.655202984809875 0.658316016197205 0.65572202205658 0.648208022117615 0.643224000930786 0.641646981239319 0.642892003059387 0.643319010734558 0.643383979797363 0.643274009227753 0.642332017421722 0.638027012348175 0.639250993728638 0.64708799123764 0.657378017902374 0.66746997833252 0.672308027744293 0.673448026180267 0.670143008232117 0.669251978397369 0.662123024463654 0.653029978275299 0.64714902639389
0.680094003677368 0.707091987133026 0.715487003326416 0.713701009750366 0.710372984409332 0.711512982845306 0.714684009552002 0.716656029224396 0.716482996940613 0.715034008026123 0.711300015449524 0.710494995117188 0.707601010799408 0.70736700296402 0.704711019992828 0.701315999031067 0.69835901260376 0.697281002998352 0.69555002450943 0.693518996238708 0.691356003284454 0.688745975494385 0.686026990413666 0.685330986976624 0.684163987636566 0.67841899394989 0.669647991657257 0.661755979061127 0.657127022743225 0.656588017940521 0.657081007957458 0.652719020843506 0.645796000957489 0.640555024147034 0.637997984886169 0.634330987930298 0.632091999053955 0.63416999578476 0.638593018054962 0.63934999704361 0.639450013637543 0.64190000295639 0.652336001396179 0.666844010353088 0.674984991550446 0.677525997161865 0.673763990402222 0.672056019306183 0.673394024372101 0.670629024505615 0.658945977687836 0.652235984802246
0.671528995037079 0.682963013648987 0.687534987926483 0.687216997146606 0.684125006198883 0.68791401386261 0.692627012729645 0.697230994701385 0.696457982063293 0.694041013717651 0.691622018814087 0.689356982707977 0.687300026416779 0.686309993267059 0.684202015399933 0.6803839802742 0.676730990409851 0.675563991069794 0.677694022655487 0.679764986038208 0.678782999515533 0.676757991313934 0.673093020915985 0.671136975288391 0.669063985347748 0.666311979293823 0.662010014057159 0.657616972923279 0.653680026531219 0.651081025600433 0.648787975311279 0.644267022609711 0.636910974979401 0.632655024528503 0.629422008991241 0.627156019210815 0.623511016368866 0.62662398815155 0.633924007415771 0.638126015663147 0.642121016979218 0.649963021278381 0.663275003433228 0.675604999065399 0.681315004825592 0.680333971977234 0.676488995552063 0.67672598361969 0.678254008293152 0.676971018314362 0.668358027935028 0.659653007984161
0.661566972732544 0.665473997592926 0.665845990180969 0.66339498758316 0.663430988788605 0.664878010749817 0.67194801568985 0.674592971801758 0.675033986568451 0.672160029411316 0.668603003025055 0.667994022369385 0.666782021522522 0.66397899389267 0.660614013671875 0.656479001045227 0.652207970619202 0.652351975440979 0.659511029720306 0.664197027683258 0.666651010513306 0.664918005466461 0.662961006164551 0.65658301115036 0.65405398607254 0.65039998292923 0.648177981376648 0.645655989646912 0.6423180103302 0.640634000301361 0.636500000953674 0.631488025188446 0.625160992145538 0.621411979198456 0.620317995548248 0.618308007717133 0.617133021354675 0.621707022190094 0.629787027835846 0.638899028301239 0.648781001567841 0.660088002681732 0.671898007392883 0.680176973342896 0.683333992958069 0.682277977466583 0.68265700340271 0.684162020683289 0.684396028518677 0.682137012481689 0.672558009624481 0.665881991386414
0.666049003601074 0.662208020687103 0.660911023616791 0.66193699836731 0.659343004226685 0.661732017993927 0.66516101360321 0.665971994400024 0.665988981723785 0.663734018802643 0.660139977931976 0.659134984016418 0.655489027500153 0.654024004936218 0.650811016559601 0.645906984806061 0.640492022037506 0.640618979930878 0.644915997982025 0.649989008903503 0.650367021560669 0.649496018886566 0.648495018482208 0.647840023040771 0.644977986812592 0.64357602596283 0.641597986221313 0.638637006282806 0.634391009807587 0.629953980445862 0.625717997550964 0.62000697851181 0.615182995796204 0.61098700761795 0.608026027679443 0.607181012630463 0.609690010547638 0.618907988071442 0.630466997623444 0.639909982681274 0.652262985706329 0.66525000333786 0.674437999725342 0.681531012058258 0.682834029197693 0.684131979942322 0.687559008598328 0.687905013561249 0.686390995979309 0.680830001831055 0.672887980937958 0.666034996509552
