Phyllonycteris_poeyi.asc
ncols  804
nrows  378
xllcorner  -74.6418056
yllcorner  17.2248604
cellsize 0.00833333370646766
NODATA_value  -9999
[rows 230 to 252 of 378, columns 208 to 259 of 804]
-9999 -9999 -9999 -9999 -9999 -9999 -9999 -9999 -9999 -9999 -9999 -9999 -9999 -9999 -9999 -9999 -9999 -9999 -9999 -9999 -9999 -9999 -9999 -9999 -9999 -9999 -9999 0.486898988485336 0.486544013023376 0.490319013595581 0.495656996965408 0.49151599407196 0.479142993688583 0.468021005392075 0.459771007299423 0.453586012125015 0.447753012180328 0.443226009607315 0.438380002975464 0.437642008066177 0.4339320063591 0.426499992609024 0.40718799829483 0.391014993190765 0.390473991632462 0.398736000061035 0.3818019926548 0.348818987607956 0.35775101184845 0.348495990037918 0.345353007316589 0.3680419921875
0.644650995731354 0.611090004444122 -9999 -9999 -9999 -9999 0.557465016841888 0.555487990379333 -9999 -9999 -9999 -9999 -9999 -9999 -9999 -9999 -9999 -9999 -9999 -9999 -9999 -9999 -9999 -9999 -9999 0.485455006361008 0.484762012958527 0.481790989637375 0.478300988674164 0.479591012001038 0.497074007987976 0.503588020801544 0.488595992326736 0.465101987123489 0.452228009700775 0.448258996009827 0.44379198551178 0.439907014369965 0.422612011432648 0.426257014274597 0.426811009645462 0.411962002515793 0.420127004384995 0.392681986093521 0.362976998090744 0.388291001319885 0.376096993684769 0.356296986341476 0.325354009866714 0.330880999565125 0.367915987968445 0.378484010696411
0.621073007583618 0.588653028011322 0.563503980636597 -9999 0.540418982505798 0.538819015026093 0.536182999610901 0.537443995475769 0.54467499256134 0.5640509724617 0.612685024738312 0.653748989105225 0.680392026901245 -9999 -9999 -9999 -9999 -9999 -9999 -9999 -9999 -9999 -9999 0.487450987100601 0.482174009084702 0.481822997331619 0.461650013923645 0.455888986587524 0.469016999006271 0.476842999458313 0.500997006893158 0.504384994506836 0.491373986005783 0.466596990823746 0.442321985960007 0.437357008457184 0.421979993581772 0.424654006958008 0.422610014677048 0.419142991304398 0.425595998764038 0.409972012042999 0.422078996896744 0.398400008678436 0.354746013879776 0.363503009080887 0.373699009418488 0.348675012588501 0.33711901307106 0.339964985847473 0.35997200012207 0.378600001335144
0.579888999462128 0.564863979816437 -9999 -9999 0.52837997674942 0.524824023246765 0.526898980140686 0.532081007957458 0.544799983501434 0.582117021083832 0.644658982753754 0.682624995708466 0.663994014263153 0.646914005279541 0.590655982494354 0.544970989227295 0.528191983699799 0.526722013950348 0.520644009113312 0.512923002243042 -9999 0.493681013584137 0.486375987529755 0.482351005077362 0.47129100561142 0.462985992431641 0.466677010059357 0.464947998523712 0.464029014110565 0.469146996736526 0.485403001308441 0.496255993843079 0.491643995046616 0.465615004301071 0.434349000453949 0.428041011095047 0.414375990629196 0.411792010068893 0.426596999168396 0.436376005411148 0.438082009553909 0.405793994665146 0.418781012296677 0.397951990365982 0.371573001146317 0.351489007472992 0.375256985425949 0.357143014669418 0.333133012056351 0.334767997264862 0.351518988609314 0.366982996463776
0.567421972751617 0.56022697687149 0.545060992240906 0.529434978961945 0.521265983581543 0.518444001674652 0.513554990291595 0.528873980045319 0.547176003456116 0.587939023971558 0.649926006793976 0.703064978122711 0.702735006809235 0.648384988307953 0.582041025161743 0.536261975765228 0.519892990589142 0.512625992298126 0.50620299577713 0.503987014293671 0.493753999471664 0.484791994094849 0.476660013198853 0.468001008033752 0.451240986585617 0.447894990444183 0.451285004615784 0.458279997110367 0.473924994468689 0.46712800860405 0.487702995538712 0.491883993148804 0.483325004577637 0.465849995613098 0.439334988594055 0.402431011199951 0.405079007148743 0.409512013196945 0.454374998807907 0.469523012638092 0.474301993846893 0.437121003866196 0.41941499710083 0.381709009408951 0.34069699048996 0.342344999313354 0.360464006662369 0.349332988262177 0.345385998487473 0.344480991363525 0.326918989419937 0.354402989149094
0.542882978916168 0.543524026870728 0.54324197769165 0.519165992736816 0.501751005649567 0.514585018157959 0.510474979877472 0.523217976093292 0.542686998844147 0.591404974460602 0.647222995758057 0.693726003170013 0.687045991420746 0.650608003139496 0.575972020626068 0.522010982036591 0.508786976337433 0.501951992511749 0.496719002723694 0.490105986595154 0.484414994716644 0.475533992052078 0.457955986261368 0.446702003479004 0.44268399477005 0.449970990419388 0.460664004087448 0.481130003929138 0.501182019710541 0.491288989782333 0.509185016155243 0.522441029548645 0.502834022045135 0.477544993162155 0.451449990272522 0.427354991436005 0.419526010751724 0.438190013170242 0.473464995622635 0.507241010665894 0.477907001972198 0.428371012210846 0.407494008541107 0.403369009494781 0.387950003147125 0.414077997207642 0.409009993076324 0.415643006563187 0.38373601436615 0.362738996744156 0.32353600859642 0.343715012073517
0.524358987808228 0.508053004741669 0.51833301782608 0.512907981872559 0.49481400847435 0.511810004711151 0.499778985977173 0.509589016437531 0.545991003513336 0.60121101140976 0.657616019248962 0.666745007038116 0.674139022827148 0.645600020885468 0.558849990367889 0.515335977077484 0.493243008852005 0.489881008863449 0.49091500043869 0.486461997032166 0.483016014099121 0.466322004795074 0.458241999149323 0.438457012176514 0.426510006189346 0.426524013280869 0.453016012907028 0.480044007301331 0.495517998933792 0.513273000717163 0.537438988685608 0.563655972480774 0.548970997333527 0.503664970397949 0.461443990468979 0.429457992315292 0.416188985109329 0.444710999727249 0.510803997516632 0.528080999851227 0.485127002000809 0.437893986701965 0.412564009428024 0.399183988571167 0.401443988084793 0.425285995006561 0.456070989370346 0.475217998027802 0.397817999124527 0.378605991601944 0.354896992444992 0.342415004968643
0.51604300737381 0.493386000394821 0.48021799325943 0.488763988018036 0.4930399954319 0.507623970508575 0.494585990905762 0.499797999858856 0.547958016395569 0.600798010826111 0.65003901720047 0.678227007389069 0.685102999210358 0.62628298997879 0.542159974575043 0.506084024906158 0.481173008680344 0.485538989305496 0.491611003875732 0.495007991790771 0.492217987775803 0.475326985120773 0.466049998998642 0.45244100689888 0.431369990110397 0.425067991018295 0.445084005594254 0.460220992565155 0.481350004673004 0.539036989212036 0.574126005172729 0.566018998622894 0.537095010280609 0.484816014766693 0.440310001373291 0.428966999053955 0.445580005645752 0.485462009906769 0.539429008960724 0.546831011772156 0.480336010456085 0.436066001653671 0.411049991846085 0.395745992660522 0.396183997392654 0.454012989997864 0.466832995414734 0.454158991575241 0.41770601272583 0.3838210105896 0.373050004243851 0.36573401093483
0.485365003347397 0.487383991479874 0.471183985471725 0.447466999292374 0.455568999052048 0.489863991737366 0.487466990947723 0.505595982074738 0.540398001670837 0.585506021976471 0.622774004936218 0.656122982501984 0.63882702589035 0.585216999053955 0.528282999992371 0.495532989501953 0.472544997930527 0.485197007656097 0.510372996330261 0.524312019348145 0.521601974964142 0.501425981521606 0.472369998693466 0.455455988645554 0.441830992698669 0.438849002122879 0.435476005077362 0.446805000305176 0.459564000368118 0.511451005935669 0.546748995780945 0.550827026367188 0.506825983524323 0.46110799908638 0.442517995834351 0.428932011127472 0.450902998447418 0.512741982936859 0.56156998872757 0.579253971576691 0.530650973320007 0.490049004554749 0.452421993017197 0.421974986791611 0.422230005264282 0.44048199057579 0.460038006305695 0.445589989423752 0.403021991252899 0.395076006650925 0.384716987609863 0.37167501449585
0.51683098077774 0.484779000282288 0.480073988437653 0.452315002679825 0.440274000167847 0.464911013841629 0.476565003395081 0.504312992095947 0.554494023323059 0.58135199546814 0.620285987854004 0.673062980175018 0.63960999250412 0.580467998981476 0.502718985080719 0.486032992601395 0.480681985616684 0.511376976966858 0.542672991752625 0.55640697479248 0.552910983562469 0.526973009109497 0.486544996500015 0.462862014770508 0.456360012292862 0.458148986101151 0.454539000988007 0.44395899772644 0.43757700920105 0.485623002052307 0.516933977603912 0.491122007369995 0.453510999679565 0.42680698633194 0.4183169901371 0.435400992631912 0.474830001592636 0.530987024307251 0.574926972389221 0.616701006889343 0.596978008747101 0.562747001647949 0.520368993282318 0.471556007862091 0.432072013616562 0.428375005722046 0.425063997507095 0.426925003528595 0.416853010654449 0.390909999608994 0.399852007627487 0.408428996801376
0.542732000350952 0.510343015193939 0.507130980491638 0.477970004081726 0.460714012384415 0.448345005512238 0.43631899356842 0.472681999206543 0.536791026592255 0.608650982379913 0.645618975162506 0.627788007259369 0.581701993942261 0.522740006446838 0.455725014209747 0.490709990262985 0.481207996606827 0.552266001701355 0.566446006298065 0.587373971939087 0.580902993679047 0.556793987751007 0.50959700345993 0.479582011699677 0.455381006002426 0.471455007791519 0.483006000518799 0.479209005832672 0.464632987976074 0.469121992588043 0.477205991744995 0.457915991544724 0.433506011962891 0.408955991268158 0.416245996952057 0.426239997148514 0.463380008935928 0.512860000133514 0.568370997905731 0.610605001449585 0.603574991226196 0.595375001430511 0.580676972866058 0.523531973361969 0.466724008321762 0.431603997945786 0.428896009922028 0.419943004846573 0.405923992395401 0.402877002954483 0.437873005867004 0.467976987361908
0.574082970619202 0.557246029376984 0.538150012493134 0.480094999074936 0.457899004220963 0.437943994998932 0.437371999025345 0.48199799656868 0.54661500453949 0.607033014297485 0.641855001449585 0.604542016983032 0.567324995994568 0.49958199262619 0.486229985952377 0.465373009443283 0.481205999851227 0.558391988277435 0.591522991657257 0.603384017944336 0.603073000907898 0.601880013942719 0.549006998538971 0.504532992839813 0.493461012840271 0.52352899312973 0.560069024562836 0.548265993595123 0.522830009460449 0.486391007900238 0.460355013608932 0.440008014440536 0.418933987617493 0.422482013702393 0.442584991455078 0.440809011459351 0.480865985155106 0.530021011829376 0.574823975563049 0.588842988014221 0.590667009353638 0.587379992008209 0.586049973964691 0.54578697681427 0.483978986740112 0.443340003490448 0.424961000680923 0.436648011207581 0.465303987264633 0.484611004590988 0.486591994762421 0.494708001613617
0.623356997966766 0.587585985660553 0.532333016395569 0.464978992938995 0.448516011238098 0.423144996166229 0.4149090051651 0.471105992794037 0.541459023952484 0.598082005977631 0.595785975456238 0.56163102388382 0.532921016216278 0.483815997838974 0.455220997333527 0.413545995950699 0.452098995447159 0.549443006515503 0.582629024982452 0.594537019729614 0.613626003265381 0.635573029518127 0.602132022380829 0.561387002468109 0.554536998271942 0.584515988826752 0.611379027366638 0.608066976070404 0.583420991897583 0.520820021629333 0.474294990301132 0.438849002122879 0.41634801030159 0.449696004390717 0.442229986190796 0.453153014183044 0.491719990968704 0.546425998210907 0.591089010238647 0.619751989841461 0.634645998477936 0.610916018486023 0.580555975437164 0.525515973567963 0.484539985656738 0.447162985801697 0.433573007583618 0.470694005489349 0.516575992107391 0.548546016216278 0.536072015762329 0.506277978420258
0.576210975646973 0.528378009796143 0.472631007432938 0.449476003646851 0.421279013156891 0.403818994760513 0.402563005685806 0.470214992761612 0.549832999706268 0.586713016033173 0.598338007926941 0.590650975704193 0.51672899723053 0.47298601269722 0.446027010679245 0.434767991304398 0.447008013725281 0.481481999158859 0.544780015945435 0.575066983699799 0.62365597486496 0.619590997695923 0.635209977626801 0.621563017368317 0.608749985694885 0.619907975196838 0.636711001396179 0.632129013538361 0.617666006088257 0.569087982177734 0.513408005237579 0.444732993841171 0.434976011514664 0.47290900349617 0.455047994852066 0.479916989803314 0.504741013050079 0.55792897939682 0.590812981128693 0.637412011623383 0.641049027442932 0.612195014953613 0.553617000579834 0.498838007450104 0.468535006046295 0.448859006166458 0.453343003988266 0.493600994348526 0.528589010238647 0.562394022941589 0.549767971038818 0.48572701215744
0.569310009479523 0.50714898109436 0.449436008930206 0.419542014598846 0.385949999094009 0.38925701379776 0.416608989238739 0.486012011766434 0.553484976291656 0.586938977241516 0.621555984020233 0.599647998809814 0.507602989673615 0.449162989854813 0.409676998853683 0.423756986856461 0.410302996635437 0.45381098985672 0.498793005943298 0.538125991821289 0.583400011062622 0.606009006500244 0.631165027618408 0.640385985374451 0.648726999759674 0.656157970428467 0.666490018367767 0.671047985553741 0.648073017597198 0.592935025691986 0.551501989364624 0.474656999111176 0.467105001211166 0.464441001415253 0.461616009473801 0.493943989276886 0.505141019821167 0.565621018409729 0.608739018440247 0.606432020664215 0.602115988731384 0.58704400062561 0.525694012641907 0.479404002428055 0.458287000656128 0.446047991514206 0.481687009334564 0.556083023548126 0.572050988674164 0.566130995750427 0.550428986549377 0.474923998117447
0.521885991096497 0.478029012680054 0.429807990789413 0.411841005086899 0.41499200463295 0.402054995298386 0.409943997859955 0.478567004203796 0.531167984008789 0.577279984951019 0.581477999687195 0.589713990688324 0.520524978637695 0.477219998836517 0.446197003126144 0.448500990867615 0.430150002241135 0.448172003030777 0.49202099442482 0.528734028339386 0.569362998008728 0.610979020595551 0.636654019355774 0.647332012653351 0.653719007968903 0.660879015922546 0.65879499912262 0.678555011749268 0.679567992687225 0.646399021148682 0.578917026519775 0.515605986118317 0.488009005784988 0.47393000125885 0.490956008434296 0.513329029083252 0.545058012008667 0.595201015472412 0.636906981468201 0.63230699300766 0.606123983860016 0.538190007209778 0.48531699180603 0.460718005895615 0.426468998193741 0.446112990379333 0.50111997127533 0.551792025566101 0.576816976070404 0.548928022384644 0.52673202753067 0.470851987600327
0.504528999328613 0.453379988670349 0.450349003076553 0.43851500749588 0.459313988685608 0.464857012033463 0.453204989433289 0.470151007175446 0.489915996789932 0.527315020561218 0.522005975246429 0.532715976238251 0.54524701833725 0.549522995948792 0.53915798664093 0.493957996368408 0.46187299489975 0.440328985452652 0.484869003295898 0.543682992458344 0.587130010128021 0.613934993743896 0.624238014221191 0.640672981739044 0.650502026081085 0.660332977771759 0.689140975475311 0.675360977649689 0.670845985412598 0.665401995182037 0.63441401720047 0.579750001430511 0.529196977615356 0.495110988616943 0.496344000101089 0.502954006195068 0.559831023216248 0.620208978652954 0.634250998497009 0.637045979499817 0.607897996902466 0.533424019813538 0.46330800652504 0.455361008644104 0.435303002595901 0.47732999920845 0.528365015983582 0.545742988586426 0.539659023284912 0.50348699092865 0.479166001081467 0.460745990276337
0.484344005584717 0.443107008934021 0.465065002441406 0.498351007699966 0.534187972545624 0.553261995315552 0.536590993404388 0.508798003196716 0.473823010921478 0.464637011289597 0.462525010108948 0.481525987386703 0.510626971721649 0.569769978523254 0.592882990837097 0.575164973735809 0.505755007266998 0.443547993898392 0.482241988182068 0.529540002346039 0.573761999607086 0.623103976249695 0.627901971340179 0.627869009971619 0.642798006534576 0.645703017711639 0.649275004863739 0.668006002902985 0.669718980789185 0.662418007850647 0.656023979187012 0.627676010131836 0.57651698589325 0.522386014461517 0.496648997068405 0.5139279961586 0.561387002468109 0.612209022045135 0.636433005332947 0.632658004760742 0.583824992179871 0.509944975376129 0.475834012031555 0.449710011482239 0.458617001771927 0.504133999347687 0.517539024353027 0.511551976203918 0.498124986886978 0.483987987041473 0.46814700961113 0.435418993234634
0.47486400604248 0.439958989620209 0.474481999874115 0.542520999908447 0.592854022979736 0.601438999176025 0.573348999023438 0.530402004718781 0.494354009628296 0.468273997306824 0.43876901268959 0.465864986181259 0.527980029582977 0.567825973033905 0.575536012649536 0.574247002601624 0.528892993927002 0.485947996377945 0.48675000667572 0.525120973587036 0.58686101436615 0.633814990520477 0.658479988574982 0.65429300069809 0.63985401391983 0.640522003173828 0.643528997898102 0.659179985523224 0.667684018611908 0.666584014892578 0.659922003746033 0.671436011791229 0.62703001499176 0.572440981864929 0.521085023880005 0.51994001865387 0.53785902261734 0.59765100479126 0.622973024845123 0.629823982715607 0.580065011978149 0.508939027786255 0.470604002475739 0.458929985761642 0.472409009933472 0.485671997070313 0.478327006101608 0.478500992059708 0.458018988370895 0.425135999917984 0.40515398979187 0.39894899725914
0.528477013111115 0.52665102481842 0.561312019824982 0.590722024440765 0.622443974018097 0.6076779961586 0.606500029563904 0.585892975330353 0.506515026092529 0.466120004653931 0.443976014852524 0.419658988714218 0.488775998353958 0.572309970855713 0.604214012622833 0.574693977832794 0.501771986484528 0.504209995269775 0.510706007480621 0.551159977912903 0.587606012821198 0.620606005191803 0.642804026603699 0.647608995437622 0.632833003997803 0.638903975486755 0.65159398317337 0.669600009918213 0.678885996341705 0.679343998432159 0.687346994876862 0.691295981407166 0.675574004650116 0.641049027442932 0.576448976993561 0.533445000648499 0.538142025470734 0.582418978214264 0.60216099023819 0.608319997787476 0.581142008304596 0.512574017047882 0.487580001354218 0.484813004732132 0.487318009138107 0.477196007966995 0.456411004066467 0.458743005990982 0.433165997266769 0.401746988296509 0.3870570063591 0.381316989660263
0.579934000968933 0.585541009902954 0.602154016494751 0.642479002475739 0.661040008068085 0.652005016803741 0.642625987529755 0.606652975082397 0.543780028820038 0.503005981445313 0.470384001731873 0.444523990154266 0.477733999490738 0.532400012016296 0.606357991695404 0.626487016677856 0.51063197851181 0.506412029266357 0.50238299369812 0.560959994792938 0.613797008991241 0.651126027107239 0.654331028461456 0.637741029262543 0.595197021961212 0.585389018058777 0.609443008899689 0.634926021099091 0.647113025188446 0.653389990329742 0.662990987300873 0.656663000583649 0.687674999237061 0.651884019374847 0.646426975727081 0.600417017936707 0.581291019916534 0.602276027202606 0.623071014881134 0.606778979301453 0.567212998867035 0.534217000007629 0.500549018383026 0.50534200668335 0.480740010738373 0.472808986902237 0.4668889939785 0.457529991865158 0.436239004135132 0.4043929874897 0.397042989730835 0.405066013336182
0.64936500787735 0.666640996932983 0.644665002822876 0.628769993782043 0.655434012413025 0.655734002590179 0.609399020671844 0.580579996109009 0.545535027980804 0.525270998477936 0.492368012666702 0.471018999814987 0.481162995100021 0.528494000434875 0.572978019714355 0.59681898355484 0.548036992549896 0.512614011764526 0.497343003749847 0.561007022857666 0.62661600112915 0.639532029628754 0.653070986270905 0.627524971961975 0.580482006072998 0.561644017696381 0.583822011947632 0.610692024230957 0.639240026473999 0.639775991439819 0.651759028434753 0.664892971515656 0.655789017677307 0.659452974796295 0.674268007278442 0.642840027809143 0.63986599445343 0.645250022411346 0.653321027755737 0.627261996269226 0.56793600320816 0.533333003520966 0.509950995445251 0.509141027927399 0.484367996454239 0.474801003932953 0.465550988912582 0.44514599442482 0.424569994211197 0.401630997657776 0.39851701259613 0.427118986845016
0.697631001472473 0.67330002784729 0.625455021858215 0.626872003078461 0.653005003929138 0.670193016529083 0.606472015380859 0.588015973567963 0.575718998908997 0.540470004081726 0.521299004554749 0.497150987386703 0.489744007587433 0.536558985710144 0.586621999740601 0.597663998603821 0.555612981319427 0.507983028888702 0.470515996217728 0.538613975048065 0.567243993282318 0.602783977985382 0.622480988502502 0.626766979694366 0.613833010196686 0.601904988288879 0.614804983139038 0.63095098733902 0.621921002864838 0.627277016639709 0.63741397857666 0.645509004592896 0.665893018245697 0.674871981143951 0.66407299041748 0.657164990901947 0.666251003742218 0.670107007026672 0.666736006736755 0.646140992641449 0.590577006340027 0.544543027877808 0.520165026187897 0.502399981021881 0.489740997552872 0.478193014860153 0.456589996814728 0.44522300362587 0.434946000576019 0.422174006700516 0.426642000675201 0.465701013803482
