Phyllops_falcatus.asc
ncols  804
nrows  378
xllcorner  -74.6418056
yllcorner  17.2248604
cellsize 0.00833333370646766
NODATA_value  -9999
[rows 184 to 206 of 378, columns 520 to 571 of 804]
0.547331988811493 0.526337027549744 0.517795979976654 0.484221011400223 0.580721974372864 0.560935020446777 0.545844972133636 0.607433974742889 0.578077971935272 0.623930990695953 0.63487297296524 0.631752014160156 0.620639026165009 0.615006983280182 0.617498993873596 0.612304985523224 0.609323978424072 0.614921987056732 0.61591100692749 0.610095977783203 0.633206009864807 0.654860973358154 0.659157991409302 0.704668998718262 0.713141977787018 0.692134022712708 0.678367972373962 0.683127999305725 0.679876983165741 0.703417003154755 0.711920022964478 0.696372985839844 0.690192997455597 0.670382022857666 0.683831989765167 0.705781996250153 0.710177004337311 0.731242001056671 0.704490005970001 0.711998999118805 0.709048986434937 0.688385009765625 0.695636987686157 0.69745397567749 0.710786998271942 0.707331001758575 0.715820014476776 0.712391018867493 0.70594197511673 0.70736700296402 0.705241024494171 0.710036993026733
0.52795398235321 0.552093029022217 0.544443011283875 0.497503012418747 0.503066003322601 0.532204985618591 0.625737011432648 0.586453974246979 0.620096027851105 0.634220004081726 0.622494995594025 0.618435978889465 0.62922602891922 0.614346981048584 0.634054005146027 0.620737016201019 0.627291023731232 0.648209989070892 0.644890010356903 0.637712001800537 0.626084983348846 0.637883007526398 0.639158010482788 0.683790981769562 0.669745028018951 0.686526000499725 0.682255029678345 0.692667007446289 0.691681027412415 0.69379597902298 0.709855973720551 0.697746992111206 0.678771018981934 0.678601026535034 0.687765002250671 0.713370025157928 0.723505020141602 0.723195016384125 0.738273024559021 0.702886998653412 0.709146022796631 0.699823975563049 0.690056025981903 0.697152972221375 0.710886001586914 0.71117502450943 0.715241014957428 0.713696002960205 0.714098989963531 0.715925991535187 0.718581974506378 0.72104799747467
0.540147006511688 0.502474009990692 0.554585993289948 0.533379971981049 0.46391099691391 0.51960301399231 0.546070992946625 0.575712025165558 0.632044970989227 0.630813002586365 0.60758501291275 0.633405983448029 0.616562008857727 0.627662003040314 0.633432984352112 0.638966023921967 0.638163983821869 0.652473986148834 0.63282299041748 0.61770099401474 0.631265997886658 0.637596011161804 0.641085028648376 0.636376976966858 0.690955996513367 0.680608987808228 0.694455981254578 0.65575897693634 0.681421995162964 0.685634970664978 0.688485026359558 0.708707988262177 0.695213973522186 0.69488000869751 0.709174990653992 0.725413024425507 0.729414999485016 0.740351974964142 0.694709002971649 0.733049988746643 0.718926012516022 0.700370013713837 0.701906025409698 0.698518991470337 0.704766988754272 0.711771011352539 0.716008007526398 0.715555012226105 0.717976987361908 0.721108019351959 0.727643013000488 0.728383004665375
0.50611400604248 0.556284010410309 0.52804297208786 0.555458009243011 0.541239023208618 0.474741995334625 0.583419024944305 0.542587995529175 0.575881004333496 0.640546023845673 0.625410974025726 0.5971599817276 0.615691006183624 0.65149998664856 0.645841002464294 0.662621974945068 0.657428979873657 0.668030977249146 0.673305988311768 0.666638016700745 0.615523993968964 0.626769006252289 0.643087983131409 0.651522994041443 0.666347980499268 0.65140700340271 0.672573983669281 0.682446002960205 0.676334023475647 0.69004899263382 0.708764016628265 0.693647980690002 0.707814991474152 0.714522004127502 0.705941021442413 0.730166018009186 0.725117027759552 0.714203000068665 0.723038017749786 0.71458899974823 0.715641975402832 0.707042992115021 0.701781988143921 0.702696979045868 0.704219996929169 0.708419978618622 0.71296501159668 0.718625009059906 0.717903971672058 0.723210990428925 0.729185998439789 0.732149004936218
0.549727976322174 0.539596021175385 0.512102007865906 0.563501000404358 0.547006011009216 0.545997977256775 0.499981999397278 0.576560020446777 0.556252002716064 0.592679977416992 0.626554012298584 0.624396026134491 0.627658009529114 0.640839993953705 0.62881201505661 0.618072986602783 0.639285981655121 0.672881007194519 0.650232970714569 0.649670004844666 0.659431993961334 0.647482991218567 0.641942977905273 0.642700016498566 0.637603998184204 0.65236097574234 0.643594026565552 0.661239981651306 0.679472029209137 0.720752000808716 0.716410994529724 0.729746997356415 0.705461978912354 0.703504979610443 0.703842997550964 0.701125025749207 0.715883016586304 0.725889980792999 0.729768991470337 0.725233018398285 0.711576998233795 0.711212992668152 0.695177018642426 0.695679008960724 0.701812982559204 0.705789029598236 0.712325990200043 0.721773982048035 0.723659992218018 0.724327981472015 0.727829992771149 0.736445009708405
0.543085992336273 0.511236011981964 0.565140008926392 0.532069981098175 0.534942984580994 0.559008002281189 0.538433015346527 0.526257991790771 0.59817099571228 0.559134006500244 0.605118989944458 0.631015002727509 0.652490019798279 0.632432997226715 0.609775006771088 0.62626701593399 0.617402970790863 0.648097991943359 0.657037019729614 0.660000026226044 0.686695992946625 0.666019976139069 0.648023009300232 0.647464990615845 0.643028020858765 0.611931979656219 0.659986019134521 0.679763972759247 0.692046999931335 0.70695698261261 0.728633999824524 0.703612983226776 0.700460970401764 0.710017025470734 0.698561012744904 0.684933006763458 0.704734027385712 0.731100976467133 0.718165993690491 0.728837013244629 0.712409019470215 0.701894998550415 0.699971973896027 0.694908022880554 0.696753025054932 0.704784989356995 0.716453015804291 0.724443972110748 0.731943011283875 0.730157971382141 0.727208971977234 0.730575025081635
0.511748015880585 0.552006006240845 0.562853991985321 0.568197011947632 0.575223028659821 0.549839019775391 0.567380011081696 0.569099009037018 0.509702980518341 0.597953975200653 0.564243972301483 0.622385025024414 0.612847983837128 0.640201985836029 0.623115003108978 0.599448978900909 0.586525976657867 0.608853995800018 0.611993014812469 0.634401023387909 0.677012979984283 0.698257982730865 0.656952977180481 0.668199002742767 0.671532988548279 0.676398992538452 0.644482016563416 0.645977020263672 0.684409022331238 0.690277993679047 0.693854987621307 0.703163027763367 0.721140027046204 0.715360999107361 0.695807993412018 0.692605018615723 0.695025980472565 0.697084009647369 0.722877025604248 0.72620302438736 0.719296991825104 0.693798005580902 0.700577974319458 0.693693995475769 0.694634020328522 0.702153980731964 0.713374972343445 0.736828029155731 0.734004020690918 0.736679971218109 0.734365999698639 0.729614973068237
0.490031003952026 0.549417018890381 0.570946991443634 0.589545011520386 0.581523001194 0.571932971477509 0.560065984725952 0.569908976554871 0.559835970401764 0.514630019664764 0.606868982315063 0.617114007472992 0.579600989818573 0.584352016448975 0.61412900686264 0.614283978939056 0.583096027374268 0.590478003025055 0.642122983932495 0.669292986392975 0.625867009162903 0.692404985427856 0.686410009860992 0.64174497127533 0.675862014293671 0.655378997325897 0.684399008750916 0.674818992614746 0.681602001190186 0.709996998310089 0.724093973636627 0.714803993701935 0.715101003646851 0.709825992584229 0.703239023685455 0.699229001998901 0.703836977481842 0.700845003128052 0.703814029693604 0.723752021789551 0.705109000205994 0.70787501335144 0.69982898235321 0.695977985858917 0.695680975914001 0.699429988861084 0.718671977519989 0.731948971748352 0.744072020053864 0.740947008132935 0.736774981021881 0.730768024921417
0.555683016777039 0.55629700422287 0.546092987060547 0.570679008960724 0.570531010627747 0.577720999717712 0.571183025836945 0.569967985153198 0.556909024715424 0.523554980754852 0.534452021121979 0.594281017780304 0.638577997684479 0.549885988235474 0.561576008796692 0.610539019107819 0.598145008087158 0.598088026046753 0.641941010951996 0.665718019008636 0.631201028823853 0.617788970470428 0.653837025165558 0.686172008514404 0.698077976703644 0.698013007640839 0.662706971168518 0.675979971885681 0.688436985015869 0.709814012050629 0.705192029476166 0.706435024738312 0.713370978832245 0.711468994617462 0.710655987262726 0.711094975471497 0.706475019454956 0.713873028755188 0.718740999698639 0.722328007221222 0.720726013183594 0.71136999130249 0.704704999923706 0.697324991226196 0.695243000984192 0.704872012138367 0.715601027011871 0.725611984729767 0.733322978019714 0.736256003379822 0.732968986034393 0.734266996383667
0.553524017333984 0.536392986774445 0.533123016357422 0.578854024410248 0.580531001091003 0.585988998413086 0.57574200630188 0.569225013256073 0.552801012992859 0.517341017723083 0.522526025772095 0.56843101978302 0.612649023532867 0.524251997470856 0.542985022068024 0.626008987426758 0.626262009143829 0.622344970703125 0.663213014602661 0.667491972446442 0.636232018470764 0.616501986980438 0.654196977615356 0.694823980331421 0.696048974990845 0.694467008113861 0.656741976737976 0.667164027690887 0.686145007610321 0.716754019260406 0.717095971107483 0.710206985473633 0.720282018184662 0.718151986598969 0.71824699640274 0.719105005264282 0.718371987342834 0.727662026882172 0.73217499256134 0.733446002006531 0.728733003139496 0.721701979637146 0.713406980037689 0.703631997108459 0.698692977428436 0.707442998886108 0.714893996715546 0.721704006195068 0.72377598285675 0.727896988391876 0.725194990634918 0.729840993881226
0.534044981002808 0.450935989618301 0.525812983512878 0.547928988933563 0.587997019290924 0.583229005336761 0.575053989887238 0.576227009296417 0.570863008499146 0.542405009269714 0.507184028625488 0.532316029071808 0.523671984672546 0.590022027492523 0.54354202747345 0.550466001033783 0.621985971927643 0.646148025989532 0.661732017993927 0.657397985458374 0.615477979183197 0.670808017253876 0.689253985881805 0.676482975482941 0.681784987449646 0.654730975627899 0.657383978366852 0.671536982059479 0.682246029376984 0.705758988857269 0.739378988742828 0.729820013046265 0.713064014911652 0.71245801448822 0.71440201997757 0.719613015651703 0.726498007774353 0.71671599149704 0.726046979427338 0.740242004394531 0.73854398727417 0.731845021247864 0.71586000919342 0.707719027996063 0.702534019947052 0.70947402715683 0.726469993591309 0.729973018169403 0.72537499666214 0.719892024993896 0.721324980258942 0.723652005195618
0.463313013315201 0.501604020595551 0.458009988069534 0.531865000724792 0.597531020641327 0.596333026885986 0.581068992614746 0.5765740275383 0.574926972389221 0.568395018577576 0.544790983200073 0.533631980419159 0.539646029472351 0.482194989919662 0.591126978397369 0.531229019165039 0.557475984096527 0.6302729845047 0.67755001783371 0.673255980014801 0.680070996284485 0.635143995285034 0.60259598493576 0.677111983299255 0.700224995613098 0.691676020622253 0.668942987918854 0.647691011428833 0.671935021877289 0.66338700056076 0.703858017921448 0.737312972545624 0.738707005977631 0.740936994552612 0.726244986057281 0.721364974975586 0.715372025966644 0.719300985336304 0.72113698720932 0.727578997612 0.740863978862762 0.741894006729126 0.727572023868561 0.709336996078491 0.705165982246399 0.704297006130219 0.725015997886658 0.733771026134491 0.72934901714325 0.720140993595123 0.718375027179718 0.722418010234833
0.44982698559761 0.559678971767426 0.478388011455536 0.516673982143402 0.596710026264191 0.611258983612061 0.595589995384216 0.581125020980835 0.583965003490448 0.571000993251801 0.571484982967377 0.555814981460571 0.552954971790314 0.511916995048523 0.456681996583939 0.583575010299683 0.510300993919373 0.5504509806633 0.637767970561981 0.65946900844574 0.694477021694183 0.632453978061676 0.670506000518799 0.622505009174347 0.668816983699799 0.700187027454376 0.682919025421143 0.656459987163544 0.622111976146698 0.667912006378174 0.649946987628937 0.685446977615356 0.708961009979248 0.746016979217529 0.741841971874237 0.726440012454987 0.721154987812042 0.696461975574493 0.702983021736145 0.724882006645203 0.739754974842072 0.73045802116394 0.72674298286438 0.720516979694366 0.711184024810791 0.711413025856018 0.719601988792419 0.741312026977539 0.72844398021698 0.724121987819672 0.719457983970642 0.718569993972778
0.559315025806427 0.529124021530151 0.495846003293991 0.560846984386444 0.597220003604889 0.616394996643066 0.609502971172333 0.593523025512695 0.590701997280121 0.59427797794342 0.588432013988495 0.570957005023956 0.567287981510162 0.541957974433899 0.471819013357162 0.506316006183624 0.590816020965576 0.521880984306335 0.582861006259918 0.599314987659454 0.658228993415833 0.661643028259277 0.63109302520752 0.666562974452972 0.674017012119293 0.642423987388611 0.675797998905182 0.674646973609924 0.659726023674011 0.598387002944946 0.663411021232605 0.683673024177551 0.65359902381897 0.691209018230438 0.713755011558533 0.726163983345032 0.725969016551971 0.715678989887238 0.717947006225586 0.72187602519989 0.724676012992859 0.734380006790161 0.732949018478394 0.720501005649567 0.712638020515442 0.713544011116028 0.721826016902924 0.730656981468201 0.7343670129776 0.724183022975922 0.721356987953186 0.718975007534027
0.585906028747559 0.58475798368454 0.542406022548676 0.452410995960236 0.561881005764008 0.595220983028412 0.611510992050171 0.601293981075287 0.596179008483887 0.578222990036011 0.577242970466614 0.570600986480713 0.543833017349243 0.52674001455307 0.513684988021851 0.495819002389908 0.601216971874237 0.547140002250671 0.625138998031616 0.651183009147644 0.618580996990204 0.620025992393494 0.679961025714874 0.679831027984619 0.645358026027679 0.69473397731781 0.643212974071503 0.664021015167236 0.664030015468597 0.653396010398865 0.670717000961304 0.651395976543427 0.665669977664948 0.718214988708496 0.730090975761414 0.717747986316681 0.73157399892807 0.726373016834259 0.72298002243042 0.727585017681122 0.730342984199524 0.727115988731384 0.725780010223389 0.727832019329071 0.717549979686737 0.719448983669281 0.723141014575958 0.732051014900208 0.730413019657135 0.725556015968323 0.724215984344482 0.723025977611542
0.569235026836395 0.552627980709076 0.534951984882355 0.539250016212463 0.488213986158371 0.571442008018494 0.60536402463913 0.603815019130707 0.605098009109497 0.582306027412415 0.582413971424103 0.582702994346619 0.525267004966736 0.553546011447906 0.583095014095306 0.471798002719879 0.527610003948212 0.559072017669678 0.624819993972778 0.653414011001587 0.687277972698212 0.600705027580261 0.624303996562958 0.69904100894928 0.705879986286163 0.665449976921082 0.689159989356995 0.686240017414093 0.672496974468231 0.676747024059296 0.652815997600555 0.667312979698181 0.676890015602112 0.7099369764328 0.723479986190796 0.737028002738953 0.717188000679016 0.732948005199432 0.73063200712204 0.725731015205383 0.729722023010254 0.730479001998901 0.72802197933197 0.72459602355957 0.722414016723633 0.721706986427307 0.727468013763428 0.728426992893219 0.729225993156433 0.727630972862244 0.728618025779724 0.726602017879486
0.530004024505615 0.557182013988495 0.519568026065826 0.528985977172852 0.526521027088165 0.567063987255096 0.614322006702423 0.604740977287292 0.604681015014648 0.607093989849091 0.584560990333557 0.599031984806061 0.508301019668579 0.543842971324921 0.53916198015213 0.595618009567261 0.466414004564285 0.5745490193367 0.596445977687836 0.627520978450775 0.643073976039886 0.627502977848053 0.675482988357544 0.6666060090065 0.621322989463806 0.628847002983093 0.694251000881195 0.687780022621155 0.709370970726013 0.68961501121521 0.682919025421143 0.669790983200073 0.666988015174866 0.692818999290466 0.723769009113312 0.751806974411011 0.752501010894775 0.742757976055145 0.742200970649719 0.74159300327301 0.727028012275696 0.73036801815033 0.728438973426819 0.730336010456085 0.729583978652954 0.728613018989563 0.729507029056549 0.729955017566681 0.729427993297577 0.729618012905121 0.728955984115601 0.730767011642456
0.461811989545822 0.529811978340149 0.541074991226196 0.545304000377655 0.614904999732971 0.541649997234344 0.582113027572632 0.630411028862 0.630052983760834 0.622231006622314 0.609167993068695 0.608590006828308 0.564593017101288 0.512934029102325 0.578144013881683 0.582291007041931 0.594723999500275 0.505169987678528 0.628700971603394 0.640408992767334 0.58415299654007 0.694302976131439 0.621852993965149 0.624238014221191 0.644156992435455 0.59502899646759 0.627955973148346 0.656682014465332 0.692562997341156 0.705052018165588 0.697969973087311 0.67796802520752 0.67485499382019 0.658698976039886 0.68927401304245 0.711799025535583 0.731531023979187 0.739452004432678 0.732680976390839 0.729436993598938 0.738548994064331 0.732873022556305 0.734484016895294 0.732140004634857 0.732950985431671 0.73232901096344 0.731661021709442 0.734021008014679 0.733375012874603 0.732595980167389 0.733901977539063 0.734152019023895
0.502655029296875 0.503813028335571 0.521661996841431 0.521169006824493 0.582059025764465 0.592242002487183 0.519195973873138 0.545780003070831 0.624351978302002 0.636246025562286 0.611931979656219 0.620635986328125 0.613234996795654 0.60028201341629 0.56783801317215 0.580541014671326 0.605274975299835 0.565832018852234 0.537702023983002 0.566247999668121 0.596897006034851 0.606097996234894 0.619549989700317 0.628534972667694 0.571470975875854 0.656481981277466 0.653880000114441 0.643254995346069 0.672993004322052 0.702193021774292 0.685654997825623 0.694081008434296 0.68996798992157 0.682371973991394 0.666387021541595 0.699747979640961 0.720672011375427 0.718316972255707 0.729251980781555 0.730403006076813 0.72639399766922 0.733663976192474 0.732379972934723 0.74261599779129 0.743121981620789 0.742052972316742 0.738039016723633 0.739744007587433 0.738359987735748 0.737721979618073 0.739193975925446 0.740158975124359
0.495707005262375 0.494765996932983 0.491145998239517 0.537571012973785 0.573094010353088 0.530488014221191 0.564857006072998 0.518624007701874 0.551150977611542 0.621416985988617 0.623444020748138 0.629760026931763 0.62304699420929 0.612082004547119 0.602397978305817 0.589756011962891 0.592392981052399 0.565425992012024 0.488745987415314 0.511384010314941 0.635025978088379 0.580726981163025 0.629419982433319 0.655414998531342 0.599821984767914 0.590247988700867 0.670916974544525 0.663061022758484 0.665790975093842 0.709771990776062 0.711621999740601 0.664192020893097 0.692403972148895 0.704383015632629 0.705298006534576 0.702704012393951 0.708824992179871 0.717785000801086 0.725224018096924 0.720043003559113 0.726490020751953 0.72604900598526 0.737385988235474 0.746800005435944 0.748076021671295 0.747316002845764 0.748098015785217 0.746025025844574 0.74582701921463 0.744385004043579 0.744459986686707 0.745742976665497
0.502900004386902 0.549270987510681 0.533940970897675 0.488413989543915 0.595043003559113 0.56502902507782 0.503575026988983 0.556478023529053 0.623227000236511 0.652787983417511 0.622031986713409 0.624517977237701 0.624503016471863 0.619639992713928 0.611656010150909 0.599663972854614 0.606299996376038 0.604529023170471 0.539451003074646 0.554910004138947 0.500706970691681 0.649986028671265 0.574954986572266 0.635260999202728 0.66253799200058 0.639258980751038 0.621142983436584 0.645088970661163 0.649762988090515 0.692019999027252 0.651919007301331 0.709604978561401 0.659987986087799 0.688601016998291 0.705277979373932 0.718254029750824 0.711974024772644 0.710671007633209 0.710635006427765 0.701735019683838 0.731096982955933 0.732792019844055 0.743691980838776 0.747542977333069 0.746680021286011 0.745244026184082 0.748494982719421 0.746684014797211 0.74685400724411 0.746186017990112 0.747906029224396 0.749311983585358
0.543718993663788 0.535885989665985 0.521000027656555 0.591180026531219 0.516580998897552 0.579877018928528 0.507228016853333 0.568037986755371 0.607447981834412 0.618686974048615 0.657486021518707 0.613645970821381 0.614363014698029 0.62780100107193 0.619296014308929 0.602481007575989 0.608564019203186 0.591305017471313 0.604712009429932 0.612286984920502 0.574078023433685 0.585514008998871 0.633166015148163 0.631708979606628 0.643224000930786 0.673720002174377 0.676357984542847 0.701728999614716 0.701129019260406 0.675563991069794 0.659774005413055 0.646740019321442 0.697647988796234 0.693965017795563 0.691219985485077 0.702242016792297 0.714527010917664 0.702681005001068 0.683457016944885 0.7291139960289 0.724829971790314 0.723724007606506 0.743421971797943 0.74598902463913 0.747699022293091 0.746426999568939 0.744243979454041 0.747218012809753 0.747492015361786 0.745829999446869 0.747352004051208 0.747592985630035
0.568480014801025 0.582427024841309 0.572157979011536 0.506066024303436 0.526907980442047 0.479021996259689 0.500853002071381 0.657959997653961 0.644318997859955 0.580901980400085 0.621203005313873 0.648956000804901 0.630214989185333 0.626199007034302 0.632744014263153 0.614232003688812 0.603760004043579 0.613955020904541 0.606788992881775 0.610895991325378 0.607037007808685 0.607985973358154 0.610028982162476 0.619449019432068 0.632045984268188 0.677586019039154 0.69038599729538 0.675890982151031 0.679077982902527 0.673578977584839 0.672587990760803 0.684997022151947 0.676899015903473 0.69523298740387 0.687972009181976 0.720591008663177 0.695271015167236 0.716120004653931 0.717997014522552 0.703724980354309 0.722804009914398 0.744499981403351 0.722791016101837 0.748417019844055 0.746138989925385 0.746715009212494 0.74856299161911 0.744351029396057 0.744883000850677 0.745682001113892 0.746354997158051 0.745975971221924
