Pteronotus_quadridens.asc
ncols  804
nrows  378
xllcorner  -74.6418056
yllcorner  17.2248604
cellsize 0.00833333370646766
NODATA_value  -9999
[rows 115 to 137 of 378, columns 572 to 623 of 804]
0.778554022312164 0.768280982971191 0.762095987796783 -9999 -9999 -9999 -9999 -9999 -9999 -9999 -9999 -9999 -9999 -9999 -9999 -9999 -9999 -9999 -9999 -9999 -9999 -9999 -9999 -9999 -9999 -9999 -9999 -9999 -9999 -9999 -9999 -9999 -9999 -9999 -9999 -9999 -9999 -9999 -9999 -9999 -9999 -9999 -9999 -9999 -9999 -9999 -9999 -9999 -9999 -9999 -9999 -9999
0.782921016216278 0.779926002025604 0.762094974517822 0.765300989151001 -9999 -9999 -9999 -9999 -9999 -9999 -9999 -9999 -9999 -9999 -9999 -9999 -9999 -9999 -9999 -9999 -9999 -9999 -9999 -9999 -9999 -9999 -9999 -9999 -9999 -9999 -9999 -9999 -9999 -9999 -9999 -9999 -9999 -9999 -9999 -9999 -9999 -9999 -9999 -9999 -9999 -9999 -9999 -9999 -9999 -9999 -9999 -9999
0.784658014774323 0.789261996746063 0.774132013320923 0.766203999519348 -9999 -9999 -9999 -9999 -9999 -9999 -9999 -9999 -9999 -9999 -9999 -9999 -9999 -9999 -9999 -9999 -9999 -9999 -9999 -9999 -9999 -9999 -9999 -9999 -9999 -9999 -9999 -9999 -9999 -9999 -9999 -9999 -9999 -9999 -9999 -9999 -9999 -9999 -9999 -9999 -9999 -9999 -9999 -9999 -9999 -9999 -9999 -9999
0.778840005397797 0.782159984111786 0.775582015514374 0.769988000392914 -9999 -9999 -9999 -9999 -9999 -9999 -9999 -9999 -9999 -9999 -9999 -9999 -9999 -9999 -9999 -9999 -9999 -9999 -9999 -9999 -9999 -9999 -9999 -9999 -9999 -9999 -9999 -9999 -9999 -9999 -9999 -9999 -9999 -9999 -9999 -9999 -9999 -9999 -9999 -9999 -9999 -9999 -9999 -9999 -9999 -9999 -9999 -9999
0.780542016029358 0.780569016933441 0.770693004131317 0.771250009536743 -9999 -9999 -9999 -9999 -9999 -9999 -9999 -9999 -9999 -9999 -9999 -9999 -9999 -9999 -9999 -9999 -9999 -9999 -9999 -9999 -9999 -9999 -9999 -9999 -9999 -9999 -9999 -9999 -9999 -9999 -9999 -9999 -9999 -9999 -9999 -9999 -9999 -9999 -9999 -9999 -9999 -9999 -9999 -9999 -9999 -9999 -9999 -9999
0.796213984489441 0.778512001037598 0.773036003112793 0.779627978801727 0.783616006374359 -9999 -9999 -9999 -9999 -9999 -9999 -9999 -9999 -9999 -9999 -9999 -9999 -9999 -9999 -9999 -9999 -9999 -9999 -9999 -9999 -9999 -9999 -9999 -9999 -9999 -9999 -9999 -9999 -9999 -9999 -9999 -9999 -9999 -9999 -9999 -9999 -9999 -9999 -9999 -9999 -9999 -9999 -9999 -9999 -9999 -9999 -9999
0.795031011104584 0.776615977287292 0.78574800491333 0.784358024597168 0.775496006011963 0.782716989517212 -9999 -9999 -9999 -9999 -9999 -9999 -9999 -9999 -9999 -9999 -9999 -9999 -9999 -9999 -9999 -9999 -9999 -9999 -9999 -9999 -9999 -9999 -9999 -9999 -9999 -9999 -9999 -9999 -9999 -9999 -9999 -9999 -9999 -9999 -9999 -9999 -9999 -9999 -9999 -9999 -9999 -9999 -9999 -9999 -9999 -9999
0.800913989543915 0.767638027667999 0.772527992725372 0.786903977394104 0.776250004768372 0.779488027095795 0.784963011741638 0.785441994667053 -9999 -9999 -9999 -9999 -9999 -9999 -9999 -9999 -9999 -9999 -9999 -9999 -9999 -9999 -9999 -9999 -9999 -9999 -9999 -9999 -9999 -9999 -9999 -9999 -9999 -9999 -9999 -9999 -9999 -9999 -9999 -9999 -9999 -9999 -9999 -9999 -9999 -9999 -9999 -9999 -9999 -9999 -9999 -9999
0.779582977294922 0.761892974376678 0.791509985923767 0.777342975139618 0.784671008586884 0.778074026107788 0.78191602230072 0.79116302728653 -9999 -9999 -9999 -9999 -9999 -9999 -9999 -9999 -9999 -9999 -9999 -9999 -9999 -9999 -9999 -9999 -9999 -9999 -9999 -9999 -9999 -9999 -9999 -9999 -9999 -9999 -9999 -9999 -9999 -9999 -9999 -9999 -9999 -9999 -9999 -9999 -9999 -9999 -9999 -9999 -9999 -9999 -9999 -9999
0.770442008972168 0.77912300825119 0.784016013145447 0.778310000896454 0.776198983192444 0.784834980964661 0.783738017082214 0.787186026573181 0.792282998561859 -9999 -9999 -9999 -9999 -9999 -9999 -9999 -9999 -9999 -9999 -9999 -9999 -9999 -9999 -9999 -9999 -9999 -9999 -9999 -9999 -9999 -9999 -9999 -9999 -9999 -9999 -9999 -9999 -9999 -9999 -9999 -9999 -9999 -9999 -9999 -9999 -9999 -9999 -9999 -9999 -9999 -9999 -9999
0.775424003601074 0.781722009181976 0.781343996524811 0.776830971240997 0.779318988323212 0.781892001628876 0.790611982345581 0.7864990234375 0.792752981185913 -9999 -9999 -9999 -9999 -9999 -9999 -9999 -9999 -9999 -9999 -9999 -9999 -9999 -9999 -9999 -9999 -9999 -9999 -9999 -9999 -9999 -9999 -9999 -9999 -9999 -9999 -9999 -9999 -9999 0.821560025215149 0.822589993476868 -9999 0.824823975563049 0.827273011207581 0.832391023635864 0.833612024784088 0.833931028842926 -9999 0.835426986217499 0.841651022434235 0.841566979885101 0.842456996440887 0.840853989124298
0.778163015842438 0.780874013900757 0.779660999774933 0.777580976486206 0.776950001716614 0.778800010681152 0.785022020339966 0.787293016910553 0.786750018596649 0.79587197303772 -9999 -9999 -9999 -9999 -9999 -9999 -9999 -9999 -9999 -9999 -9999 -9999 -9999 -9999 -9999 -9999 -9999 -9999 -9999 -9999 -9999 -9999 -9999 -9999 -9999 -9999 -9999 0.808583974838257 0.812080979347229 0.808651983737946 0.80314302444458 0.81241101026535 0.810423016548157 0.812134981155396 0.821626007556915 0.818085014820099 0.829847991466522 0.808162987232208 0.838514983654022 0.838824987411499 0.840732991695404 0.83345502614975
0.777603983879089 0.779147982597351 0.778684020042419 0.779639005661011 0.778201997280121 0.78057599067688 0.782001972198486 0.785450994968414 0.788173973560333 0.787761986255646 0.793181002140045 -9999 -9999 -9999 -9999 -9999 -9999 -9999 -9999 -9999 -9999 -9999 -9999 -9999 -9999 -9999 -9999 -9999 -9999 -9999 -9999 -9999 -9999 -9999 -9999 0.795195996761322 0.795508027076721 0.790059983730316 0.783186972141266 0.788372993469238 0.803930997848511 0.781669974327087 0.790803015232086 0.784453988075256 0.783622026443481 0.801432013511658 0.81316202878952 0.824105978012085 0.815554022789001 0.835488021373749 0.836345016956329 0.82142698764801
0.782509982585907 0.778590023517609 0.779776990413666 0.780274987220764 0.781870007514954 0.781077980995178 0.783406019210815 0.783738970756531 0.786363005638123 0.784896016120911 0.785839974880219 0.788618981838226 -9999 -9999 -9999 -9999 -9999 -9999 -9999 -9999 -9999 -9999 -9999 -9999 -9999 -9999 -9999 -9999 -9999 -9999 -9999 -9999 -9999 -9999 0.787792026996613 0.785847008228302 0.774592995643616 0.764998018741608 0.754335999488831 0.755825996398926 0.767630994319916 0.756787002086639 0.773531973361969 0.76189798116684 0.77537202835083 0.812874972820282 0.812256991863251 0.822646975517273 0.807694017887115 0.804931998252869 0.814325988292694 0.819225013256073
0.782594978809357 0.780081987380981 0.781345009803772 0.782486021518707 0.782347023487091 0.783688008785248 0.782921016216278 0.783200979232788 0.780875027179718 0.78287798166275 0.783950984477997 0.782841980457306 0.784758985042572 0.782342970371246 -9999 -9999 -9999 -9999 -9999 -9999 -9999 -9999 -9999 -9999 0.779685020446777 0.713747978210449 0.676537990570068 0.691974997520447 0.702037990093231 0.705820024013519 0.704777002334595 0.710327982902527 0.712508976459503 0.70856899023056 0.707522988319397 0.707306981086731 0.706661999225616 0.688287973403931 0.716156005859375 0.761268019676208 0.731635987758636 0.762418985366821 0.758773028850555 0.785076022148132 0.824369013309479 0.821645975112915 0.828904986381531 0.820029020309448 0.817575991153717 0.819496989250183 0.791547000408173 0.798849999904633
0.782649993896484 0.784187972545624 0.781825006008148 0.782593011856079 0.782920002937317 0.782509028911591 0.784156024456024 0.782579004764557 0.781592011451721 0.778690993785858 0.782287001609802 0.786498010158539 0.783919990062714 0.776224970817566 0.778442025184631 0.778488993644714 -9999 -9999 -9999 -9999 -9999 -9999 0.7639240026474 0.764623999595642 0.661292016506195 0.562855005264282 0.623567998409271 0.647499978542328 0.645563006401062 0.625696003437042 0.630213022232056 0.635217010974884 0.642565011978149 0.654205977916718 0.64293098449707 0.611909985542297 0.636768996715546 0.681881010532379 0.702831983566284 0.729695022106171 0.725520014762878 0.764297008514404 0.743246972560883 0.780775010585785 0.834190011024475 0.834016978740692 0.829900979995728 0.830914974212646 0.817957997322083 0.830179989337921 0.795355021953583 0.796522974967957
0.783549010753632 0.783074975013733 0.786139011383057 0.782029986381531 0.783577978610992 0.783604979515076 0.784437000751495 0.785161972045898 0.78185099363327 0.778658986091614 0.777790009975433 0.782989978790283 0.777311980724335 0.779100000858307 0.777137994766235 0.773470997810364 0.769861996173859 0.768458008766174 0.765914022922516 0.761171996593475 0.756061971187592 0.753648996353149 0.752807974815369 0.590957999229431 0.479357987642288 0.622995972633362 0.725697994232178 0.691178977489471 0.679383993148804 0.667466998100281 0.681684970855713 0.689521014690399 0.688566029071808 0.671894013881683 0.676235020160675 0.69665402173996 0.690850973129272 0.746976971626282 0.724919021129608 0.682276010513306 0.744212985038757 0.759456992149353 0.766790986061096 0.792178988456726 0.796032011508942 0.804597973823547 0.815880000591278 0.819745004177094 0.787588000297546 0.788959980010986 0.805552005767822 0.779810011386871
0.786484003067017 0.783733010292053 0.786777973175049 0.785283982753754 0.785305976867676 0.785052001476288 0.784691989421844 0.784366011619568 0.7831130027771 0.779384016990662 0.780170023441315 0.777625977993011 0.77827399969101 0.774789988994598 0.776045024394989 0.775404989719391 0.766655027866364 0.754330992698669 0.75035297870636 0.745407998561859 0.653930008411407 0.652893006801605 0.568997025489807 0.424769997596741 0.574222981929779 0.66908997297287 0.689755976200104 0.670614004135132 0.703808009624481 0.751887023448944 0.728785991668701 0.73938399553299 0.725583970546722 0.717889010906219 0.739938020706177 0.782320022583008 0.77223801612854 0.796917021274567 0.790220975875854 0.782832026481628 0.784174025058746 0.837013006210327 0.854056000709534 0.841813981533051 0.825559973716736 0.842912018299103 0.799363017082214 0.789451003074646 0.776233017444611 0.827989995479584 0.790491998195648 0.789152026176453
0.785619020462036 0.784569978713989 0.786240994930267 0.786454021930695 0.786931991577148 0.786229014396667 0.785847008228302 0.784328997135162 0.781762003898621 0.779814004898071 0.778388977050781 0.77844899892807 0.773090004920959 0.772460997104645 0.774565994739532 0.770834028720856 0.758490979671478 0.750220000743866 0.742989003658295 0.656379997730255 0.648383975028992 0.64810699224472 0.576186001300812 0.581569015979767 0.725983023643494 0.74482399225235 0.818014979362488 0.820201992988586 0.818192005157471 0.846292972564697 0.791545987129211 0.785570025444031 0.782576024532318 0.836071014404297 0.839231014251709 0.85198700428009 0.841902017593384 0.816084027290344 0.824415028095245 0.859032988548279 0.789111018180847 0.80623197555542 0.854084014892578 0.875706970691681 0.856810986995697 0.869359016418457 0.877267003059387 0.874530017375946 0.818517029285431 0.794210016727448 0.842424988746643 0.736078023910522
0.786535978317261 0.786404013633728 0.785529017448425 0.789336025714874 0.787735998630524 0.787557005882263 0.787401974201202 0.78565901517868 0.784246981143951 0.7829430103302 0.779352009296417 0.779343008995056 0.779788970947266 0.777297019958496 0.776205003261566 0.774407982826233 0.761530995368958 0.747675001621246 0.74585098028183 0.747192978858948 0.662633001804352 0.666631996631622 0.617250978946686 0.501496970653534 0.540794014930725 0.542320013046265 0.598634004592896 0.554197013378143 0.57888400554657 0.611431002616882 0.730086028575897 0.816659986972809 0.817095994949341 0.805909991264343 0.842935979366302 0.8160679936409 0.815388977527618 0.820052981376648 0.860698997974396 0.835637986660004 0.85274600982666 0.811721980571747 0.815904021263123 0.881370007991791 0.863023996353149 0.844635009765625 0.819162011146545 0.806298017501831 0.795549988746643 0.829774022102356 0.797473013401031 0.818346977233887
0.794264018535614 0.789252996444702 0.786810994148254 0.790466010570526 0.78957998752594 0.789964020252228 0.790903985500336 0.78761500120163 0.78490799665451 0.784609019756317 0.78372597694397 0.78083997964859 0.781615018844604 0.778755009174347 0.778584003448486 0.777631998062134 0.767409026622772 0.755119979381561 0.755572021007538 0.75611799955368 0.673771023750305 0.673314988613129 0.622395992279053 0.498272001743317 0.526328980922699 0.523039996623993 0.575902998447418 0.52724301815033 0.547684013843536 0.575598001480103 0.691639006137848 0.781957983970642 0.791319012641907 0.783208012580872 0.833931982517242 0.809831023216248 0.811003983020782 0.821614027023315 0.859435021877289 0.830443978309631 0.847139000892639 0.79918098449707 0.795605003833771 0.862096011638641 0.847828984260559 0.833620011806488 0.8055260181427 0.787231028079987 0.78202497959137 0.830233991146088 0.806725978851318 0.83042699098587
0.81002402305603 0.798600971698761 0.794725000858307 0.791226983070374 0.79321700334549 0.792885005474091 0.792228996753693 0.79085898399353 0.787244975566864 0.788331985473633 0.786823987960815 0.785902976989746 0.784152984619141 0.78405100107193 0.786925971508026 0.784704983234406 0.779679000377655 0.770429015159607 0.766534984111786 0.754967987537384 0.760235011577606 0.759639024734497 0.731979012489319 0.644662022590637 0.60775500535965 0.635083973407745 0.604802012443542 0.580788016319275 0.553646981716156 0.523286998271942 0.475605010986328 0.592325985431671 0.684011995792389 0.727208018302917 0.714965999126434 0.816218972206116 0.766638994216919 0.792882978916168 0.834659993648529 0.808825016021729 0.786405026912689 0.722115993499756 0.729565978050232 0.755388975143433 0.80655300617218 0.8211590051651 0.81937700510025 0.823568999767303 0.813587009906769 0.813385009765625 0.82361501455307 0.860970973968506
0.805770993232727 0.812780022621155 0.805139005184174 0.797621011734009 0.795467972755432 0.795553982257843 0.795508027076721 0.792364001274109 0.786714017391205 0.786611974239349 0.792204022407532 0.790580987930298 0.789402008056641 0.789864003658295 0.789991974830627 0.7883620262146 0.787900984287262 0.786814987659454 0.783509016036987 0.776691973209381 0.773118019104004 0.772076010704041 0.774335026741028 0.767695009708405 0.746591985225677 0.722011983394623 0.681384980678558 0.731213986873627 0.716681003570557 0.697480022907257 0.581496000289917 0.531774997711182 0.545058012008667 0.574832022190094 0.578525006771088 0.52318799495697 0.56938898563385 0.673512995243073 0.718232989311218 0.718080997467041 0.693253993988037 0.607813000679016 0.691636025905609 0.6754549741745 0.734570980072021 0.812472999095917 0.7865149974823 0.782703995704651 0.8039870262146 0.796647012233734 0.85335499048233 0.838262975215912
