Pteronotus_pusillus.asc
ncols  804
nrows  378
xllcorner  -74.6418056
yllcorner  17.2248604
cellsize 0.00833333370646766
NODATA_value  -9999
[rows 161 to 183 of 378, columns 416 to 467 of 804]
0.540692985057831 0.417501002550125 0.566533029079437 0.464538991451263 0.552793979644775 0.389205992221832 0.333308011293411 0.601881980895996 0.507588982582092 0.542762994766235 0.578152000904083 0.644246995449066 0.541226029396057 0.375524014234543 0.437348008155823 0.442532002925873 0.54570198059082 0.403420001268387 0.378942996263504 0.279698014259338 0.37651601433754 0.628343999385834 0.35155400633812 0.267737001180649 0.393705010414124 0.441303014755249 0.408192992210388 0.184430003166199 0.286830991506577 0.324571013450623 0.428561985492706 0.219453006982803 0.33610999584198 0.353119999170303 0.497231006622314 0.364973992109299 0.348136007785797 0.396299004554749 0.449737012386322 0.476507008075714 0.501155018806458 0.519738018512726 0.485174000263214 0.313311010599136 0.333606004714966 0.464971005916595 0.518100023269653 0.353448003530502 0.388541013002396 0.508906006813049 0.611568987369537 0.447591990232468
0.328079998493195 0.607725024223328 0.366230010986328 0.483878999948502 0.542104005813599 0.415571987628937 0.289530009031296 0.402810990810394 0.515318989753723 0.481963008642197 0.593582987785339 0.62167900800705 0.558000981807709 0.462148994207382 0.257463008165359 0.268334001302719 0.512826025485992 0.704584002494812 0.58965402841568 0.369448989629745 0.206814005970955 0.211080998182297 0.514496982097626 0.27964198589325 0.282232999801636 0.365985006093979 0.48513400554657 0.393669992685318 0.433672994375229 0.361600995063782 0.26095899939537 0.316704988479614 0.399931013584137 0.341185003519058 0.350697994232178 0.575269997119904 0.390567988157272 0.381419003009796 0.39470300078392 0.502880990505219 0.460595011711121 0.439527004957199 0.477829992771149 0.440153002738953 0.249843001365662 0.400967985391617 0.403160005807877 0.287481009960175 0.505356013774872 0.510284006595612 0.502637982368469 0.543615996837616
0.362993985414505 0.45160299539566 0.548493981361389 0.56548798084259 0.541566014289856 0.456147998571396 0.447373002767563 0.315346986055374 0.538757026195526 0.597947001457214 0.458160012960434 0.575622022151947 0.47579300403595 0.516991019248962 0.412012994289398 0.428721994161606 0.311201006174088 0.480262994766235 0.310548007488251 0.461228013038635 0.389762997627258 0.305693000555038 0.328817009925842 0.286341995000839 0.319986999034882 0.444184005260468 0.385387003421783 0.494809001684189 0.383976012468338 0.381413996219635 0.266607999801636 0.304114013910294 0.552892982959747 0.378917008638382 0.295083999633789 0.411332011222839 0.539357006549835 0.424459993839264 0.488849997520447 0.527988016605377 0.556334018707275 0.473313987255096 0.447497010231018 0.547017991542816 0.343858003616333 0.439168006181717 0.330018013715744 0.525627017021179 0.424845010042191 0.501874983310699 0.552100002765656 0.531826972961426
0.568929970264435 0.598704993724823 0.550252974033356 0.56379497051239 0.631537020206451 0.468580991029739 0.45788699388504 0.413491010665894 0.568445980548859 0.546931028366089 0.581211984157562 0.557694971561432 0.567310988903046 0.429538995027542 0.363481998443604 0.375943005084991 0.542755007743835 0.445932000875473 0.525654017925262 0.414443999528885 0.284328013658524 0.291465014219284 0.48657700419426 0.316074997186661 0.285201996564865 0.47461000084877 0.527262985706329 0.656202018260956 0.287694990634918 0.227395996451378 0.27037701010704 0.299190998077393 0.300846010446548 0.367895007133484 0.52851402759552 0.293974012136459 0.43012198805809 0.460512012243271 0.610370993614197 0.617029011249542 0.505315005779266 0.54831999540329 0.612730979919434 0.382764995098114 0.31981098651886 0.450073003768921 0.404704004526138 0.55604499578476 0.43715301156044 0.539646029472351 0.517786979675293 0.488431006669998
0.301205992698669 0.53193199634552 0.479431003332138 0.524951994419098 0.513339996337891 0.41516500711441 0.572018027305603 0.310939013957977 0.489363014698029 0.516035974025726 0.551150977611542 0.505931973457336 0.57768702507019 0.562112987041473 0.389750003814697 0.401253014802933 0.302884012460709 0.692282021045685 0.410106986761093 0.405382990837097 0.312792986631393 0.200350999832153 0.269600003957748 0.550453007221222 0.305500000715256 0.309652000665665 0.251143008470535 0.221536993980408 0.426818996667862 0.442629009485245 0.443264991044998 0.558867990970612 0.325958997011185 0.252622991800308 0.455619007349014 0.607464015483856 0.358830988407135 0.512601017951965 0.474216014146805 0.60078501701355 0.567973971366882 0.496055006980896 0.517507970333099 0.62441498041153 0.421182990074158 0.476826995611191 0.495187014341354 0.507305979728699 0.576771020889282 0.506138980388641 0.536298990249634 0.585156977176666
0.416568011045456 0.178613007068634 0.441390991210938 0.476415008306503 0.270271986722946 0.429823994636536 0.526647984981537 0.412642002105713 0.462300986051559 0.440522998571396 0.42561399936676 0.51417201757431 0.499693006277084 0.571932017803192 0.380210995674133 0.381238996982574 0.288866996765137 0.327030003070831 0.246692001819611 0.408033013343811 0.456211000680923 0.309049993753433 0.249633997678757 0.322346985340118 0.405272006988525 0.306834995746613 0.374565988779068 0.322367012500763 0.307291001081467 0.346763014793396 0.611786007881165 0.507654011249542 0.432539999485016 0.266746997833252 0.437308996915817 0.539919018745422 0.382995009422302 0.344651013612747 0.514989018440247 0.507293999195099 0.475414007902145 0.373088002204895 0.461264997720718 0.643854022026062 0.550364017486572 0.543156981468201 0.597424983978271 0.537248015403748 0.528503000736237 0.558054983615875 0.552654981613159 0.567318975925446
0.198862001299858 0.284276992082596 0.225918993353844 0.340620994567871 0.322842001914978 0.171864002943039 0.572935998439789 0.337525993585587 0.467979997396469 0.480554014444351 0.416222989559174 0.315988004207611 0.328063994646072 0.272446990013123 0.421842008829117 0.427643001079559 0.385773986577988 0.300920993089676 0.341843992471695 0.405654013156891 0.242989003658295 0.304780006408691 0.679897010326385 0.267030000686646 0.132296994328499 0.154978007078171 0.143248006701469 0.179584994912148 0.435157001018524 0.560119986534119 0.546114027500153 0.411157995462418 0.407416999340057 0.41762900352478 0.479423999786377 0.531093001365662 0.478924006223679 0.417470991611481 0.268963009119034 0.30885899066925 0.31886899471283 0.40821099281311 0.383388012647629 0.438349992036819 0.576156973838806 0.628166019916534 0.632564008235931 0.605408012866974 0.632353007793427 0.617519974708557 0.615311980247498 0.542208015918732
0.173087999224663 0.338586986064911 0.401311993598938 0.287993997335434 0.217527002096176 0.13493500649929 0.13170899450779 0.202757999300957 0.18325400352478 0.410225003957748 0.574613988399506 0.462563991546631 0.215738996863365 0.294324994087219 0.578143000602722 0.578752994537354 0.420177012681961 0.330184996128082 0.242943003773689 0.480942010879517 0.248197004199028 0.165493994951248 0.528840005397797 0.216890007257462 0.262524008750916 0.263117998838425 0.224960997700691 0.49447301030159 0.452989012002945 0.327600985765457 0.35403698682785 0.463445007801056 0.312806010246277 0.290259003639221 0.415477007627487 0.626406013965607 0.525220990180969 0.334107011556625 0.244201004505157 0.239625006914139 0.416543990373611 0.182842999696732 0.28873199224472 0.392773002386093 0.625750005245209 0.589403986930847 0.51239001750946 0.566954016685486 0.454652011394501 0.497489988803864 0.512771010398865 0.553438007831573
0.333696991205215 0.194168001413345 0.320991992950439 0.346704989671707 0.205050006508827 0.621756017208099 0.146574005484581 0.132412999868393 0.149618998169899 0.140842005610466 0.398737013339996 0.381563007831573 0.181279003620148 0.303267002105713 0.427702009677887 0.42255499958992 0.409624010324478 0.352338999509811 0.270619004964828 0.291947990655899 0.285259991884232 0.210868000984192 0.437498986721039 0.424107998609543 0.197706997394562 0.250959008932114 0.446294993162155 0.385055989027023 0.311919987201691 0.387706995010376 0.331117004156113 0.499909996986389 0.345759004354477 0.479126006364822 0.447901010513306 0.372390002012253 0.262726992368698 0.243873998522758 0.280245006084442 0.309713989496231 0.576382994651794 0.233043998479843 0.229745000600815 0.344273000955582 0.490951001644135 0.524444997310638 0.526969015598297 0.554916977882385 0.476235002279282 0.556838989257813 0.486371994018555 0.549944996833801
0.515124976634979 0.424961000680923 0.287405014038086 0.188014999032021 0.408316999673843 0.257248997688293 0.258724987506866 0.172168999910355 0.198685005307198 0.264196008443832 0.278605997562408 0.3733049929142 0.426656007766724 0.521757006645203 0.360967993736267 0.356173992156982 0.393716007471085 0.334888011217117 0.419993013143539 0.213117003440857 0.167160004377365 0.232195004820824 0.343793988227844 0.27208599448204 0.273057997226715 0.234024003148079 0.533864974975586 0.202693000435829 0.405077010393143 0.523985981941223 0.514362990856171 0.584017992019653 0.408313989639282 0.284934014081955 0.288697987794876 0.247149005532265 0.295159995555878 0.265015989542007 0.407489985227585 0.312287986278534 0.252166002988815 0.369455009698868 0.2153500020504 0.179418995976448 0.240090996026993 0.429542005062103 0.529097020626068 0.49431899189949 0.611810028553009 0.57575798034668 0.580290973186493 0.496381014585495
0.523636996746063 0.435393989086151 0.380465000867844 0.325910985469818 0.313266009092331 0.307015001773834 0.446819990873337 0.267668008804321 0.138172999024391 0.303182989358902 0.216147005558014 0.51180100440979 0.195970997214317 0.287387996912003 0.347586005926132 0.354297012090683 0.449027001857758 0.34969499707222 0.232802003622055 0.602921009063721 0.121250003576279 0.201060995459557 0.134203001856804 0.281726002693176 0.292225003242493 0.299524992704391 0.324416011571884 0.494359999895096 0.4755479991436 0.384151011705399 0.552707016468048 0.479000985622406 0.499644011259079 0.36913400888443 0.426681995391846 0.251906991004944 0.280705988407135 0.316381007432938 0.286906003952026 0.265092998743057 0.455141991376877 0.525700986385345 0.301431000232697 0.298220992088318 0.262659013271332 0.52028101682663 0.445432990789413 0.626603007316589 0.51315301656723 0.604529976844788 0.509284019470215 0.452504992485046
0.295280992984772 0.459508985280991 0.245897993445396 0.499568998813629 0.377902001142502 0.287894994020462 0.518221020698547 0.433566987514496 0.245638996362686 0.249326005578041 0.242326006293297 0.168176993727684 0.341749012470245 0.132015004754066 0.32150200009346 0.3228639960289 0.229890003800392 0.411673009395599 0.32379999756813 0.258967012166977 0.317806988954544 0.249388992786407 0.150924995541573 0.182512000203133 0.228496998548508 0.499550998210907 0.379258990287781 0.376055985689163 0.423433989286423 0.53429901599884 0.424264997243881 0.445208013057709 0.324858009815216 0.557076990604401 0.516665995121002 0.374444007873535 0.387789011001587 0.55654501914978 0.476256012916565 0.435790002346039 0.380427986383438 0.526323974132538 0.289746999740601 0.26282399892807 0.274538993835449 0.491156995296478 0.304686993360519 0.525753021240234 0.60328197479248 0.576924979686737 0.461814999580383 0.522255003452301
0.242584004998207 0.235721006989479 0.478287011384964 0.258780002593994 0.403055012226105 0.495869994163513 0.383352994918823 0.446451008319855 0.448065996170044 0.360240012407303 0.39725399017334 0.379222989082336 0.202065005898476 0.318029999732971 0.292766988277435 0.289633989334106 0.430976986885071 0.218693003058434 0.393947005271912 0.194876998662949 0.516997992992401 0.473652988672256 0.506842017173767 0.418204993009567 0.386895000934601 0.217552006244659 0.226354002952576 0.217331007122993 0.535274028778076 0.580357015132904 0.520404994487762 0.594595015048981 0.278586000204086 0.458180993795395 0.427839010953903 0.463452011346817 0.458258002996445 0.528766989707947 0.367549002170563 0.421627998352051 0.471630990505219 0.451016992330551 0.433086007833481 0.340241998434067 0.238980993628502 0.418016999959946 0.33577299118042 0.362210005521774 0.428891986608505 0.533582985401154 0.441805005073547 0.589393019676208
0.229060992598534 0.227025002241135 0.481200009584427 0.259828001260757 0.396883010864258 0.482663989067078 0.376890987157822 0.450679987668991 0.441006004810333 0.357666999101639 0.393067002296448 0.370472013950348 0.192535996437073 0.311809003353119 0.294721990823746 0.286134988069534 0.422906011343002 0.224087998270988 0.399233996868134 0.195282995700836 0.508970022201538 0.485998004674911 0.515936017036438 0.433133989572525 0.40395799279213 0.222715005278587 0.232463002204895 0.21747499704361 0.529699981212616 0.575873970985413 0.514856994152069 0.589697003364563 0.277359008789063 0.445818990468979 0.415403991937637 0.464385986328125 0.456340998411179 0.53177398443222 0.374271988868713 0.426773011684418 0.471832007169724 0.460094004869461 0.44480499625206 0.345160007476807 0.239773005247116 0.412914007902145 0.332841008901596 0.36328199505806 0.429733991622925 0.532500982284546 0.439375013113022 0.589214026927948
0.42926499247551 0.359165996313095 0.306793987751007 0.543048024177551 0.339753001928329 0.360599994659424 0.583387970924377 0.338643014431 0.297486990690231 0.426905989646912 0.54371702671051 0.555646002292633 0.359501004219055 0.438749998807907 0.428667008876801 0.42722499370575 0.594219982624054 0.318868011236191 0.268110007047653 0.290762007236481 0.51002699136734 0.242684006690979 0.270310997962952 0.247686997056007 0.134839996695518 0.260152995586395 0.252943992614746 0.430689007043839 0.389999985694885 0.366526991128922 0.526703000068665 0.466827988624573 0.306012988090515 0.325293004512787 0.47893500328064 0.404657006263733 0.475721001625061 0.491216987371445 0.476267993450165 0.325473010540009 0.61531400680542 0.260789006948471 0.491468995809555 0.558492004871368 0.366243004798889 0.376807004213333 0.341686010360718 0.422675013542175 0.575950026512146 0.48275700211525 0.486153990030289 0.4738509953022
0.354770988225937 0.515785992145538 0.462063997983932 0.35631999373436 0.314599990844727 0.413648992776871 0.373751997947693 0.297340989112854 0.421153992414474 0.456209987401962 0.545009016990662 0.494352012872696 0.511874973773956 0.572973012924194 0.294948995113373 0.287158995866776 0.258718997240067 0.460159003734589 0.316899001598358 0.533883988857269 0.292560994625092 0.275400996208191 0.268142998218536 0.354761987924576 0.455828011035919 0.562307000160217 0.436120986938477 0.191678002476692 0.181279003620148 0.31862398982048 0.287405997514725 0.403187990188599 0.458292007446289 0.476505011320114 0.322672009468079 0.354216009378433 0.353338986635208 0.405923992395401 0.452136009931564 0.377400010824203 0.553604006767273 0.381460011005402 0.340189009904861 0.373151004314423 0.324492990970612 0.49032598733902 0.523472011089325 0.581748008728027 0.584111988544464 0.465317994356155 0.455406010150909 0.535739004611969
0.432332009077072 0.333959996700287 0.476253986358643 0.495442986488342 0.400141000747681 0.407503008842468 0.50612199306488 0.229210004210472 0.299369990825653 0.279525995254517 0.38475900888443 0.284179985523224 0.424176007509232 0.388523995876312 0.42102900147438 0.41015499830246 0.248563006520271 0.350459009408951 0.43927401304245 0.304441004991531 0.372000008821487 0.398400992155075 0.341432988643646 0.28684800863266 0.233866006135941 0.440149992704391 0.227595999836922 0.220054998993874 0.360410988330841 0.303021997213364 0.183029994368553 0.346246987581253 0.382405012845993 0.567502975463867 0.282049000263214 0.249455004930496 0.537198007106781 0.479714006185532 0.363481998443604 0.353042989969254 0.496282994747162 0.341111987829208 0.357392013072968 0.522982001304626 0.220311999320984 0.313847005367279 0.468340009450912 0.346361994743347 0.557974994182587 0.523275017738342 0.602428019046783 0.617835998535156
0.475959002971649 0.465413004159927 0.463102996349335 0.453229010105133 0.571337997913361 0.329407006502151 0.390581995248795 0.353154987096786 0.33967599272728 0.313668996095657 0.253161013126373 0.527005970478058 0.560850024223328 0.353450000286102 0.390004992485046 0.385538995265961 0.284186005592346 0.189904004335403 0.264310002326965 0.450221002101898 0.259790003299713 0.363642990589142 0.29594498872757 0.324631005525589 0.330036014318466 0.273979991674423 0.391817986965179 0.460512012243271 0.288195013999939 0.418543994426727 0.175010994076729 0.272781014442444 0.417766988277435 0.437090992927551 0.326638013124466 0.467786997556686 0.3975810110569 0.457352995872498 0.36490398645401 0.61058098077774 0.399913012981415 0.55000901222229 0.511641025543213 0.586077988147736 0.546971023082733 0.198258996009827 0.318955987691879 0.423516005277634 0.536441028118134 0.553381025791168 0.602319002151489 0.614932000637054
0.551496028900146 0.451371014118195 0.539739012718201 0.435357004404068 0.505822002887726 0.506789982318878 0.358483999967575 0.503013014793396 0.313122004270554 0.377086013555527 0.314980000257492 0.41108900308609 0.476184993982315 0.411150008440018 0.297769010066986 0.306951999664307 0.464107990264893 0.392219007015228 0.289586991071701 0.344372987747192 0.518589973449707 0.419317007064819 0.525411009788513 0.382290989160538 0.503021001815796 0.378603994846344 0.264991998672485 0.333303987979889 0.32600599527359 0.391245007514954 0.47366800904274 0.294634997844696 0.450874000787735 0.577835977077484 0.426167994737625 0.560253024101257 0.476700007915497 0.369320005178452 0.51867002248764 0.232305005192757 0.240991994738579 0.199680000543594 0.302085012197495 0.548202991485596 0.454632014036179 0.49677300453186 0.523669004440308 0.398968011140823 0.351520985364914 0.314601987600327 0.475189000368118 0.506173014640808
0.493748009204865 0.608938992023468 0.554866015911102 0.420632988214493 0.552520990371704 0.478125989437103 0.428451001644135 0.408142000436783 0.403627008199692 0.423635989427567 0.452874004840851 0.311697989702225 0.432814985513687 0.452852010726929 0.398101001977921 0.404778003692627 0.343600004911423 0.399120986461639 0.203505992889404 0.49328801035881 0.313194006681442 0.461892992258072 0.40293100476265 0.442353993654251 0.59254401922226 0.41787201166153 0.5416060090065 0.32480400800705 0.320886999368668 0.405553013086319 0.277025014162064 0.263148009777069 0.388386011123657 0.627852022647858 0.428434997797012 0.301954001188278 0.477014005184174 0.468998998403549 0.478390008211136 0.196786001324654 0.296986997127533 0.350998014211655 0.220881998538971 0.32225701212883 0.562210977077484 0.387145012617111 0.319463014602661 0.260796010494232 0.24906399846077 0.240117996931076 0.330476999282837 0.387115001678467
0.404157012701035 0.481108993291855 0.382414013147354 0.546597003936768 0.455738991498947 0.48760798573494 0.439099997282028 0.508738994598389 0.59612900018692 0.503867983818054 0.511696994304657 0.487688004970551 0.40803599357605 0.479647010564804 0.353736996650696 0.357280999422073 0.352995008230209 0.224848002195358 0.263067990541458 0.484176993370056 0.28873398900032 0.392704010009766 0.580853998661041 0.550414979457855 0.551266014575958 0.614493012428284 0.391929000616074 0.289687991142273 0.484030991792679 0.255401998758316 0.357647985219955 0.54494297504425 0.34095498919487 0.486820995807648 0.499229997396469 0.517350018024445 0.330767005681992 0.352966994047165 0.332906991243362 0.364614993333817 0.218593999743462 0.345385998487473 0.318085014820099 0.250880986452103 0.368957996368408 0.420525014400482 0.405037999153137 0.301876991987228 0.328078001737595 0.287907987833023 0.216985002160072 0.261651009321213
0.551769971847534 0.385273993015289 0.426095008850098 0.501631021499634 0.42391499876976 0.45830300450325 0.526799976825714 0.51103401184082 0.541608989238739 0.540831029415131 0.538743019104004 0.521535992622375 0.513341009616852 0.566098988056183 0.571133017539978 0.56809002161026 0.39724001288414 0.346670001745224 0.468892991542816 0.323386013507843 0.451029986143112 0.428902000188828 0.339632004499435 0.394670009613037 0.428530991077423 0.425646990537643 0.499579012393951 0.413733005523682 0.503853976726532 0.550511002540588 0.305693000555038 0.454856008291245 0.418837994337082 0.432704985141754 0.576605021953583 0.28753998875618 0.232290998101234 0.309534996747971 0.185697004199028 0.264315009117126 0.154561996459961 0.273027986288071 0.264687985181808 0.338165998458862 0.316096007823944 0.534846007823944 0.287638992071152 0.367678999900818 0.465665996074677 0.449551999568939 0.460815012454987 0.531693994998932
0.417196005582809 0.498288989067078 0.542477011680603 0.471931010484695 0.455981999635696 0.51475602388382 0.509809017181396 0.578294992446899 0.588020026683807 0.502300024032593 0.543211996555328 0.580569982528687 0.593495011329651 0.478394001722336 0.616010010242462 0.606715023517609 0.415057986974716 0.549628973007202 0.396008998155594 0.292055010795593 0.645950019359589 0.449766010046005 0.371540993452072 0.514977991580963 0.359515011310577 0.364403009414673 0.452533006668091 0.347662001848221 0.316572993993759 0.358289003372192 0.358489006757736 0.37136098742485 0.372381985187531 0.299383014440536 0.24796199798584 0.242761000990868 0.273510992527008 0.392441987991333 0.174501001834869 0.123242996633053 0.221033006906509 0.531073987483978 0.350652009248734 0.158810004591942 0.378255009651184 0.277673006057739 0.321859002113342 0.443437993526459 0.51290899515152 0.480601012706757 0.452791005373001 0.486113995313644
