Pteronotus_quadridens.asc
ncols  804
nrows  378
xllcorner  -74.6418056
yllcorner  17.2248604
cellsize 0.00833333370646766
NODATA_value  -9999
[rows 161 to 183 of 378, columns 572 to 623 of 804]
0.739755988121033 0.738071024417877 0.780758023262024 0.774957001209259 0.772795975208282 0.770367026329041 0.757535994052887 0.767036020755768 0.782409012317657 0.782989978790283 0.796055972576141 0.808607995510101 0.81613701581955 0.820977985858917 0.838168978691101 0.829846978187561 0.824563026428223 0.833966970443726 0.83379602432251 0.815627992153168 0.815918982028961 0.81299102306366 0.819746017456055 0.802255988121033 0.797674000263214 0.796985983848572 0.802146971225739 0.803476989269257 0.812258005142212 0.832009017467499 0.835991024971008 0.850053012371063 0.857647001743317 0.854408025741577 0.843357980251312 0.841548025608063 0.843603014945984 0.852522015571594 0.860174000263214 0.865814983844757 0.862290024757385 0.860035002231598 0.863933026790619 0.872246026992798 0.881591975688934 0.890236973762512 0.881995022296906 0.868457973003387 0.886879026889801 0.886943995952606 0.869337975978851 0.870936989784241
0.721095025539398 0.756335973739624 0.754947006702423 0.761587023735046 0.76484602689743 0.751834988594055 0.768060982227325 0.778415024280548 0.775461971759796 0.779214978218079 0.797320008277893 0.808770000934601 0.82805597782135 0.817520976066589 0.821529984474182 0.818352997303009 0.825927019119263 0.825906991958618 0.830392003059387 0.82108598947525 0.810274004936218 0.807314991950989 0.803704023361206 0.794516980648041 0.816878974437714 0.805175006389618 0.803534984588623 0.804337978363037 0.816675007343292 0.823110997676849 0.832687020301819 0.841145992279053 0.855202972888947 0.843357026576996 0.842266023159027 0.861608982086182 0.848679006099701 0.859492003917694 0.869849979877472 0.870495975017548 0.853820979595184 0.84305202960968 0.862924993038177 0.85802698135376 0.887547016143799 0.877802014350891 0.892804980278015 0.869261980056763 0.870365977287292 0.880442023277283 0.886574983596802 0.886858999729156
0.710321009159088 0.730782985687256 0.755797028541565 0.734341979026794 0.743802011013031 0.76844197511673 0.768765985965729 0.781840026378632 0.777882993221283 0.776794016361237 0.795870006084442 0.811482012271881 0.827359974384308 0.826828002929688 0.817551016807556 0.822163999080658 0.827638983726501 0.831750988960266 0.822245001792908 0.815972983837128 0.820465981960297 0.820132970809937 0.8141930103302 0.817555010318756 0.824290990829468 0.801661014556885 0.802982985973358 0.803171992301941 0.833477973937988 0.838926017284393 0.836726009845734 0.827014029026031 0.844805002212524 0.84639698266983 0.829923987388611 0.857254981994629 0.854435980319977 0.859705984592438 0.860400021076202 0.864049017429352 0.867513000965118 0.845475971698761 0.851361989974976 0.863364994525909 0.8680260181427 0.881947994232178 0.877794981002808 0.870056986808777 0.861950993537903 0.878452003002167 0.865097999572754 0.864467024803162
0.739711999893188 0.739805996417999 0.711467981338501 0.749738991260529 0.762903988361359 0.750279009342194 0.769681990146637 0.768867015838623 0.768073976039886 0.787348985671997 0.803227007389069 0.816667973995209 0.819869995117188 0.827225983142853 0.827906012535095 0.815178990364075 0.824099004268646 0.822686016559601 0.808658003807068 0.807438015937805 0.811698019504547 0.815442979335785 0.814486980438232 0.833620011806488 0.821186006069183 0.821161985397339 0.796516001224518 0.813401997089386 0.844101011753082 0.842095017433167 0.849161982536316 0.842773973941803 0.827248990535736 0.847541987895966 0.857361972332001 0.834129989147186 0.855319023132324 0.855579018592834 0.858054995536804 0.869885981082916 0.869156002998352 0.859637022018433 0.868614017963409 0.85536801815033 0.872236013412476 0.871955990791321 0.885254979133606 0.875126004219055 0.854723989963531 0.860673010349274 0.851224005222321 0.819266021251678
0.682213008403778 0.716004014015198 0.750270009040833 0.745782017707825 0.73224401473999 0.757880985736847 0.763073980808258 0.766602993011475 0.78287798166275 0.798155009746552 0.803043007850647 0.810030996799469 0.816210985183716 0.813067972660065 0.823953986167908 0.83202600479126 0.807860970497131 0.816950976848602 0.802752017974854 0.799723982810974 0.796447992324829 0.802765011787415 0.811209976673126 0.823320984840393 0.824295997619629 0.817611992359161 0.810590982437134 0.825281023979187 0.839564979076385 0.85284298658371 0.848138988018036 0.85192197561264 0.850326001644135 0.837477028369904 0.854315996170044 0.851415991783142 0.858497977256775 0.857195973396301 0.867504000663757 0.871812999248505 0.870118021965027 0.862367987632751 0.873965978622437 0.870966970920563 0.854727029800415 0.871689975261688 0.880864977836609 0.884573996067047 0.864567995071411 0.867345988750458 0.845704972743988 0.887282013893127
0.710476994514465 0.662213027477264 0.729281008243561 0.711534976959229 0.742133021354675 0.76615297794342 0.771889984607697 0.77386999130249 0.770918011665344 0.788112998008728 0.798053979873657 0.800812005996704 0.808032989501953 0.816030025482178 0.810698986053467 0.829230010509491 0.819083988666534 0.806631028652191 0.806343019008636 0.781994998455048 0.789085984230042 0.798166990280151 0.812045991420746 0.822233974933624 0.825869977474213 0.820679008960724 0.819585025310516 0.820969998836517 0.844905018806458 0.85520201921463 0.854066014289856 0.846873998641968 0.850068986415863 0.853697001934052 0.846280992031097 0.842384994029999 0.856265008449554 0.868614017963409 0.870171010494232 0.868780016899109 0.864587008953094 0.865450024604797 0.869172990322113 0.880913019180298 0.857358992099762 0.86794102191925 0.875328004360199 0.877390027046204 0.874221980571747 0.876376986503601 0.899125993251801 0.828007996082306
0.674875974655151 0.701779007911682 0.650927007198334 0.712732970714569 0.754060983657837 0.743264973163605 0.75737601518631 0.757546007633209 0.763750016689301 0.780987024307251 0.795913994312286 0.797532021999359 0.800557971000671 0.814411997795105 0.82165801525116 0.813225984573364 0.81904399394989 0.806199014186859 0.797306001186371 0.78956800699234 0.78678297996521 0.792029976844788 0.803942978382111 0.831295013427734 0.819449007511139 0.815482974052429 0.812996983528137 0.81792801618576 0.844632983207703 0.851123988628387 0.850413978099823 0.846727013587952 0.848975002765656 0.860180020332336 0.860620021820068 0.859791994094849 0.854996979236603 0.862453997135162 0.865894019603729 0.869988977909088 0.867080986499786 0.86252498626709 0.860103011131287 0.877664983272552 0.865586996078491 0.855183005332947 0.878489971160889 0.868696987628937 0.857917010784149 0.88037097454071 0.832943022251129 0.799324989318848
0.701057016849518 0.683103024959564 0.706707000732422 0.712016999721527 0.724545001983643 0.744861006736755 0.742613971233368 0.769921004772186 0.768716990947723 0.770160973072052 0.786044001579285 0.792042970657349 0.795747995376587 0.805877983570099 0.809961020946503 0.821292996406555 0.818545997142792 0.816030979156494 0.802437007427216 0.800401985645294 0.791150987148285 0.794628024101257 0.80289900302887 0.819284975528717 0.823354005813599 0.81275600194931 0.810119986534119 0.8091179728508 0.828549027442932 0.85341602563858 0.855755984783173 0.84859299659729 0.847707986831665 0.851400017738342 0.859052002429962 0.856748998165131 0.860576987266541 0.856016993522644 0.861585021018982 0.865799009799957 0.874117970466614 0.857631027698517 0.86532199382782 0.868138015270233 0.875172019004822 0.859257996082306 0.869009971618652 0.852225005626678 0.885212004184723 0.777391016483307 0.796728014945984 0.845257997512817
0.711547017097473 0.721002995967865 0.729456007480621 0.710196018218994 0.720654010772705 0.753472983837128 0.764765977859497 0.767174005508423 0.766885995864868 0.773957014083862 0.78675502538681 0.803475022315979 0.78780597448349 0.779923021793365 0.798259019851685 0.807559013366699 0.813183009624481 0.816151976585388 0.810818016529083 0.805473983287811 0.802873015403748 0.801146984100342 0.799318015575409 0.801437973976135 0.821233987808228 0.811856985092163 0.800743997097015 0.815271019935608 0.833278000354767 0.848761975765228 0.853070020675659 0.852656006813049 0.85562402009964 0.840044021606445 0.856427013874054 0.849465012550354 0.856294989585876 0.857280015945435 0.853058993816376 0.857327997684479 0.863766014575958 0.859999001026154 0.864522993564606 0.869014978408813 0.882780015468597 0.870570003986359 0.867969989776611 0.882547974586487 0.877529978752136 0.830274999141693 0.87815397977829 0.796974003314972
0.727438986301422 0.723191976547241 0.721414029598236 0.749962985515594 0.729457974433899 0.735225021839142 0.755964994430542 0.768351018428802 0.775704979896545 0.792692005634308 0.803274989128113 0.811644971370697 0.78303998708725 0.76417601108551 0.773824989795685 0.79366397857666 0.805181980133057 0.801029026508331 0.801755011081696 0.80333799123764 0.793694972991943 0.79373300075531 0.79628199338913 0.791508972644806 0.800908982753754 0.80112498998642 0.807943999767303 0.817547976970673 0.817941009998322 0.842911005020142 0.844693005084991 0.848770976066589 0.860498011112213 0.854287028312683 0.847361981868744 0.860773026943207 0.85502302646637 0.859080016613007 0.853147983551025 0.853518009185791 0.857176005840302 0.875953018665314 0.862375020980835 0.853690981864929 0.864454984664917 0.878187000751495 0.872699022293091 0.874370992183685 0.877223014831543 0.817713022232056 0.837332010269165 0.883118987083435
0.73156601190567 0.732734978199005 0.731796026229858 0.735768020153046 0.739403009414673 0.7345250248909 0.741155982017517 0.759442985057831 0.774755001068115 0.798744022846222 0.813280999660492 0.806149005889893 0.76128101348877 0.746159970760345 0.750899016857147 0.780794024467468 0.793425023555756 0.796643018722534 0.792811989784241 0.79067599773407 0.791085004806519 0.792396008968353 0.795552015304565 0.798744022846222 0.796720027923584 0.798689007759094 0.785579979419708 0.809053003787994 0.81208199262619 0.815504014492035 0.827471971511841 0.839044988155365 0.851123988628387 0.85046797990799 0.843285024166107 0.855450987815857 0.857796013355255 0.843479990959167 0.856334984302521 0.866586983203888 0.86224901676178 0.861315011978149 0.87281197309494 0.864058017730713 0.850654006004333 0.859117984771729 0.862578988075256 0.860544979572296 0.876990973949432 0.867321014404297 0.817189991474152 0.877862989902496
0.745440006256104 0.711610972881317 0.715731978416443 0.740167021751404 0.763719975948334 0.748378992080688 0.719709992408752 0.740702986717224 0.758835017681122 0.789677977561951 0.817682027816772 0.793452978134155 0.747793972492218 0.732704997062683 0.745346009731293 0.754658997058868 0.773295998573303 0.788326025009155 0.796742022037506 0.790423989295959 0.782128989696503 0.787145972251892 0.795803010463715 0.801593005657196 0.776507973670959 0.768700003623962 0.776346981525421 0.789735019207001 0.802666008472443 0.809993982315063 0.815473020076752 0.825399994850159 0.843445003032684 0.848501026630402 0.84232497215271 0.836176991462708 0.841180026531219 0.853887021541595 0.835331976413727 0.848124027252197 0.851683974266052 0.856836974620819 0.864696979522705 0.864268004894257 0.864247024059296 0.844040989875793 0.854294002056122 0.874153971672058 0.86327999830246 0.867588996887207 0.866946995258331 0.870380997657776
0.707925975322723 0.738138973712921 0.707377016544342 0.714598000049591 0.766870975494385 0.713633000850677 0.705246984958649 0.702948987483978 0.717285990715027 0.774285972118378 0.817782998085022 0.776215016841888 0.740956008434296 0.768487989902496 0.708432972431183 0.765788018703461 0.782555997371674 0.772565007209778 0.78642201423645 0.796238005161285 0.798987984657288 0.805754005908966 0.795894026756287 0.789255976676941 0.754346013069153 0.751419007778168 0.741581976413727 0.778302013874054 0.78336900472641 0.794022977352142 0.808930993080139 0.826247990131378 0.838774979114532 0.84172797203064 0.824325978755951 0.79661500453949 0.808470010757446 0.80968701839447 0.823042988777161 0.837270975112915 0.849655985832214 0.85488897562027 0.847802996635437 0.861590981483459 0.860871970653534 0.856622993946075 0.857439994812012 0.869916021823883 0.870481014251709 0.865257024765015 0.85370397567749 0.864265024662018
0.730041980743408 0.749315023422241 0.712157011032104 0.712997019290924 0.760703980922699 0.709837019443512 0.702058970928192 0.697731971740723 0.715602993965149 0.777643024921417 0.819166004657745 0.781099021434784 0.745190978050232 0.76978999376297 0.706903994083405 0.764163017272949 0.780366003513336 0.768453001976013 0.783501982688904 0.797379016876221 0.805284023284912 0.814740002155304 0.803550004959106 0.795562982559204 0.75466400384903 0.751443028450012 0.734347999095917 0.767708003520966 0.773657977581024 0.786841988563538 0.805097997188568 0.820788025856018 0.825010001659393 0.817800998687744 0.797954022884369 0.766005992889404 0.781243026256561 0.783740997314453 0.804318010807037 0.824088990688324 0.842607975006104 0.850969016551971 0.842194020748138 0.854687988758087 0.85529500246048 0.854103982448578 0.855005979537964 0.866979002952576 0.86482298374176 0.856983006000519 0.843711018562317 0.852716982364655
0.730858981609344 0.695881009101868 0.713590979576111 0.677250981330872 0.687815010547638 0.687622010707855 0.724071979522705 0.722290992736816 0.720130980014801 0.726877987384796 0.797851026058197 0.78245997428894 0.777285993099213 0.738949000835419 0.717342972755432 0.741473019123077 0.757766008377075 0.774089992046356 0.76119601726532 0.788421988487244 0.815589010715485 0.827014982700348 0.806783020496368 0.77078902721405 0.79040801525116 0.781681001186371 0.736989974975586 0.7153360247612 0.738029003143311 0.763988018035889 0.785974025726318 0.791351020336151 0.773907005786896 0.754105985164642 0.693127989768982 0.736268997192383 0.775690019130707 0.784339010715485 0.804153978824615 0.821846008300781 0.836180984973907 0.849671006202698 0.857412993907928 0.857156991958618 0.865673005580902 0.864755988121033 0.818832993507385 0.855731010437012 0.857775986194611 0.854148983955383 0.845066010951996 0.844402015209198
0.683546006679535 0.694712996482849 0.726579010486603 0.714561998844147 0.692016005516052 0.73361998796463 0.65735799074173 0.721020996570587 0.717145025730133 0.78600800037384 0.81733900308609 0.844015002250671 0.807116985321045 0.732689023017883 0.716067016124725 0.745140016078949 0.777939975261688 0.779323995113373 0.774654984474182 0.768477976322174 0.81097799539566 0.823943972587585 0.791296005249023 0.790117025375366 0.80070698261261 0.746838986873627 0.768967986106873 0.729789018630981 0.717607975006104 0.70804899930954 0.727326989173889 0.712042987346649 0.706205010414124 0.681270003318787 0.711627006530762 0.707852005958557 0.766393005847931 0.791133999824524 0.793029010295868 0.816177010536194 0.809791028499603 0.811828970909119 0.833887994289398 0.826951026916504 0.808247029781342 0.816902995109558 0.853718996047974 0.816686987876892 0.849052011966705 0.844600021839142 0.838607013225555 0.838760018348694
0.718450009822845 0.667752981185913 0.719946980476379 0.718531012535095 0.695617020130157 0.627519011497498 0.700164020061493 0.750850975513458 0.736202001571655 0.818445026874542 0.732245981693268 0.804333984851837 0.76739501953125 0.727109014987946 0.726535975933075 0.713120996952057 0.779434025287628 0.765309989452362 0.77667099237442 0.76970499753952 0.787983000278473 0.798753976821899 0.78772497177124 0.796725988388062 0.776579976081848 0.766963005065918 0.780283987522125 0.762462973594666 0.766488015651703 0.746230006217957 0.714296996593475 0.715104997158051 0.72121798992157 0.729686975479126 0.703774988651276 0.71833997964859 0.7654709815979 0.778401017189026 0.77792501449585 0.76656299829483 0.785818994045258 0.836668014526367 0.837446987628937 0.8245649933815 0.814930975437164 0.780493021011353 0.793850004673004 0.838037014007568 0.839146018028259 0.84212601184845 0.836998999118805 0.834791004657745
0.670367002487183 0.681137979030609 0.662338018417358 0.690797984600067 0.662773013114929 0.649698972702026 0.752861022949219 0.765375018119812 0.766111016273499 0.757880985736847 0.783253014087677 0.716265022754669 0.782287001609802 0.750729024410248 0.753642976284027 0.708571016788483 0.726198971271515 0.761056005954742 0.73709499835968 0.716756999492645 0.734588027000427 0.749677002429962 0.787855982780457 0.791996002197266 0.760500013828278 0.767283022403717 0.755393028259277 0.775847971439362 0.784228026866913 0.790198981761932 0.774758994579315 0.772117972373962 0.766402006149292 0.738937020301819 0.704773008823395 0.732553005218506 0.766973972320557 0.764891982078552 0.750024974346161 0.745109021663666 0.763514995574951 0.742392003536224 0.771349012851715 0.780780017375946 0.748242020606995 0.795720994472504 0.807372987270355 0.811886012554169 0.831986010074615 0.831216990947723 0.831569015979767 0.827835023403168
0.578359007835388 0.761157989501953 0.66517299413681 0.687758028507233 0.652091979980469 0.758345007896423 0.764200985431671 0.690774023532867 0.829172015190125 0.784884989261627 0.695990979671478 0.720933020114899 0.761089026927948 0.663922011852264 0.721203982830048 0.704231977462769 0.706472992897034 0.736715018749237 0.722167015075684 0.698083996772766 0.714941024780273 0.735502004623413 0.785089015960693 0.7846639752388 0.75534999370575 0.755169987678528 0.748040020465851 0.767629981040955 0.784874022006989 0.763665974140167 0.791197001934052 0.761009991168976 0.77021998167038 0.753533005714417 0.753319978713989 0.728344976902008 0.758068025112152 0.76910400390625 0.771062016487122 0.727150976657867 0.695281982421875 0.73751699924469 0.779133021831512 0.784453988075256 0.780938982963562 0.793585002422333 0.801705002784729 0.797573983669281 0.808462977409363 0.827163994312286 0.828413009643555 0.829546988010406
0.604104995727539 0.592203974723816 0.750932991504669 0.763415992259979 0.779835999011993 0.634525001049042 0.597012996673584 0.812510013580322 0.785170018672943 0.784904003143311 0.699741005897522 0.748863995075226 0.695397019386292 0.721422970294952 0.739431023597717 0.733635008335114 0.729570984840393 0.714241027832031 0.748842000961304 0.731580018997192 0.720571994781494 0.737993001937866 0.804675996303558 0.80231100320816 0.781994998455048 0.76267397403717 0.746783971786499 0.745350003242493 0.735230982303619 0.803511023521423 0.733739018440247 0.76256400346756 0.744051992893219 0.749576985836029 0.745517015457153 0.743520975112915 0.728954970836639 0.76121598482132 0.766631007194519 0.76087498664856 0.778155982494354 0.764177978038788 0.7657750248909 0.765025019645691 0.767203986644745 0.788155019283295 0.791701972484589 0.797196984291077 0.798225998878479 0.813378989696503 0.804728984832764 0.808414995670319
0.660826981067657 0.688394010066986 0.65226799249649 0.657995998859406 0.735728979110718 0.644222974777222 0.592236995697021 0.590792000293732 0.76384299993515 0.710008025169373 0.705733001232147 0.76707398891449 0.752245008945465 0.764665007591248 0.733031988143921 0.709396004676819 0.734384000301361 0.73173600435257 0.761749982833862 0.723767995834351 0.699788987636566 0.726356029510498 0.788667976856232 0.81141597032547 0.771372973918915 0.740019977092743 0.752849996089935 0.730835020542145 0.767032027244568 0.757919013500214 0.770043015480042 0.768222987651825 0.758846998214722 0.743385970592499 0.743848025798798 0.758904993534088 0.734779000282288 0.73207700252533 0.757606029510498 0.784765005111694 0.792394995689392 0.782778978347778 0.765079021453857 0.761520981788635 0.756217002868652 0.763549983501434 0.773992002010345 0.77811998128891 0.758444011211395 0.768265008926392 0.785502016544342 0.782665014266968
0.639710009098053 0.695393979549408 0.647521018981934 0.673250019550323 0.669763028621674 0.661238014698029 0.73384302854538 0.663589000701904 0.704071998596191 0.693269014358521 0.784987986087799 0.783565998077393 0.772332012653351 0.756518006324768 0.7308070063591 0.730104982852936 0.733135998249054 0.732154011726379 0.742304027080536 0.736380994319916 0.681388020515442 0.701238989830017 0.780255973339081 0.777639985084534 0.74225902557373 0.768929004669189 0.738460004329681 0.755347013473511 0.730983018875122 0.80164897441864 0.768118023872375 0.756789982318878 0.754139006137848 0.745755016803741 0.739189028739929 0.758804023265839 0.769711017608643 0.771844029426575 0.759410977363586 0.775837004184723 0.772719025611877 0.763485014438629 0.767584979534149 0.753728985786438 0.760833978652954 0.758924007415771 0.76018500328064 0.750485002994537 0.750349998474121 0.747789978981018 0.773002982139587 0.773823976516724
0.730503976345062 0.661323010921478 0.717658996582031 0.731090009212494 0.738988995552063 0.699853003025055 0.766692996025085 0.722908020019531 0.721755027770996 0.765672981739044 0.797874987125397 0.777374029159546 0.763275027275085 0.738166987895966 0.751258015632629 0.735490024089813 0.717670023441315 0.767705976963043 0.724243998527527 0.714523017406464 0.720041990280151 0.735360026359558 0.723379015922546 0.787747979164124 0.740875005722046 0.770934998989105 0.766695976257324 0.73393702507019 0.738492012023926 0.784110009670258 0.760806024074554 0.767511010169983 0.752398014068604 0.751743018627167 0.734519004821777 0.736293971538544 0.756105005741119 0.773940026760101 0.75900399684906 0.76018500328064 0.756107985973358 0.766758978366852 0.764518022537231 0.761089026927948 0.745992004871368 0.749017000198364 0.750931978225708 0.751489996910095 0.770232021808624 0.767347991466522 0.770184993743896 0.783402979373932
