Pteronotus_pusillus.asc
ncols  804
nrows  378
xllcorner  -74.6418056
yllcorner  17.2248604
cellsize 0.00833333370646766
NODATA_value  -9999
[rows 92 to 114 of 378, columns 208 to 259 of 804]
0.551782011985779 0.550253987312317 0.545423984527588 0.553355991840363 0.498430013656616 0.340750008821487 0.234147995710373 0.256240993738174 0.257957994937897 0.273613005876541 0.443847000598907 0.567950010299683 0.388944000005722 0.495294004678726 0.245593994855881 0.343380004167557 0.48284900188446 0.506723999977112 0.250560998916626 0.47275298833847 0.284393012523651 0.419306993484497 0.413899004459381 0.356664001941681 0.457350999116898 0.510725975036621 0.515343010425568 0.540391027927399 0.451366007328033 0.489605993032455 0.46790400147438 0.468686014413834 0.434711009263992 0.448893994092941 0.518031001091003 0.442070007324219 0.533908009529114 0.496690988540649 0.500818014144897 0.38815501332283 0.377480000257492 0.332013994455338 0.266016989946365 0.450051993131638 0.365097999572754 0.539869010448456 0.440755009651184 0.321886003017426 0.269989997148514 0.35078901052475 0.416518986225128 0.502737998962402
0.563560009002686 0.570375978946686 0.545708000659943 0.547353029251099 0.557460010051727 0.531545996665955 0.404397010803223 0.317840993404388 0.323520004749298 0.19989900290966 0.205972000956535 0.243710994720459 0.319738000631332 0.327578008174896 0.512093007564545 0.356225997209549 0.554538011550903 0.426528990268707 0.410369992256165 0.337686002254486 0.413551986217499 0.3175910115242 0.319279998540878 0.369040995836258 0.422010987997055 0.475409001111984 0.551894009113312 0.41441398859024 0.487338006496429 0.485720992088318 0.497583001852036 0.482951998710632 0.436798006296158 0.350320011377335 0.470737993717194 0.53895902633667 0.359342992305756 0.373030990362167 0.316785007715225 0.362756997346878 0.307484000921249 0.369982987642288 0.260717004537582 0.36871999502182 0.371331006288528 0.342391014099121 0.309421002864838 0.259532004594803 0.393157005310059 0.447068005800247 0.514998018741608 0.50723397731781
0.556180000305176 0.554485023021698 0.566991984844208 0.557448983192444 0.520952999591827 0.542460978031158 0.532999992370605 0.43732100725174 0.443396002054214 0.457955002784729 0.272554010152817 0.330440998077393 0.373795002698898 0.285026997327805 0.473450005054474 0.359683990478516 0.551088988780975 0.297156006097794 0.27675399184227 0.381410986185074 0.356287002563477 0.325354009866714 0.378600001335144 0.410297006368637 0.393514007329941 0.433540999889374 0.464711010456085 0.472135990858078 0.509253025054932 0.505315005779266 0.528208017349243 0.487410992383957 0.515615999698639 0.452078014612198 0.367343008518219 0.313219010829926 0.434193998575211 0.413881987333298 0.413471013307571 0.46552899479866 0.347443014383316 0.273030996322632 0.357809990644455 0.280696988105774 0.533460974693298 0.26816400885582 0.339376986026764 0.366769999265671 0.433266997337341 0.473109006881714 0.473028004169464 0.509815990924835
0.573014974594116 0.552938997745514 0.534627020359039 0.557106971740723 0.53269499540329 0.499168992042542 0.42808198928833 0.428674012422562 0.430997997522354 0.464107990264893 0.442048013210297 0.426867991685867 0.404673993587494 0.29491201043129 0.567475974559784 0.467370986938477 0.363927990198135 0.362203985452652 0.532204985618591 0.395610988140106 0.354595005512238 0.35802099108696 0.329605996608734 0.441695988178253 0.342227011919022 0.418013006448746 0.492812007665634 0.525573015213013 0.535392999649048 0.486651003360748 0.471303999423981 0.527167975902557 0.511732995510101 0.492074996232986 0.334248006343842 0.38129198551178 0.420491993427277 0.333112001419067 0.509748995304108 0.532249987125397 0.398535996675491 0.427161008119583 0.307579010725021 0.525622010231018 0.319227993488312 0.497593998908997 0.236546993255615 0.294955998659134 0.275606989860535 0.345423012971878 0.462229996919632 0.47053000330925
0.576862990856171 0.553682029247284 0.533334970474243 0.556937992572784 0.531745970249176 0.497215002775192 0.429313004016876 0.436581999063492 0.437195986509323 0.459722012281418 0.443381994962692 0.42857301235199 0.4064100086689 0.294968008995056 0.573770999908447 0.478152990341187 0.365069001913071 0.361791998147964 0.5346360206604 0.394666999578476 0.346904009580612 0.35835400223732 0.331883996725082 0.438322991132736 0.338546007871628 0.416399002075195 0.487075001001358 0.527279019355774 0.53745299577713 0.488436013460159 0.475643992424011 0.526980996131897 0.509962975978851 0.490375995635986 0.334096014499664 0.383098006248474 0.427722007036209 0.325991988182068 0.505958020687103 0.534246981143951 0.396595001220703 0.425081998109818 0.309291988611221 0.52878600358963 0.315052002668381 0.482502013444901 0.240409001708031 0.297493994235992 0.278335988521576 0.347115010023117 0.462875992059708 0.471594005823135
0.574383020401001 0.576479017734528 0.559498012065887 0.537824988365173 0.548524022102356 0.500092029571533 0.38509601354599 0.33118200302124 0.336394995450974 0.442745000123978 0.380708992481232 0.416570991277695 0.401580989360809 0.21569199860096 0.31352698802948 0.469803005456924 0.41525000333786 0.505400002002716 0.367303997278214 0.424490004777908 0.208546996116638 0.354445993900299 0.538972973823547 0.372958987951279 0.37118399143219 0.493200987577438 0.522437989711761 0.392699003219604 0.462523013353348 0.511457979679108 0.457908987998962 0.466067999601364 0.519559025764465 0.462309002876282 0.321318000555038 0.269201010465622 0.434944003820419 0.281439006328583 0.365097999572754 0.437117993831635 0.39724001288414 0.287934005260468 0.397525012493134 0.460121005773544 0.351267009973526 0.220689997076988 0.20168299973011 0.442772001028061 0.451444000005722 0.226947993040085 0.33085098862648 0.446209013462067
0.580832004547119 0.576551020145416 0.571071982383728 0.558692991733551 0.550500988960266 0.524770021438599 0.464121997356415 0.298379987478256 0.308907985687256 0.336876004934311 0.409619987010956 0.517292022705078 0.369589000940323 0.361398994922638 0.246276006102562 0.338162988424301 0.489006012678146 0.442878007888794 0.514334976673126 0.425606995820999 0.463454991579056 0.478579998016357 0.319786995649338 0.338764995336533 0.472815990447998 0.499386012554169 0.375384986400604 0.456061005592346 0.433041989803314 0.464729011058807 0.487637996673584 0.474595010280609 0.487118989229202 0.511231005191803 0.370151996612549 0.318246990442276 0.259577989578247 0.311854004859924 0.317490994930267 0.358155012130737 0.40700700879097 0.372519999742508 0.308820009231567 0.335289001464844 0.331575006246567 0.503983974456787 0.304787009954453 0.320562988519669 0.389851987361908 0.527813017368317 0.200523003935814 0.371024996042252
0.592212021350861 0.582463026046753 0.576744973659515 0.566164970397949 0.556770026683807 0.541849970817566 0.420067012310028 0.432577013969421 0.436324000358582 0.375079989433289 0.366820007562637 0.466874003410339 0.438499987125397 0.302013993263245 0.24583800137043 0.283912003040314 0.491609990596771 0.440506011247635 0.496075004339218 0.511938989162445 0.325843989849091 0.410759001970291 0.406221002340317 0.357701987028122 0.423500001430511 0.554822027683258 0.531862020492554 0.410587012767792 0.411462992429733 0.476999998092651 0.516381978988647 0.484784990549088 0.460537999868393 0.52727198600769 0.499758005142212 0.387591987848282 0.323215007781982 0.291469007730484 0.314572989940643 0.292201012372971 0.363220989704132 0.362940013408661 0.313481986522675 0.324144005775452 0.358765989542007 0.352517008781433 0.44905498623848 0.443578004837036 0.437498986721039 0.243916004896164 0.49031201004982 0.228679999709129
-9999 0.591166973114014 0.582493007183075 0.578127980232239 0.572160005569458 0.566968023777008 0.536487996578217 0.387360006570816 0.387607991695404 0.458649009466171 0.438389986753464 0.509140014648438 0.444104999303818 0.354548007249832 0.267275005578995 0.275191992521286 0.421480000019073 0.548542976379395 0.476303994655609 0.41805899143219 0.368259012699127 0.343317002058029 0.420459985733032 0.468580007553101 0.389557987451553 0.478817999362946 0.490361005067825 0.530650019645691 0.438118994235992 0.440901011228561 0.485359996557236 0.459279000759125 0.494159996509552 0.514611005783081 0.500855028629303 0.483509004116058 0.498315989971161 0.397514998912811 0.306517004966736 0.417780011892319 0.404083013534546 0.443836987018585 0.451950997114182 0.497839003801346 0.492408990859985 0.40344300866127 0.417564004659653 0.510335981845856 0.421153008937836 0.444777011871338 0.280126988887787 0.386314004659653
-9999 -9999 -9999 -9999 -9999 0.582643985748291 0.562556028366089 0.533955991268158 0.534464001655579 0.447656989097595 0.439359992742538 0.513593018054962 0.436702996492386 0.371407002210617 0.211796000599861 0.267479002475739 0.510626971721649 0.525521993637085 0.467967003583908 0.526308000087738 0.313688009977341 0.317357987165451 0.400209993124008 0.527419984340668 0.487910985946655 0.459289997816086 0.497810006141663 0.475555002689362 0.530314981937408 0.477474987506866 0.471428990364075 0.515025019645691 0.491286009550095 0.528666019439697 0.522532999515533 0.508552014827728 0.436233997344971 0.489134013652802 0.480037003755569 0.411401003599167 0.429823011159897 0.415636003017426 0.380764991044998 0.353900998830795 0.447405993938446 0.379626005887985 0.340629994869232 0.382259994745255 0.397325992584229 0.357944011688232 0.373908013105392 0.430325001478195
-9999 -9999 -9999 -9999 -9999 -9999 -9999 0.553301990032196 0.551575005054474 0.54246997833252 0.494109004735947 0.313627988100052 0.468167990446091 0.56291002035141 0.258358985185623 0.192196995019913 0.306733995676041 0.499808996915817 0.457946002483368 0.499684005975723 0.403667002916336 0.470176011323929 0.53533798456192 0.425496011972427 0.397482007741928 0.432866990566254 0.473654001951218 0.474925011396408 0.512809991836548 0.513738989830017 0.488334000110626 0.515637993812561 0.500679016113281 0.519545018672943 0.481279999017715 0.491225987672806 0.424259006977081 0.523736000061035 0.410259008407593 0.512969970703125 0.492828011512756 0.524492025375366 0.489086002111435 0.418751001358032 0.444570988416672 0.471435010433197 0.454237997531891 0.324616998434067 0.367172002792358 0.392334997653961 0.302201986312866 0.399051010608673
-9999 -9999 -9999 -9999 -9999 -9999 -9999 -9999 0.571641981601715 0.557798027992249 0.553228974342346 0.517297029495239 0.304405987262726 0.433611005544662 0.368999004364014 0.241537004709244 0.191846996545792 0.403205990791321 0.486577987670898 0.508988976478577 0.430640012025833 0.276087999343872 0.331312000751495 0.350585013628006 0.414739996194839 0.444669008255005 0.417741000652313 0.439469009637833 0.497574001550674 0.520026028156281 0.528002977371216 0.4930379986763 0.525479972362518 0.512332022190094 0.508867025375366 0.374439001083374 0.419398009777069 0.333406001329422 0.414810985326767 0.372049987316132 0.448217004537582 0.334820002317429 0.378244012594223 0.414020985364914 0.400209009647369 0.400393009185791 0.488698989152908 0.474709987640381 0.374963998794556 0.398717999458313 0.350845009088516 0.331770986318588
-9999 -9999 -9999 -9999 -9999 -9999 -9999 -9999 -9999 -9999 0.576524972915649 0.558459997177124 0.533128976821899 0.421636998653412 0.43104100227356 0.314465999603271 0.22486600279808 0.339650988578796 0.520048022270203 0.501677989959717 0.3940269947052 0.23862099647522 0.307877987623215 0.385477006435394 0.363370001316071 0.393876999616623 0.438641995191574 0.491174012422562 0.504317998886108 0.52735698223114 0.538791000843048 0.532595992088318 0.524371981620789 0.520542025566101 0.504832029342651 0.424531996250153 0.237349003553391 0.210783004760742 0.308439999818802 0.408248007297516 0.310382008552551 0.401459991931915 0.33263498544693 0.26324999332428 0.254083007574081 0.26230400800705 0.415410995483398 0.360785990953445 0.430348992347717 0.395009994506836 0.413037002086639 0.351424008607864
-9999 -9999 -9999 -9999 -9999 -9999 -9999 -9999 -9999 -9999 -9999 0.575568974018097 0.55621200799942 0.520304024219513 0.490772992372513 0.454337000846863 0.250420987606049 0.324586987495422 0.523917973041534 0.489508986473083 0.335487991571426 0.244583994150162 0.427450001239777 0.494230985641479 0.498986005783081 0.525550007820129 0.533445000648499 0.535199999809265 0.528508007526398 0.53413200378418 0.516682982444763 0.518441021442413 0.529121994972229 0.530183970928192 0.526791989803314 0.50765198469162 0.518063008785248 0.445598989725113 0.271046012639999 0.226871997117996 0.531494975090027 0.449634999036789 0.305830001831055 0.295271992683411 0.279157012701035 0.26410898566246 0.25721400976181 0.390332996845245 0.365714013576508 0.490588992834091 0.313852995634079 0.344655007123947
-9999 -9999 -9999 -9999 -9999 -9999 -9999 -9999 -9999 -9999 -9999 -9999 0.5730100274086 0.541818022727966 0.475271999835968 0.395157992839813 0.260275989770889 0.376038998365402 0.530849993228912 0.514769971370697 0.317721992731094 0.267219007015228 0.473477005958557 0.498082995414734 0.542436003684998 0.505083978176117 0.472270011901855 0.49906399846077 0.507394015789032 0.500101983547211 0.524468004703522 0.525731980800629 0.530272006988525 0.507758975028992 0.407970011234283 0.465057998895645 0.399378001689911 0.454156011343002 0.44683501124382 0.3541080057621 0.248233005404472 0.343436986207962 0.261133998632431 0.275285989046097 0.439678996801376 0.307767003774643 0.236164003610611 0.256787985563278 0.369675993919373 0.391788005828857 0.515694975852966 0.315425008535385
-9999 -9999 -9999 -9999 -9999 -9999 -9999 -9999 -9999 -9999 -9999 -9999 -9999 0.571143984794617 0.529070973396301 0.340557992458344 0.24745100736618 0.379954010248184 0.528470993041992 0.474853008985519 0.284132987260818 0.313289999961853 0.492895990610123 0.520825982093811 0.516049981117249 0.448211997747421 0.448733985424042 0.407117009162903 0.458041995763779 0.52591997385025 0.532693028450012 0.534008026123047 0.528510987758636 0.530017971992493 0.531431972980499 0.358844012022018 0.390754014253616 0.375658988952637 0.445562988519669 0.473580986261368 0.380731999874115 0.235042005777359 0.225482001900673 0.230713993310928 0.296240985393524 0.546001970767975 0.32124000787735 0.182705998420715 0.199398994445801 0.34519100189209 0.405221998691559 0.461234986782074
-9999 -9999 -9999 -9999 -9999 -9999 -9999 -9999 -9999 -9999 -9999 -9999 -9999 -9999 0.572286009788513 0.43962100148201 0.275063008069992 0.24583999812603 0.456876009702682 0.434823989868164 0.348352998495102 0.34469398856163 0.466518014669418 0.533282995223999 0.507673978805542 0.371259987354279 0.3715940117836 0.357562005519867 0.403207987546921 0.533779978752136 0.533577978610992 0.537078022956848 0.536605000495911 0.535183012485504 0.530219972133636 0.525869011878967 0.320493012666702 0.356059998273849 0.338530987501144 0.431035995483398 0.502032995223999 0.394966006278992 0.256334990262985 0.167577996850014 0.212907999753952 0.291177004575729 0.329127997159958 0.400741994380951 0.173283994197845 0.192429006099701 0.379673004150391 0.358830004930496
-9999 -9999 -9999 -9999 -9999 -9999 -9999 -9999 -9999 -9999 -9999 -9999 -9999 -9999 -9999 0.551550984382629 0.428537011146545 0.282415002584457 0.317016988992691 0.411339998245239 0.350268989801407 0.361750990152359 0.474054008722305 0.541166007518768 0.536194980144501 0.524290025234222 0.372547000646591 0.400927990674973 0.538125991821289 0.539299011230469 0.538778007030487 0.535766005516052 0.534541010856628 0.533070027828217 0.529838979244232 0.525250971317291 0.508255004882813 0.279009997844696 0.384142011404037 0.345142990350723 0.429802000522614 0.447649985551834 0.396968990564346 0.327320009469986 0.174572005867958 0.238443002104759 0.274401009082794 0.318928003311157 0.401717007160187 0.231517001986504 0.239230006933212 0.365267008543015
-9999 -9999 -9999 -9999 -9999 -9999 -9999 -9999 -9999 -9999 -9999 -9999 -9999 -9999 -9999 0.571730971336365 0.531430006027222 0.421160012483597 0.334513992071152 0.360076993703842 0.351173013448715 0.440459996461868 0.554179012775421 0.553049027919769 0.549457013607025 0.549775004386902 0.548775970935822 0.543758988380432 0.539400994777679 0.54218602180481 0.538354992866516 0.537917017936707 0.537222981452942 0.530475974082947 0.530256986618042 0.531342029571533 0.480091989040375 0.366106003522873 0.375030010938644 0.4687420129776 0.420482993125916 0.441309005022049 0.353783994913101 0.384739011526108 0.368559986352921 0.241490006446838 0.237961992621422 0.245777994394302 0.393195986747742 0.377443999052048 0.390724003314972 0.44726899266243
-9999 -9999 -9999 -9999 -9999 -9999 -9999 -9999 -9999 -9999 -9999 -9999 -9999 -9999 -9999 -9999 0.57140702009201 0.536267995834351 0.444635003805161 0.438493013381958 0.474509000778198 0.560123980045319 0.561501026153564 0.557240009307861 0.552076995372772 0.549208998680115 0.551328003406525 0.545764982700348 0.543084979057312 0.542505025863647 0.507530987262726 0.543354988098145 0.533906996250153 0.53233402967453 0.533338010311127 0.533240020275116 0.511762022972107 0.365460991859436 0.373136013746262 0.489950001239777 0.406668990850449 0.430260002613068 0.379853010177612 0.407507002353668 0.299524009227753 0.319990992546082 0.244489997625351 0.262897998094559 0.219318002462387 0.48810601234436 0.362087994813919 0.401701003313065
-9999 -9999 -9999 -9999 -9999 -9999 -9999 -9999 -9999 -9999 -9999 -9999 -9999 -9999 -9999 -9999 -9999 -9999 0.569172024726868 0.537059009075165 -9999 -9999 -9999 -9999 0.555381000041962 0.550226986408234 0.545904994010925 0.543116986751556 0.542411029338837 0.496306985616684 0.470313012599945 0.483916014432907 0.534922003746033 0.537289023399353 0.533412992954254 0.516162991523743 0.510500013828278 0.501160025596619 0.354811012744904 0.329501003026962 0.389070004224777 0.501253008842468 0.466021001338959 0.400927007198334 0.502201974391937 0.368698000907898 0.313107997179031 0.221037000417709 0.211184993386269 0.255234003067017 0.371636003255844 0.261938005685806
-9999 -9999 -9999 -9999 -9999 -9999 -9999 -9999 -9999 -9999 -9999 -9999 -9999 -9999 -9999 -9999 -9999 -9999 -9999 -9999 -9999 0.562180995941162 0.555832028388977 0.557335019111633 0.554062008857727 0.552416980266571 0.547644019126892 0.544579982757568 0.544061005115509 0.459203004837036 0.43732100725174 0.354721009731293 0.4409059882164 0.539665997028351 0.535606980323792 0.523743987083435 0.514473021030426 0.484358996152878 0.323834002017975 0.316345006227493 0.480147004127502 0.434538990259171 0.442212998867035 0.501784026622772 0.471195012331009 0.445778995752335 0.500569999217987 0.333602011203766 0.228520005941391 0.228523001074791 0.306796997785568 0.286870986223221
-9999 -9999 -9999 -9999 -9999 -9999 -9999 -9999 -9999 -9999 -9999 -9999 -9999 -9999 -9999 -9999 -9999 -9999 -9999 -9999 -9999 0.555947005748749 0.557458996772766 0.552974998950958 0.553888976573944 0.553614020347595 0.549470007419586 0.544725000858307 0.535592973232269 0.394318997859955 0.352636009454727 0.379256993532181 0.296398013830185 0.429646998643875 0.532330989837646 0.523168981075287 0.5120769739151 0.499311000108719 0.462812006473541 0.366021007299423 0.348111987113953 0.502175986766815 0.448478013277054 0.527571976184845 0.459690004587173 0.451786011457443 0.445309013128281 0.367915004491806 0.382690012454987 0.257786989212036 0.189758002758026 0.301414012908936
