Pteronotus_quadridens.asc
ncols  804
nrows  378
xllcorner  -74.6418056
yllcorner  17.2248604
cellsize 0.00833333370646766
NODATA_value  -9999
[rows 69 to 91 of 378, columns 468 to 519 of 804]
0.614176988601685 0.60536801815033 0.590231001377106 0.615633010864258 0.625108003616333 0.606002986431122 0.623700022697449 0.639631986618042 0.642638981342316 -9999 -9999 -9999 -9999 -9999 -9999 -9999 -9999 -9999 -9999 -9999 -9999 -9999 -9999 -9999 -9999 -9999 -9999 -9999 -9999 -9999 -9999 -9999 -9999 -9999 -9999 -9999 -9999 -9999 -9999 -9999 -9999 -9999 -9999 -9999 -9999 -9999 -9999 -9999 -9999 -9999 -9999 -9999
0.592302978038788 0.515604019165039 0.535598993301392 0.577289998531342 0.616702020168304 0.615909993648529 0.620033025741577 0.634474992752075 0.641834020614624 0.644656002521515 0.639662981033325 -9999 -9999 -9999 -9999 -9999 -9999 -9999 -9999 -9999 -9999 -9999 -9999 -9999 -9999 -9999 -9999 -9999 -9999 0.652311027050018 0.660699009895325 0.666503012180328 0.667252004146576 0.670741975307465 0.675803005695343 0.675970017910004 -9999 -9999 -9999 -9999 -9999 -9999 -9999 -9999 -9999 -9999 -9999 -9999 -9999 -9999 -9999 -9999
0.470070004463196 0.454131007194519 0.396645992994308 0.469159990549088 0.50891101360321 0.568993985652924 0.623462021350861 0.640531003475189 0.641072988510132 0.643989026546478 0.637766003608704 -9999 -9999 -9999 -9999 -9999 -9999 -9999 -9999 -9999 -9999 -9999 -9999 -9999 -9999 -9999 -9999 0.630218029022217 0.634954988956451 0.641430020332336 0.651574015617371 0.649537980556488 0.662419021129608 0.678215980529785 0.680914998054504 0.676146984100342 0.676023006439209 -9999 -9999 -9999 -9999 -9999 -9999 -9999 -9999 -9999 -9999 -9999 -9999 -9999 -9999 -9999
0.415109992027283 0.333021998405457 0.270218014717102 0.290123999118805 0.348767012357712 0.468183994293213 0.543052017688751 0.631556987762451 0.641278982162476 0.64395397901535 0.639777004718781 0.630824983119965 0.627376019954681 -9999 0.628301024436951 0.63204699754715 -9999 -9999 -9999 -9999 -9999 -9999 -9999 -9999 -9999 -9999 0.620818018913269 0.616002976894379 0.622228026390076 0.639531016349792 0.647909998893738 0.646391987800598 0.667882025241852 0.668485999107361 0.684521019458771 0.690752983093262 0.680648982524872 0.67856901884079 0.679572999477386 -9999 -9999 -9999 -9999 -9999 -9999 -9999 -9999 -9999 -9999 -9999 -9999 -9999
0.309496998786926 0.258971989154816 0.506424009799957 0.43708598613739 0.39562800526619 0.395687997341156 0.485693991184235 0.594884991645813 0.637580990791321 0.636485993862152 0.644465982913971 0.63435298204422 0.629256010055542 0.625585973262787 0.621201992034912 0.620471000671387 0.620772004127502 0.620518982410431 0.620042026042938 0.618138015270233 0.619642019271851 0.616383016109467 0.618957996368408 -9999 -9999 -9999 0.605010986328125 0.57380998134613 0.60570102930069 0.635626971721649 0.651959002017975 0.66948801279068 0.656953990459442 0.6630579829216 0.656993985176086 0.658215999603271 0.684608995914459 0.690613985061646 0.678834021091461 0.680535972118378 -9999 -9999 -9999 -9999 -9999 -9999 -9999 -9999 -9999 -9999 -9999 -9999
0.378046005964279 0.371156990528107 0.306912004947662 0.372974008321762 0.379256010055542 0.402646005153656 0.530703008174896 0.630309998989105 0.639312982559204 0.633035004138947 0.63290798664093 0.632061004638672 0.628979027271271 0.623959004878998 0.619996011257172 0.614989995956421 0.612915992736816 0.610670983791351 0.604305982589722 0.60928201675415 0.595661997795105 0.596186995506287 0.597443997859955 0.581772029399872 0.593557000160217 0.598002016544342 0.566263020038605 0.580536007881165 0.608655989170074 0.649146020412445 0.626053988933563 0.66858297586441 0.660696029663086 0.667688012123108 0.674790024757385 0.630840003490448 0.653787016868591 0.688115000724792 0.689992010593414 0.678669989109039 0.682874977588654 0.683028995990753 -9999 -9999 -9999 -9999 -9999 -9999 -9999 -9999 -9999 -9999
0.49345600605011 0.582215011119843 0.480378985404968 0.403335988521576 0.414514988660812 0.541887998580933 0.573529005050659 0.597786009311676 0.638894021511078 0.637865006923676 0.595938980579376 0.606397986412048 0.622286021709442 0.624692022800446 0.615790009498596 0.612057983875275 0.604071974754333 0.601794004440308 0.58620297908783 0.570850014686584 0.581224024295807 0.5937539935112 0.577355027198792 0.581064999103546 0.567085981369019 0.600093007087708 0.618466019630432 0.538201987743378 0.597061991691589 0.635119020938873 0.623840987682343 0.62643700838089 0.651997029781342 0.645318984985352 0.649697005748749 0.664139986038208 0.623674988746643 0.662497997283936 0.681062996387482 0.693144023418427 0.68743097782135 0.680966019630432 0.684880018234253 -9999 -9999 -9999 -9999 -9999 -9999 -9999 -9999 -9999
0.518020987510681 0.599452018737793 0.488067001104355 0.404096990823746 0.412337005138397 0.535382986068726 0.562125027179718 0.581508994102478 0.627059996128082 0.632565021514893 0.601929008960724 0.620355010032654 0.638522028923035 0.638926982879639 0.622587978839874 0.610598981380463 0.596987009048462 0.596660017967224 0.580889999866486 0.563475012779236 0.581179976463318 0.595445990562439 0.585578978061676 0.588863015174866 0.574021995067596 0.599798977375031 0.61140102148056 0.530457019805908 0.586043000221252 0.620432019233704 0.612571001052856 0.625431001186371 0.653811991214752 0.649655997753143 0.653618991374969 0.670991003513336 0.634281992912292 0.677592992782593 0.699280977249146 0.705953001976013 0.693674981594086 0.687053978443146 0.687375009059906 -9999 -9999 -9999 -9999 -9999 -9999 -9999 -9999 -9999
0.647831976413727 0.5747190117836 0.499893009662628 0.526180982589722 0.629689991474152 0.635685980319977 0.625432014465332 0.593459010124207 0.595893979072571 0.583612978458405 0.582906007766724 0.591921985149384 0.596130013465881 0.611451983451843 0.625769972801208 0.607375979423523 0.576471984386444 0.571636974811554 0.551320016384125 0.549723982810974 0.562873005867004 0.574575006961823 0.598141014575958 0.61438399553299 0.598141014575958 0.561676025390625 0.608443975448608 0.575262010097504 0.559982001781464 0.565218985080719 0.587764024734497 0.614149987697601 0.616312980651855 0.629899978637695 0.634306013584137 0.674449026584625 0.639762997627258 0.664038002490997 0.669130980968475 0.696007013320923 0.708284020423889 0.693064987659454 0.685576975345612 0.692973971366882 -9999 -9999 -9999 -9999 -9999 -9999 -9999 -9999
0.47620901465416 0.542594015598297 0.549579977989197 0.507067978382111 0.50915002822876 0.544263005256653 0.589890003204346 0.561384975910187 0.554346978664398 0.546106994152069 0.608676016330719 0.62058699131012 0.629113018512726 0.583500027656555 0.587157011032104 0.603796005249023 0.595475018024445 0.589868009090424 0.534389019012451 0.519127011299133 0.574371993541718 0.572121024131775 0.60276597738266 0.613988995552063 0.605509996414185 0.590664029121399 0.584285020828247 0.567019999027252 0.556864976882935 0.507090985774994 0.573853015899658 0.612089991569519 0.645372986793518 0.651023983955383 0.6615229845047 0.657730996608734 0.63969898223877 0.622642993927002 0.632704973220825 0.647832989692688 0.718777000904083 0.706595003604889 0.690687000751495 0.684498012065887 0.691574990749359 -9999 -9999 -9999 -9999 -9999 -9999 -9999
0.605696022510529 0.525174021720886 0.477822005748749 0.539681971073151 0.59708297252655 0.592778980731964 0.600344002246857 0.604402005672455 0.582063019275665 0.622305989265442 0.609741985797882 0.573531985282898 0.588949978351593 0.608457028865814 0.59197199344635 0.579061985015869 0.590292990207672 0.583371996879578 0.527804017066956 0.525385975837708 0.576925992965698 0.580932974815369 0.599205017089844 0.606594026088715 0.569737017154694 0.59866601228714 0.581122994422913 0.581900000572205 0.513728976249695 0.545386016368866 0.59161901473999 0.668094992637634 0.671890020370483 0.667438983917236 0.671032011508942 0.658882021903992 0.65318101644516 0.642134010791779 0.626564025878906 0.573283970355988 0.644900023937225 0.701726019382477 0.699662983417511 0.689167022705078 0.68402898311615 -9999 -9999 -9999 -9999 -9999 -9999 -9999
0.429614007472992 0.496367990970612 0.602519989013672 0.500216007232666 0.523467004299164 0.555850982666016 0.568569004535675 0.562269985675812 0.550777018070221 0.558708012104034 0.551308989524841 0.600471973419189 0.601480007171631 0.599798977375031 0.556639015674591 0.57056999206543 0.576264977455139 0.568790972232819 0.565500020980835 0.509393990039825 0.533764004707336 0.563938975334167 0.531208992004395 0.564885973930359 0.567143976688385 0.534606993198395 0.560963988304138 0.582445979118347 0.604225993156433 0.519488990306854 0.585426986217499 0.694474995136261 0.642619013786316 0.675994992256165 0.665664970874786 0.705379009246826 0.696115970611572 0.683791995048523 0.659618020057678 0.631637990474701 0.598295986652374 0.65912801027298 0.685995995998383 0.696057021617889 0.685737013816833 0.683799028396606 -9999 -9999 -9999 -9999 -9999 -9999
0.551604986190796 0.543559014797211 0.414566993713379 0.5450040102005 0.466067999601364 0.514358997344971 0.598017990589142 0.61369800567627 0.563295006752014 0.559605002403259 0.615872979164124 0.57098799943924 0.530403017997742 0.587595999240875 0.531907021999359 0.559898018836975 0.56784999370575 0.559125006198883 0.561926007270813 0.570218980312347 0.490377992391586 0.46314200758934 0.568947017192841 0.614000976085663 0.589686989784241 0.553206026554108 0.525367021560669 0.562363982200623 0.577441990375519 0.548837006092072 0.604386985301971 0.6596320271492 0.666550993919373 0.657103002071381 0.636790990829468 0.622080981731415 0.681625008583069 0.690544009208679 0.651551008224487 0.551919996738434 0.663523018360138 0.692973017692566 0.692716002464294 0.691814005374908 0.693933010101318 0.686568021774292 0.681159019470215 -9999 -9999 -9999 -9999 -9999
0.565316021442413 0.5450279712677 0.545939981937408 0.500768005847931 0.423790007829666 0.291049987077713 0.368972986936569 0.389420002698898 0.414788007736206 0.517722010612488 0.608089029788971 0.557254016399384 0.50745302438736 0.439644992351532 0.508391976356506 0.585211992263794 0.576925992965698 0.566878020763397 0.580201983451843 0.546540021896362 0.506887972354889 0.553003013134003 0.589506983757019 0.567165017127991 0.592961013317108 0.671252012252808 0.642580986022949 0.602963984012604 0.61038601398468 0.619728982448578 0.577027976512909 0.693231999874115 0.65508097410202 0.634711980819702 0.588316023349762 0.646063983440399 0.634817004203796 0.632013022899628 0.649960994720459 0.687318980693817 0.689486026763916 0.685078024864197 0.684675991535187 0.688287973403931 0.691999971866608 0.69512802362442 0.681831002235413 0.681508004665375 -9999 -9999 -9999 -9999
0.577322006225586 0.444409996271133 0.45710501074791 0.363043010234833 0.537922024726868 0.317647010087967 0.382311999797821 0.439574986696243 0.43257600069046 0.400710999965668 0.462621003389359 0.51637202501297 0.466742992401123 0.478518009185791 0.47257599234581 0.49421900510788 0.559261977672577 0.545641005039215 0.556060016155243 0.521915972232819 0.475517988204956 0.579083025455475 0.602014005184174 0.631760001182556 0.602784991264343 0.646893978118896 0.684454023838043 0.636586010456085 0.610410988330841 0.604476988315582 0.655090987682343 0.671055018901825 0.664515972137451 0.667150020599365 0.689499020576477 0.691617012023926 0.68342798948288 0.685317993164063 0.686260998249054 0.680911004543304 0.679578006267548 0.680702984333038 0.681608021259308 0.684426009654999 0.69082099199295 0.686571002006531 0.69096702337265 0.68952602148056 0.685262024402618 0.685096025466919 -9999 -9999
0.476720988750458 0.481781005859375 0.606065988540649 0.456196010112762 0.496495008468628 0.352443009614944 0.429612010717392 0.541127026081085 0.555548012256622 0.573089003562927 0.481633991003036 0.569616973400116 0.587130010128021 0.634519994258881 0.590651988983154 0.45346200466156 0.484012991189957 0.478307992219925 0.474893987178802 0.472676992416382 0.609556019306183 0.542928993701935 0.602015972137451 0.594142973423004 0.559471011161804 0.56071400642395 0.590000987052917 0.53286600112915 0.649420022964478 0.61082398891449 0.657581984996796 0.580092012882233 0.597297012805939 0.624804973602295 0.629235982894897 0.642180979251862 0.636327028274536 0.634496986865997 0.654679000377655 0.664386987686157 0.668924987316132 0.678647994995117 0.678152024745941 0.681550025939941 0.683592021465302 0.683586001396179 0.683970987796783 0.686550974845886 0.688614010810852 0.682949006557465 0.685495018959045 -9999
0.432316988706589 0.515071988105774 0.538902997970581 0.367725014686584 0.414068013429642 0.413518995046616 0.475769013166428 0.51103800535202 0.514997005462646 0.652441024780273 0.610989987850189 0.597894012928009 0.596776008605957 0.628995001316071 0.546808004379272 0.577862977981567 0.504710018634796 0.516758978366852 0.531075000762939 0.561125993728638 0.523629009723663 0.639536023139954 0.604731023311615 0.582168996334076 0.533415019512177 0.524601995944977 0.500868022441864 0.504581987857819 0.596415996551514 0.575039982795715 0.558627009391785 0.564563989639282 0.556159019470215 0.540856003761292 0.58085298538208 0.611276984214783 0.64647102355957 0.647921979427338 0.662621021270752 0.66737699508667 0.670083999633789 0.669583022594452 0.667487978935242 0.671218991279602 0.673969984054565 0.672119975090027 0.677893996238708 0.673079013824463 0.685400009155273 0.689911007881165 0.685495018959045 0.68681800365448
0.441026002168655 0.435999006032944 0.427157014608383 0.494379997253418 0.422039985656738 0.479263991117477 0.56045401096344 0.557687997817993 0.562457025051117 0.611208975315094 0.523239016532898 0.527311980724335 0.575545012950897 0.518001973628998 0.58924001455307 0.460189014673233 0.567161977291107 0.586238026618958 0.537461996078491 0.594745993614197 0.623664021492004 0.599106013774872 0.638409972190857 0.624275982379913 0.577984988689423 0.613463997840881 0.599487006664276 0.572135984897614 0.546832025051117 0.484833985567093 0.567180991172791 0.582319021224976 0.63071197271347 0.636533975601196 0.624752998352051 0.637790977954865 0.635152995586395 0.609579026699066 0.615998029708862 0.62320601940155 0.628333985805511 0.634701013565063 0.656153976917267 0.656805992126465 0.667367994785309 0.664021015167236 0.632781982421875 0.663266003131866 0.679888010025024 0.682196021080017 0.67024701833725 0.68072098493576
0.52741402387619 0.424632996320724 0.469913005828857 0.444918006658554 0.535107016563416 0.594572007656097 0.451873987913132 0.464632987976074 0.541343986988068 0.538543999195099 0.494966000318527 0.580788016319275 0.624633014202118 0.606289982795715 0.647756993770599 0.595646977424622 0.521930992603302 0.530310988426208 0.512055993080139 0.610192000865936 0.579357028007507 0.603531002998352 0.662748992443085 0.651135981082916 0.636892020702362 0.595100998878479 0.568862020969391 0.599740028381348 0.450545012950897 0.520002007484436 0.515609979629517 0.510646998882294 0.518383979797363 0.585497975349426 0.598016023635864 0.612389981746674 0.616403996944427 0.606786012649536 0.598711013793945 0.595701992511749 0.588894009590149 0.579057991504669 0.600489974021912 0.635980010032654 0.621996998786926 0.59393697977066 0.644497990608215 0.614603996276855 0.644024014472961 0.646961987018585 0.652078986167908 0.669421017169952
0.380362987518311 0.432197988033295 0.408603996038437 0.522889018058777 0.589648008346558 0.513369977474213 0.43257200717926 0.450520992279053 0.398900002241135 0.575549006462097 0.452850013971329 0.33713099360466 0.420628994703293 0.470243006944656 0.591668009757996 0.59087198972702 0.600843012332916 0.595941007137299 0.61711597442627 0.529276013374329 0.579324007034302 0.537519991397858 0.545334994792938 0.632523000240326 0.58201801776886 0.595131993293762 0.581412017345428 0.508352994918823 0.505894005298615 0.638090014457703 0.664520978927612 0.611930012702942 0.54695600271225 0.548193991184235 0.546634018421173 0.587736010551453 0.593065023422241 0.612986028194427 0.592867970466614 0.595290005207062 0.628458976745605 0.597714006900787 0.561278998851776 0.583512008190155 0.580385982990265 0.647050976753235 0.629597008228302 0.67619001865387 0.627775013446808 0.65861302614212 0.651165008544922 0.656210005283356
0.458434998989105 0.346812009811401 0.401587009429932 0.367751985788345 0.311975002288818 0.494863986968994 0.485828012228012 0.36396199464798 0.55976402759552 0.373259991407394 0.442173004150391 0.392219990491867 0.354779005050659 0.34646201133728 0.418148994445801 0.399598985910416 0.475414007902145 0.463070005178452 0.530115008354187 0.537140011787415 0.461854994297028 0.531090974807739 0.602510988712311 0.596893012523651 0.642530977725983 0.563431024551392 0.59247100353241 0.510646998882294 0.582798004150391 0.632404983043671 0.675145983695984 0.658495008945465 0.608150005340576 0.586525022983551 0.602070987224579 0.522274017333984 0.618077993392944 0.554261028766632 0.576689004898071 0.609947979450226 0.639872014522552 0.632808029651642 0.646694004535675 0.612977981567383 0.613398015499115 0.65879899263382 0.601854979991913 0.622222006320953 0.666073024272919 0.625761985778809 0.650889992713928 0.657360017299652
0.430160999298096 0.394829005002975 0.356251001358032 0.458422005176544 0.291334986686707 0.339904010295868 0.53669399023056 0.519659996032715 0.396512001752853 0.491667985916138 0.555206000804901 0.462610989809036 0.443884998559952 0.607294023036957 0.402184009552002 0.38272100687027 0.419654011726379 0.407965004444122 0.429136991500854 0.569949984550476 0.478832006454468 0.490379989147186 0.481016010046005 0.539694011211395 0.530332982540131 0.554718017578125 0.564855992794037 0.488644003868103 0.604224026203156 0.63128000497818 0.656198024749756 0.666476011276245 0.585752010345459 0.564877986907959 0.588595986366272 0.592536985874176 0.590223014354706 0.573212027549744 0.552954971790314 0.613852024078369 0.632084012031555 0.65904700756073 0.645703017711639 0.623417973518372 0.618779003620148 0.543618023395538 0.538106024265289 0.553372025489807 0.591443002223969 0.57746297121048 0.641770005226135 0.644110977649689
0.436408013105392 0.466053992509842 0.444420993328094 0.566295027732849 0.46526500582695 0.327960014343262 0.555113971233368 0.421698004007339 0.463189989328384 0.468355000019073 0.384443014860153 0.501308023929596 0.486541986465454 0.424609988927841 0.492751002311707 0.510827004909515 0.539865016937256 0.527622997760773 0.481597006320953 0.561845004558563 0.490471988916397 0.476447999477386 0.527522027492523 0.467871993780136 0.536710023880005 0.520144999027252 0.487295001745224 0.51952201128006 0.550624012947083 0.631429970264435 0.628435015678406 0.643175005912781 0.616290986537933 0.602078974246979 0.558492004871368 0.522036015987396 0.604559004306793 0.576484024524689 0.577925980091095 0.532664000988007 0.619930028915405 0.638126015663147 0.616819977760315 0.617829978466034 0.580928981304169 0.599188029766083 0.563688993453979 0.423972010612488 0.65938001871109 0.609924972057343 0.585781991481781 0.577315986156464
