Pteronotus_quadridens.asc
ncols  804
nrows  378
xllcorner  -74.6418056
yllcorner  17.2248604
cellsize 0.00833333370646766
NODATA_value  -9999
[rows 138 to 160 of 378, columns 416 to 467 of 804]
0.204720005393028 0.289752990007401 0.232545003294945 0.240299001336098 0.153320997953415 0.230303004384041 0.227662995457649 0.205884993076324 0.286736994981766 0.399939000606537 0.240707993507385 0.143050998449326 0.33534300327301 0.176622003316879 0.231276005506516 0.224107995629311 0.259032011032104 0.192560002207756 0.333983987569809 0.338418006896973 0.441013991832733 0.22800800204277 0.441271990537643 0.304996997117996 0.217333003878593 0.242385998368263 0.328693002462387 0.454493999481201 0.444934993982315 0.404862999916077 0.369572997093201 0.399580985307693 0.357291996479034 0.367996007204056 0.40880098938942 0.370474010705948 0.424995988607407 0.374933004379272 0.268819004297256 0.363783985376358 0.303743004798889 0.363106995820999 0.268454998731613 0.377676010131836 0.424915999174118 0.461640000343323 0.369717985391617 0.391690999269485 0.362271994352341 0.387210011482239 0.396838992834091 0.433203011751175
0.29831999540329 0.208886995911598 0.247078999876976 0.208537995815277 0.10750699788332 0.295408993959427 0.178452000021935 0.345858991146088 0.332334011793137 0.335961997509003 0.203905001282692 0.25857600569725 0.251046001911163 0.201547995209694 0.209450006484985 0.206624999642372 0.267473012208939 0.331312000751495 0.193193003535271 0.392996996641159 0.389728993177414 0.304807007312775 0.183804005384445 0.133156999945641 0.17985400557518 0.310525000095367 0.381608992815018 0.38952100276947 0.38959801197052 0.371445000171661 0.334616988897324 0.367731988430023 0.362969994544983 0.394039988517761 0.442656010389328 0.442528009414673 0.346599012613297 0.315311014652252 0.328823000192642 0.338672995567322 0.324891000986099 0.290365010499954 0.353017002344131 0.280855000019073 0.465835988521576 0.488050013780594 0.49626898765564 0.479802012443542 0.380228012800217 0.367190003395081 0.506465971469879 0.407781988382339
0.247996002435684 0.201440006494522 0.21909299492836 0.211337998509407 0.108038000762463 0.282357007265091 0.210618004202843 0.123842999339104 0.198360994458199 0.381940990686417 0.249693006277084 0.164683997631073 0.196511998772621 0.183608993887901 0.276576995849609 0.281383007764816 0.182969003915787 0.39954200387001 0.273337006568909 0.164142996072769 0.451631009578705 0.313937991857529 0.137107998132706 0.250021010637283 0.421220004558563 0.403055995702744 0.384575992822647 0.410564988851547 0.37916299700737 0.39715701341629 0.319972008466721 0.353801012039185 0.404653012752533 0.430294007062912 0.443569004535675 0.404659003019333 0.317748993635178 0.382017999887466 0.43825900554657 0.412319004535675 0.241813004016876 0.283266007900238 0.306461006402969 0.368914008140564 0.280431002378464 0.443060010671616 0.410061985254288 0.365868985652924 0.434410989284515 0.417492002248764 0.411291986703873 0.493001013994217
0.201467007398605 0.192479997873306 0.154850006103516 0.264701992273331 0.101937003433704 0.301510006189346 0.150545001029968 0.244319006800652 0.0985333994030952 0.182983994483948 0.199944004416466 0.152566000819206 0.247769996523857 0.223550006747246 0.258201986551285 0.267147988080978 0.230522006750107 0.202801004052162 0.354129999876022 0.320060014724731 0.16967399418354 0.215461000800133 0.405842989683151 0.270857989788055 0.297131985425949 0.258850008249283 0.242283999919891 0.300936013460159 0.383074998855591 0.325893014669418 0.405416011810303 0.398874014616013 0.398562997579575 0.423552006483078 0.428642988204956 0.349471986293793 0.367206990718842 0.278742998838425 0.293489992618561 0.297710001468658 0.231922999024391 0.304785996675491 0.392226994037628 0.328319996595383 0.495543003082275 0.396634012460709 0.370907008647919 0.347182005643845 0.425087004899979 0.407837986946106 0.360641002655029 0.536574006080627
0.344130992889404 0.211179003119469 0.215858995914459 0.273093998432159 0.110184997320175 0.147960007190704 0.176578998565674 0.176323994994164 0.195520997047424 0.135802000761032 0.272704988718033 0.128102004528046 0.169216006994247 0.371625989675522 0.381393998861313 0.389988988637924 0.37508299946785 0.174189999699593 0.164619997143745 0.286866009235382 0.203648000955582 0.26290899515152 0.256157994270325 0.206718996167183 0.299555003643036 0.302177011966705 0.235350996255875 0.226227000355721 0.324407994747162 0.296178996562958 0.318224996328354 0.175570994615555 0.196446001529694 0.381309002637863 0.435258001089096 0.414454996585846 0.303117007017136 0.357443988323212 0.327125012874603 0.307987987995148 0.274084985256195 0.299519002437592 0.344287008047104 0.371084988117218 0.392336010932922 0.345355987548828 0.332695007324219 0.448484987020493 0.3838250041008 0.361425995826721 0.33611598610878 0.423803001642227
0.279538989067078 0.189348995685577 0.275891005992889 0.174711003899574 0.113228999078274 0.110455997288227 0.173241004347801 0.193771004676819 0.153393000364304 0.15522900223732 0.169063001871109 0.104925997555256 0.244407996535301 0.150617003440857 0.293083995580673 0.298123002052307 0.129148006439209 0.252483993768692 0.317140996456146 0.182952001690865 0.12007799744606 0.261020004749298 0.220100998878479 0.326196014881134 0.218716993927956 0.332273989915848 0.381361991167068 0.215898007154465 0.241913005709648 0.207756996154785 0.16728700697422 0.202032998204231 0.208856999874115 0.176179006695747 0.315367996692657 0.386052995920181 0.259865999221802 0.406886994838715 0.268296986818314 0.328604996204376 0.320286989212036 0.359021008014679 0.359470009803772 0.485518991947174 0.341500014066696 0.370225995779037 0.436949014663696 0.436403006315231 0.394856989383698 0.423328012228012 0.409184008836746 0.303822994232178
0.171430006623268 0.249709993600845 0.134157001972198 0.157826006412506 0.168469995260239 0.0969735011458397 0.241223007440567 0.190071001648903 0.192819997668266 0.238076999783516 0.179024994373322 0.155980005860329 0.29865100979805 0.112043999135494 0.148884996771812 0.152979001402855 0.238461002707481 0.143709003925323 0.1492870002985 0.246628001332283 0.122262999415398 0.185173004865646 0.332641005516052 0.161753997206688 0.290248990058899 0.204830005764961 0.287454009056091 0.4252789914608 0.227247998118401 0.276508003473282 0.440261006355286 0.280012011528015 0.219906002283096 0.272810012102127 0.308030992746353 0.240642994642258 0.281298995018005 0.302495002746582 0.466540992259979 0.306605994701385 0.420262008905411 0.327286005020142 0.26800799369812 0.385558992624283 0.430761992931366 0.507192015647888 0.459264993667603 0.456528007984161 0.446595996618271 0.41517099738121 0.352820008993149 0.376134008169174
0.171657994389534 0.261393994092941 0.227696001529694 0.187358006834984 0.172339007258415 0.280304998159409 0.131788000464439 0.271164000034332 0.41279399394989 0.239061996340752 0.368721008300781 0.266739994287491 0.217032998800278 0.122391000390053 0.160689994692802 0.166290998458862 0.251331001520157 0.325026005506516 0.231441006064415 0.193826004862785 0.252243012189865 0.219190999865532 0.204358994960785 0.242982000112534 0.196713000535965 0.279924988746643 0.161741003394127 0.264301002025604 0.296929001808167 0.413509994745255 0.31504100561142 0.295450985431671 0.333613991737366 0.34943100810051 0.281906992197037 0.326009005308151 0.273665994405746 0.364243000745773 0.363067001104355 0.324591994285583 0.353406012058258 0.287598997354507 0.325453996658325 0.282916992902756 0.294248014688492 0.336308985948563 0.440694004297256 0.458898991346359 0.480102002620697 0.451124995946884 0.408735007047653 0.474472999572754
0.284096986055374 0.299854010343552 0.289911985397339 0.385325014591217 0.347896993160248 0.279491990804672 0.236268997192383 0.14750200510025 0.11905600130558 0.1856389939785 0.196988001465797 0.16745600104332 0.200133994221687 0.2221470028162 0.210760995745659 0.21679399907589 0.264248996973038 0.207000002264977 0.32311600446701 0.256918013095856 0.284875005483627 0.187964007258415 0.22732999920845 0.22265200316906 0.199820995330811 0.427533000707626 0.265058994293213 0.324750989675522 0.361669987440109 0.358588010072708 0.296864002943039 0.359017997980118 0.257158994674683 0.246399998664856 0.297345012426376 0.422120988368988 0.254712998867035 0.290428996086121 0.452118992805481 0.254361003637314 0.307076007127762 0.318755000829697 0.37830001115799 0.426593005657196 0.490303009748459 0.35708099603653 0.357699006795883 0.368155986070633 0.401347011327744 0.496264010667801 0.521629989147186 0.4966079890728
0.287274986505508 0.344348013401031 0.255816996097565 0.174223005771637 0.268242001533508 0.32354199886322 0.311717003583908 0.329391002655029 0.235227003693581 0.300047993659973 0.178269997239113 0.147532001137733 0.180050000548363 0.270348012447357 0.201743006706238 0.204866006970406 0.29221698641777 0.314628005027771 0.208148002624512 0.278477996587753 0.158274993300438 0.20210799574852 0.22545300424099 0.209096997976303 0.34325298666954 0.29822900891304 0.285865008831024 0.481328994035721 0.369697988033295 0.289209008216858 0.317963004112244 0.195021003484726 0.161531999707222 0.324155986309052 0.243939995765686 0.356092005968094 0.317833989858627 0.289267003536224 0.272251009941101 0.402455985546112 0.293006986379623 0.341805994510651 0.355803996324539 0.401614010334015 0.415423005819321 0.414050996303558 0.449268013238907 0.447470009326935 0.451586991548538 0.458523988723755 0.457179009914398 0.51929497718811
0.180098995566368 0.21620100736618 0.197891995310783 0.207442000508308 0.149797007441521 0.145092993974686 0.203992992639542 0.235774993896484 0.240723997354507 0.343118995428085 0.315486997365952 0.252934008836746 0.183281004428864 0.132796004414558 0.191276997327805 0.19378000497818 0.182826995849609 0.201911002397537 0.257153987884521 0.264216989278793 0.1406240016222 0.182566002011299 0.220622003078461 0.230900004506111 0.326074004173279 0.262207001447678 0.297618001699448 0.220491006970406 0.345627993345261 0.217412993311882 0.175229996442795 0.175555005669594 0.325215011835098 0.194704994559288 0.318572998046875 0.259124010801315 0.364771008491516 0.333007007837296 0.274394989013672 0.340063005685806 0.346136003732681 0.363902002573013 0.385664999485016 0.324032992124557 0.334100008010864 0.354240000247955 0.38910299539566 0.338647991418839 0.353361010551453 0.415585994720459 0.425164014101028 0.459627985954285
0.182851001620293 0.126735001802444 0.249571993947029 0.282876014709473 0.209112003445625 0.135003000497818 0.1283999979496 0.15005099773407 0.128860995173454 0.213783994317055 0.301981985569 0.158415004611015 0.34136500954628 0.327986001968384 0.267397999763489 0.269270986318588 0.270877987146378 0.313847005367279 0.321332007646561 0.201753005385399 0.194146007299423 0.231514006853104 0.295343995094299 0.400402009487152 0.307642012834549 0.346464991569519 0.388626992702484 0.201320007443428 0.247398003935814 0.203119993209839 0.273647993803024 0.321866989135742 0.198315992951393 0.286644995212555 0.313196986913681 0.225227996706963 0.255071014165878 0.309540987014771 0.305700987577438 0.256334990262985 0.40345299243927 0.297439008951187 0.363267004489899 0.335258007049561 0.341221988201141 0.29552099108696 0.385991007089615 0.301661998033524 0.330466985702515 0.38790100812912 0.405324995517731 0.444458991289139
0.109182998538017 0.101442001760006 0.190578997135162 0.250726997852325 0.244247004389763 0.292863011360168 0.271391004323959 0.271131992340088 0.187543004751205 0.142366006970406 0.151499003171921 0.239024996757507 0.169529005885124 0.151821002364159 0.224566996097565 0.219679996371269 0.303591012954712 0.367125004529953 0.202327996492386 0.328272998332977 0.210802003741264 0.173789992928505 0.16541500389576 0.244012996554375 0.25722199678421 0.366921991109848 0.286743998527527 0.331335991621017 0.205739006400108 0.274408996105194 0.287750989198685 0.306032985448837 0.295652002096176 0.341935008764267 0.181753993034363 0.189343005418777 0.232547998428345 0.255899012088776 0.286576002836227 0.308692991733551 0.382858008146286 0.437900006771088 0.390294998884201 0.397038012742996 0.389889985322952 0.401641011238098 0.316839009523392 0.396827012300491 0.293953001499176 0.333415985107422 0.418677985668182 0.412221014499664
0.255017012357712 0.127994000911713 0.112103998661041 0.194676995277405 0.157726004719734 0.2379419952631 0.232949003577232 0.239518001675606 0.199925005435944 0.162979006767273 0.225950002670288 0.224076002836227 0.166519001126289 0.173877000808716 0.188613995909691 0.18367600440979 0.19700700044632 0.26469698548317 0.243235006928444 0.212594002485275 0.248102992773056 0.298411995172501 0.144863992929459 0.219803005456924 0.272552013397217 0.186850994825363 0.242767006158829 0.30799999833107 0.326656997203827 0.244771003723145 0.236907005310059 0.256653994321823 0.217485994100571 0.194078996777534 0.212175995111465 0.243772000074387 0.200497001409531 0.230609998106956 0.366138994693756 0.279855012893677 0.365294992923737 0.358496010303497 0.308746010065079 0.283439010381699 0.369969010353088 0.380712985992432 0.453224986791611 0.39445298910141 0.432770997285843 0.350468993186951 0.363662004470825 0.312714010477066
0.239114999771118 0.275175005197525 0.224377006292343 0.236374005675316 0.248759001493454 0.360073000192642 0.255219995975494 0.321790993213654 0.273072004318237 0.261918991804123 0.352782011032104 0.175320997834206 0.317066997289658 0.281287997961044 0.207110002636909 0.198906004428864 0.186841994524002 0.274011999368668 0.204687997698784 0.284868001937866 0.159597992897034 0.244044005870819 0.247611999511719 0.197824001312256 0.181565999984741 0.316682010889053 0.362452000379562 0.42221799492836 0.26706600189209 0.399394989013672 0.344233989715576 0.402125000953674 0.367244988679886 0.305240005254745 0.358072996139526 0.43088498711586 0.395772993564606 0.317867994308472 0.393858999013901 0.381958991289139 0.2066850066185 0.321215987205505 0.307929992675781 0.291049987077713 0.344276994466782 0.31988799571991 0.306109011173248 0.344098001718521 0.296763986349106 0.360457986593246 0.392214000225067 0.479050993919373
0.179563000798225 0.177604004740715 0.198165997862816 0.2117830067873 0.1302639991045 0.262755006551743 0.194709002971649 0.276946991682053 0.300561010837555 0.305447995662689 0.230700999498367 0.200472995638847 0.151186004281044 0.181747004389763 0.294254004955292 0.281192988157272 0.219983994960785 0.153659999370575 0.278209000825882 0.277745008468628 0.345086008310318 0.187869995832443 0.166102007031441 0.29967600107193 0.259402990341187 0.314772993326187 0.355011999607086 0.249674007296562 0.28371599316597 0.197041004896164 0.184761002659798 0.197852000594139 0.189061000943184 0.249546006321907 0.353298008441925 0.18834300339222 0.232519999146461 0.206128001213074 0.367339998483658 0.161381006240845 0.245089992880821 0.352313011884689 0.280948013067245 0.383906006813049 0.404139012098312 0.423776000738144 0.357493013143539 0.339536011219025 0.36141300201416 0.395754992961884 0.346206992864609 0.302888989448547
0.175203993916512 0.174050003290176 0.195195004343987 0.211673006415367 0.128683999180794 0.258096992969513 0.191552996635437 0.272119998931885 0.291512995958328 0.296469986438751 0.224759995937347 0.197127997875214 0.148238003253937 0.177147999405861 0.288944005966187 0.277723014354706 0.219612002372742 0.153669998049736 0.273416996002197 0.271542012691498 0.336100995540619 0.186591997742653 0.166651993989944 0.299699008464813 0.257690995931625 0.318002998828888 0.358776986598969 0.254821985960007 0.289954006671906 0.198817998170853 0.185014992952347 0.195124000310898 0.188033998012543 0.248791992664337 0.353137999773026 0.190007001161575 0.235937997698784 0.209047004580498 0.368252009153366 0.162266999483109 0.244624003767967 0.346794009208679 0.277711987495422 0.376884996891022 0.394854992628098 0.41253799200058 0.342860996723175 0.326106995344162 0.345546007156372 0.375068008899689 0.32990500330925 0.290652990341187
0.282997995615005 0.272918999195099 0.230682000517845 0.179891005158424 0.161667004227638 0.264375001192093 0.165400996804237 0.251464009284973 0.274951010942459 0.334796011447906 0.184396997094154 0.209883004426956 0.20116800069809 0.195107996463776 0.233410999178886 0.227274000644684 0.298974007368088 0.208961993455887 0.164268001914024 0.240347996354103 0.321391999721527 0.207341998815536 0.155849993228912 0.169449001550674 0.241726994514465 0.290322989225388 0.367870986461639 0.26155099272728 0.232010006904602 0.262618988752365 0.294607996940613 0.375030994415283 0.342150986194611 0.188960000872612 0.164749994874001 0.161695003509521 0.288356989622116 0.289844006299973 0.324319988489151 0.218605995178223 0.330336004495621 0.342703014612198 0.38391101360321 0.40599599480629 0.372224986553192 0.353715002536774 0.370864987373352 0.447380006313324 0.453996986150742 0.431066989898682 0.46662300825119 0.390661001205444
0.212771996855736 0.230864003300667 0.225262001156807 0.186923995614052 0.210702002048492 0.298395991325378 0.206754997372627 0.16873699426651 0.224878996610641 0.255961000919342 0.232399001717567 0.322387993335724 0.169560998678207 0.23581799864769 0.227441996335983 0.22257299721241 0.224971994757652 0.369852006435394 0.266763001680374 0.128117993474007 0.184385001659393 0.175683006644249 0.140594005584717 0.138622000813484 0.180981993675232 0.287643998861313 0.346486002206802 0.206233993172646 0.274614006280899 0.335117995738983 0.254956990480423 0.236704006791115 0.253096014261246 0.249101996421814 0.371214002370834 0.393321990966797 0.296211004257202 0.411543011665344 0.290890008211136 0.365330994129181 0.395033001899719 0.373158991336823 0.34893199801445 0.410468995571136 0.408749997615814 0.408764988183975 0.388534009456635 0.324281990528107 0.37874299287796 0.362989991903305 0.432817995548248 0.360749989748001
0.283509999513626 0.218186005949974 0.225952997803688 0.18622399866581 0.169508993625641 0.168408006429672 0.366286993026733 0.179539993405342 0.307893991470337 0.293945997953415 0.261355996131897 0.268743991851807 0.318226993083954 0.161148995161057 0.191926002502441 0.187866002321243 0.152997002005577 0.268593013286591 0.20856599509716 0.218357995152473 0.0784396976232529 0.181062996387482 0.249748006463051 0.157644003629684 0.191828995943069 0.165185004472733 0.194159001111984 0.217184007167816 0.216036006808281 0.336755007505417 0.286709010601044 0.324119985103607 0.344377994537354 0.338328987360001 0.284146010875702 0.344554007053375 0.367404997348785 0.360689997673035 0.427935987710953 0.335348010063171 0.337027013301849 0.405869007110596 0.253446012735367 0.296097010374069 0.348652005195618 0.40251699090004 0.296721011400223 0.282626003026962 0.290888011455536 0.33822301030159 0.402642011642456 0.3524149954319
0.265127003192902 0.270803987979889 0.25271999835968 0.234899997711182 0.194968998432159 0.195034995675087 0.254638999700546 0.306850999593735 0.247305005788803 0.245931997895241 0.24354399740696 0.305716991424561 0.267091989517212 0.334605008363724 0.177094995975494 0.174347996711731 0.137630000710487 0.195045992732048 0.231185004115105 0.129360005259514 0.188207000494003 0.113727003335953 0.157934993505478 0.137781992554665 0.132310003042221 0.228572994470596 0.127061992883682 0.155845999717712 0.161221995949745 0.272991001605988 0.265177994966507 0.249265998601913 0.305171996355057 0.263431996107101 0.321601986885071 0.379202991724014 0.380780011415482 0.40446001291275 0.276255995035172 0.295886009931564 0.346956998109818 0.412281006574631 0.337211012840271 0.230886995792389 0.300897002220154 0.319418013095856 0.265677988529205 0.329508990049362 0.339879006147385 0.303705006837845 0.268528014421463 0.387822985649109
0.26425701379776 0.339890986680984 0.246141001582146 0.284777998924255 0.242887005209923 0.174067005515099 0.243187993764877 0.318715989589691 0.299674987792969 0.252433001995087 0.240648001432419 0.236065000295639 0.194092005491257 0.142802998423576 0.34723499417305 0.346473008394241 0.11319799721241 0.170123994350433 0.221623003482819 0.16949300467968 0.214265003800392 0.129373997449875 0.128920003771782 0.16533400118351 0.154759004712105 0.127562999725342 0.333362996578217 0.127527996897697 0.138095006346703 0.145930007100105 0.235915005207062 0.155239000916481 0.217544004321098 0.383554995059967 0.322149991989136 0.316650003194809 0.267060995101929 0.34510800242424 0.306683987379074 0.354476004838943 0.324544996023178 0.365249007940292 0.493523001670837 0.288419008255005 0.336407989263535 0.284144014120102 0.412315011024475 0.246047005057335 0.369255989789963 0.298806995153427 0.286336988210678 0.343735009431839
0.218609005212784 0.230817005038261 0.304755002260208 0.238284006714821 0.251166999340057 0.166063994169235 0.224469006061554 0.343995988368988 0.336728006601334 0.300172001123428 0.244719997048378 0.283214002847672 0.272787988185883 0.196004003286362 0.218484997749329 0.22002699971199 0.225876003503799 0.134620994329453 0.161399006843567 0.100620001554489 0.10963299870491 0.123851999640465 0.133654996752739 0.153520002961159 0.351691007614136 0.228190004825592 0.099651001393795 0.150255993008614 0.364710986614227 0.26147198677063 0.131010994315147 0.172850996255875 0.213540002703667 0.312646001577377 0.413594007492065 0.346316993236542 0.308504998683929 0.317158997058868 0.393936991691589 0.36395400762558 0.369349986314774 0.328491985797882 0.37167501449585 0.30425700545311 0.315185993909836 0.380686014890671 0.300980001688004 0.333324998617172 0.22563399374485 0.374828010797501 0.351455986499786 0.306674987077713
