Pteronotus_pusillus.asc
ncols  804
nrows  378
xllcorner  -74.6418056
yllcorner  17.2248604
cellsize 0.00833333370646766
NODATA_value  -9999
[rows 69 to 91 of 378, columns 260 to 311 of 804]
0.214732006192207 0.352871000766754 0.265413999557495 0.37432000041008 0.531763970851898 0.419847011566162 0.457661986351013 0.470522999763489 0.520929992198944 0.52488499879837 0.524150013923645 0.517068028450012 0.520451009273529 -9999 -9999 -9999 -9999 -9999 -9999 -9999 -9999 -9999 -9999 -9999 -9999 -9999 -9999 -9999 -9999 -9999 -9999 -9999 -9999 -9999 -9999 -9999 -9999 -9999 -9999 -9999 -9999 -9999 -9999 -9999 -9999 -9999 -9999 -9999 -9999 -9999 -9999 -9999
0.279047012329102 0.360038995742798 0.331335991621017 0.307455003261566 0.524836003780365 0.407030999660492 0.368077993392944 0.399841010570526 0.529695987701416 0.526580989360809 0.526004016399384 0.524183988571167 0.515955984592438 0.50841099023819 0.481162011623383 -9999 -9999 -9999 -9999 -9999 -9999 -9999 -9999 -9999 -9999 -9999 0.520439982414246 0.493501007556915 0.36505600810051 0.383264988660812 0.23165600001812 0.364748001098633 0.374128013849258 0.37236499786377 0.340599000453949 -9999 -9999 -9999 -9999 -9999 -9999 -9999 -9999 -9999 -9999 -9999 -9999 -9999 -9999 -9999 -9999 -9999
0.288188993930817 0.296938002109528 0.263368010520935 0.352887988090515 0.485343992710114 0.327123999595642 0.464302986860275 0.339515000581741 0.459176003932953 0.524518013000488 0.523347973823547 0.524038970470428 0.413001000881195 0.425666004419327 0.497590988874435 0.483882009983063 -9999 -9999 -9999 -9999 -9999 -9999 -9999 -9999 -9999 0.519379019737244 0.380291998386383 0.35173299908638 0.337891012430191 0.201867997646332 0.237525001168251 0.300318002700806 0.389198988676071 0.327506989240646 0.440573006868362 -9999 -9999 -9999 -9999 -9999 -9999 -9999 -9999 -9999 -9999 -9999 -9999 -9999 -9999 -9999 -9999 -9999
0.286668986082077 0.310066014528275 0.375036001205444 0.517665982246399 0.52133697271347 0.477631986141205 0.344866007566452 0.450509995222092 0.487246006727219 0.522522985935211 0.522231996059418 0.404846996068954 0.374265998601913 0.288780987262726 0.362565994262695 0.500360012054443 0.521054983139038 -9999 0.526314973831177 0.461578011512756 -9999 -9999 0.475585013628006 -9999 -9999 0.37034198641777 0.327666997909546 0.191387996077538 0.255176991224289 0.318897992372513 0.20948900282383 0.195219993591309 0.351960986852646 0.446040987968445 -9999 -9999 -9999 -9999 -9999 -9999 -9999 -9999 -9999 -9999 -9999 -9999 -9999 -9999 -9999 -9999 -9999 -9999
0.417611002922058 0.514281988143921 0.474202990531921 0.517139971256256 0.46577000617981 0.448251008987427 0.447221010923386 0.491465985774994 0.524123013019562 0.481478989124298 0.480305999517441 0.388947993516922 0.307402014732361 0.484961003065109 0.282339990139008 0.359228998422623 0.517509996891022 -9999 0.457417011260986 0.527125000953674 0.336145013570786 0.357746005058289 0.324555993080139 0.301001995801926 0.327524989843369 0.260141998529434 0.246751993894577 0.242026999592781 0.298866003751755 0.259431004524231 0.169715002179146 0.303591012954712 0.427996009588242 0.497610002756119 -9999 -9999 -9999 -9999 -9999 -9999 -9999 -9999 -9999 -9999 -9999 -9999 -9999 -9999 -9999 -9999 -9999 -9999
0.474905997514725 0.504725992679596 0.468807995319366 0.481317013502121 0.445385009050369 0.502996027469635 0.433952003717422 0.515570998191833 0.515455007553101 0.396465986967087 0.397814989089966 0.332284986972809 0.370139002799988 0.30825400352478 0.339727014303207 0.497195988893509 0.518076002597809 0.516149997711182 0.519048988819122 0.32532399892807 0.348199993371964 0.364282995462418 0.286062985658646 0.216667994856834 0.354880005121231 0.32166600227356 0.277336001396179 0.494076997041702 0.226918995380402 0.154351994395256 0.277783006429672 0.431217014789581 0.485947996377945 0.502481997013092 -9999 -9999 -9999 0.499996989965439 0.499882012605667 0.501886010169983 0.499839007854462 -9999 -9999 -9999 -9999 -9999 -9999 -9999 -9999 -9999 -9999 -9999
0.310900002717972 0.424127012491226 0.50714498758316 0.518980979919434 0.497114986181259 0.482183992862701 0.48047798871994 0.521162986755371 0.41652500629425 0.379034012556076 0.386763989925385 0.363698989152908 0.435501992702484 0.28846600651741 0.419542998075485 0.483915001153946 0.509038984775543 0.518127977848053 0.468281000852585 0.422080993652344 0.320571005344391 0.304814010858536 0.254900008440018 0.188638001680374 0.222978994250298 0.298135995864868 0.285542994737625 0.16991500556469 0.173292994499207 0.239938005805016 0.397181987762451 0.486034005880356 0.505918979644775 0.50034099817276 -9999 0.49957001209259 0.502574026584625 0.498769998550415 0.499199002981186 0.498356014490128 0.499848991632462 0.496372997760773 -9999 -9999 -9999 -9999 -9999 -9999 -9999 -9999 -9999 -9999
0.315338999032974 0.433301001787186 0.517949998378754 0.52224600315094 0.496111989021301 0.481507986783981 0.476161986589432 0.516411006450653 0.412425011396408 0.376457989215851 0.379581987857819 0.357376992702484 0.433802992105484 0.286186009645462 0.416220992803574 0.480475008487701 0.505391001701355 0.515119016170502 0.46738201379776 0.421312987804413 0.315234005451202 0.293094009160995 0.244948998093605 0.179075002670288 0.217911005020142 0.294735997915268 0.281397998332977 0.162830993533134 0.167895004153252 0.232557997107506 0.391680002212524 0.484131991863251 0.505519986152649 0.499523013830185 0.498997002840042 0.499720007181168 0.500631988048553 0.496309012174606 0.497689992189407 0.496852993965149 0.498663008213043 0.494257003068924 0.494275003671646 -9999 -9999 -9999 -9999 -9999 -9999 -9999 0.495108991861343 0.492074996232986
0.504459023475647 0.301930993795395 0.386350005865097 0.485145002603531 0.42519798874855 0.494114011526108 0.467399001121521 0.520290970802307 0.436560988426208 0.402850985527039 0.403923988342285 0.320585995912552 0.513535022735596 0.271968007087708 0.415482014417648 0.481581002473831 0.497269988059998 -9999 0.511090993881226 0.438035994768143 0.380151003599167 0.416366010904312 0.370305001735687 0.323269009590149 0.250775009393692 0.228229999542236 0.190103992819786 0.216165006160736 0.275929987430573 0.3802590072155 0.477699995040894 0.506729006767273 0.502869009971619 0.501160979270935 0.499908000230789 0.497801005840302 0.498746007680893 0.495351999998093 0.495032012462616 0.496517986059189 0.496262013912201 0.49031999707222 0.491369009017944 0.492372989654541 0.494017988443375 0.493223011493683 0.491894990205765 0.491050004959106 0.49159899353981 0.493609994649887 0.493703007698059 0.492374002933502
0.309493005275726 0.39733698964119 0.410910993814468 0.441251993179321 0.458635002374649 0.401706993579865 0.490501999855042 0.514900982379913 0.50714898109436 0.406985014677048 0.406659990549088 0.291227996349335 0.462213009595871 0.303427010774612 0.404514998197556 0.451557993888855 0.49193599820137 -9999 -9999 0.492145001888275 0.486198991537094 0.475181013345718 0.466486006975174 0.434661000967026 0.408091992139816 0.369470000267029 0.358565002679825 0.418846994638443 0.428005009889603 0.477539986371994 0.500006020069122 0.499348014593124 0.497235000133514 0.497527003288269 0.495474994182587 0.496398001909256 0.497891992330551 0.495483994483948 0.49194198846817 0.493059992790222 0.494013011455536 0.490606993436813 0.491441011428833 0.490507990121841 0.489006996154785 0.490754008293152 0.490981012582779 0.491414994001389 0.494354993104935 0.489702999591827 0.491508007049561 0.495229005813599
0.473850011825562 0.45151099562645 0.516942977905273 0.368860989809036 0.496966004371643 0.435894012451172 0.438300997018814 0.51029497385025 0.506955981254578 0.405340999364853 0.406630992889404 0.210950002074242 0.386698007583618 0.217830002307892 0.321272999048233 0.447465002536774 0.485206991434097 0.500652015209198 -9999 0.500819027423859 0.496217995882034 0.485267013311386 0.483680993318558 0.469850987195969 0.469981014728546 0.433607012033463 0.466578990221024 0.479770988225937 0.489948987960815 0.501541972160339 0.498843014240265 0.497862011194229 0.496641993522644 0.49507001042366 0.496270000934601 0.497031986713409 0.49421301484108 0.494966000318527 0.495155990123749 0.494996011257172 0.495020002126694 0.489347994327545 0.489313006401062 0.491874009370804 0.490025997161865 0.491439014673233 0.493921011686325 0.491317987442017 0.487657994031906 0.49159899353981 0.488981008529663 0.492294996976852
0.330832988023758 0.411255985498428 0.349730014801025 0.433741003274918 0.374581009149551 0.448386996984482 0.487244009971619 0.488597005605698 0.499635994434357 0.478156000375748 0.475234985351563 0.355242013931274 0.18673999607563 0.340149998664856 0.262127995491028 0.44131600856781 0.478044003248215 0.443982988595963 0.47680601477623 0.488943010568619 0.501179993152618 0.496405988931656 0.48921599984169 0.487387001514435 0.484946995973587 0.481539011001587 0.491622000932693 0.501810014247894 0.498903006315231 0.50025600194931 0.497521013021469 0.496116012334824 0.493510991334915 0.497404992580414 0.496455997228622 0.492437988519669 0.489758998155594 0.494515985250473 0.494361996650696 0.493072003126144 0.495456993579865 0.492271989583969 0.489156007766724 0.491124004125595 0.491474986076355 0.489627987146378 0.491095989942551 0.488258987665176 0.489753991365433 0.488397002220154 0.488095998764038 0.487899005413055
0.273797005414963 0.277918994426727 0.342229008674622 0.46781998872757 0.453052997589111 0.406181007623672 0.464361995458603 0.50519198179245 0.510864019393921 0.504918992519379 0.501752972602844 0.480260014533997 0.379195988178253 0.278724014759064 0.496704012155533 0.34367099404335 0.316500008106232 0.406830012798309 0.446262001991272 0.479189991950989 0.491997003555298 0.483240008354187 0.49160099029541 0.502286970615387 0.502179980278015 0.502497971057892 0.499666005373001 0.500247001647949 0.498719990253448 0.498391002416611 0.496026009321213 0.494493007659912 0.493997991085052 0.495243012905121 0.49227499961853 0.492062985897064 0.493593007326126 0.493344008922577 0.494590997695923 0.49125000834465 0.491558998823166 0.493431985378265 0.491064012050629 0.48708701133728 0.485083013772964 0.485027998685837 0.487412989139557 0.488297998905182 0.487311989068985 0.485392987728119 0.48725301027298 0.485725998878479
0.155735999345779 0.190346002578735 0.296108990907669 0.357706993818283 0.371827989816666 0.453747987747192 0.491079986095428 0.497298985719681 0.464019000530243 0.428312987089157 0.426854014396667 0.504912972450256 0.504880011081696 0.469269990921021 0.396762013435364 0.372595012187958 0.397284001111984 0.319346994161606 0.427038013935089 0.468919008970261 0.495130985975266 0.487901002168655 0.481258004903793 0.484952986240387 0.497617989778519 0.4949049949646 0.495058000087738 0.493485003709793 0.497909009456635 0.497260987758636 0.494827002286911 0.494419991970062 0.490539014339447 0.488707005977631 0.492549002170563 0.491447985172272 0.492058008909225 0.492388993501663 0.489785999059677 0.487800002098083 0.486299991607666 0.486517012119293 0.489423990249634 0.485751986503601 0.484914004802704 0.48234099149704 0.483292013406754 0.486387014389038 0.484843999147415 0.482892006635666 0.48063200712204 0.48046600818634
0.272183001041412 0.21357099711895 0.219190999865532 0.501380980014801 0.454697996377945 0.280166000127792 0.433304011821747 0.470227986574173 0.407290995121002 0.471356987953186 0.469873011112213 0.392899990081787 0.426591008901596 0.304515987634659 0.386601001024246 0.346199989318848 0.497106999158859 0.276641994714737 0.349943995475769 0.464017987251282 0.481229990720749 0.493717014789581 0.489996999502182 0.494296997785568 0.49397400021553 0.494603991508484 0.491647005081177 0.491605013608932 0.492621004581451 0.493739008903503 0.490776985883713 0.488572001457214 0.490882009267807 0.490209013223648 0.493582010269165 0.491919010877609 0.480461001396179 0.48751100897789 0.485343009233475 0.486413985490799 0.487394988536835 0.483857005834579 0.48572900891304 0.482457011938095 0.48013699054718 0.482098013162613 0.481142997741699 0.480919003486633 0.481375992298126 0.483803987503052 0.481662005186081 0.480906993150711
0.51878297328949 0.21985000371933 0.259032011032104 0.298817992210388 0.408390998840332 0.426176995038986 0.431412011384964 0.443329989910126 0.470490992069244 0.43325200676918 0.430693000555038 0.41014701128006 0.367774993181229 0.357194989919662 0.329881012439728 0.389537006616592 0.292863994836807 0.397318989038467 0.254786998033524 0.445540010929108 0.476334989070892 0.486386001110077 0.49345400929451 0.486986994743347 0.490716010332108 0.492660999298096 0.490772008895874 0.491136014461517 0.489948004484177 0.491174012422562 0.488867998123169 0.487702012062073 0.486849993467331 0.489430993795395 0.486438989639282 0.477928996086121 0.486611992120743 0.480975985527039 0.485098987817764 0.485009998083115 0.48539400100708 0.486360996961594 0.483206003904343 0.48131200671196 0.472921997308731 0.474011987447739 0.47589498758316 0.474388986825943 0.479155004024506 0.478058993816376 0.480399996042252 0.479997009038925
0.406309008598328 0.253643989562988 0.306483000516891 0.378089010715485 0.293671011924744 0.363766998052597 0.430884003639221 0.277716010808945 0.490680992603302 0.453682005405426 0.449458986520767 0.39299601316452 0.277067989110947 0.319508999586105 0.448426991701126 0.380035996437073 0.38187101483345 0.364670991897583 0.296227991580963 0.398185014724731 0.465912014245987 0.481761008501053 0.492915987968445 0.48819100856781 0.488835006952286 0.492754012346268 0.491025000810623 0.488664001226425 0.487152010202408 0.483565002679825 0.47817799448967 0.483704000711441 0.484589010477066 0.487275004386902 0.483572006225586 0.483375012874603 0.48717001080513 0.487608999013901 0.485320001840591 0.482699006795883 0.482190996408463 0.483815997838974 0.457495987415314 0.465404003858566 0.464139997959137 0.403690993785858 0.462796002626419 0.47163999080658 0.476655006408691 0.476155996322632 0.475257009267807 0.479216992855072
0.431813985109329 0.254215985536575 0.29262301325798 0.379804998636246 0.448006004095078 0.482643008232117 0.346421986818314 0.217179000377655 0.148827999830246 0.21374100446701 0.210648000240326 0.329600006341934 0.397899985313416 0.44921600818634 0.350443005561829 0.411615997552872 0.34859099984169 0.425552994012833 0.370039999485016 0.306293994188309 0.441127002239227 0.476691991090775 0.486930012702942 0.495862990617752 0.491261005401611 0.489398002624512 0.490675002336502 0.488249987363815 0.486117005348206 0.475163012742996 0.479065001010895 0.476034998893738 0.452008992433548 0.47988098859787 0.486804991960526 0.49015799164772 0.486710011959076 0.488745003938675 0.484991014003754 0.484753012657166 0.48022198677063 0.378408998250961 0.384923994541168 0.428384006023407 0.412815004587173 0.418338000774384 0.404350996017456 0.464195013046265 0.47027200460434 0.473026990890503 0.473383009433746 0.477324992418289
0.41924199461937 0.210905000567436 0.210203006863594 0.342186987400055 0.406300008296967 0.398510009050369 0.214950993657112 0.201115995645523 0.239050000905991 0.235427007079124 0.236027002334595 0.22885699570179 0.316217988729477 0.479182988405228 0.431688010692596 0.317142993211746 0.467061012983322 0.489865005016327 0.319391012191772 0.300240010023117 0.444651007652283 0.476902991533279 0.486221998929977 0.486948013305664 0.490312993526459 0.484885990619659 0.483572006225586 0.485798001289368 0.477634996175766 0.476209998130798 0.479472011327744 0.426445990800858 0.477867990732193 0.45465299487114 0.482179999351501 0.485933989286423 0.487462997436523 0.44539999961853 0.482690989971161 0.483635991811752 0.382584005594254 0.386500000953674 0.358408004045486 0.282137006521225 0.352939009666443 0.464518994092941 0.417858004570007 0.457507014274597 0.465180993080139 0.472506999969482 0.469296008348465 0.475688010454178
0.277987003326416 0.340923994779587 0.173272997140884 0.349460989236832 0.373540997505188 0.302599996328354 0.355219006538391 0.21450999379158 0.436280995607376 0.189873993396759 0.187335997819901 0.377932995557785 0.30680900812149 0.370272010564804 0.419274985790253 0.428113013505936 0.401282012462616 0.409121006727219 0.336733996868134 0.453651994466782 0.443771988153458 0.478675991296768 0.488505989313126 0.489165991544724 0.484750002622604 0.484081000089645 0.482423007488251 0.478882014751434 0.470842003822327 0.46723198890686 0.375183999538422 0.468924999237061 0.451449990272522 0.477894008159637 0.476060003042221 0.481476008892059 0.447196006774902 0.448884010314941 0.44556000828743 0.478626996278763 0.459529012441635 0.328678995370865 0.277397006750107 0.351224005222321 0.281637012958527 0.30053699016571 0.415701001882553 0.450107008218765 0.47070899605751 0.464469999074936 0.47036200761795 0.47146600484848
0.382351011037827 0.356068998575211 0.365130007266998 0.246325999498367 0.433459997177124 0.324750006198883 0.26298600435257 0.205241993069649 0.413608014583588 0.27420300245285 0.263873994350433 0.362904995679855 0.363106995820999 0.320028990507126 0.369273990392685 0.402368009090424 0.456975996494293 0.412535011768341 0.43104299902916 0.444994986057281 0.38969698548317 0.398052990436554 0.472703009843826 0.489762008190155 0.484741002321243 0.480111002922058 0.480993002653122 0.461674988269806 0.45771598815918 0.387111008167267 0.391795009374619 0.387161999940872 0.4617800116539 0.471390008926392 0.471192985773087 0.476372987031937 0.45218300819397 0.48242199420929 0.453745007514954 0.480738997459412 0.446256995201111 0.307666003704071 0.295150995254517 0.313804000616074 0.437067002058029 0.295702010393143 0.29296600818634 0.425965011119843 0.457944989204407 0.466495007276535 0.467242002487183 0.470569014549255
0.37984299659729 0.384057998657227 0.406641989946365 0.224139004945755 0.428647994995117 0.30443999171257 0.283333986997604 0.32548001408577 0.422316998243332 0.212861999869347 0.206912994384766 0.309671014547348 0.331936001777649 0.378605008125305 0.374623000621796 0.3731409907341 0.413744986057281 0.40768501162529 0.407584995031357 0.288513988256454 0.480435013771057 0.385980010032654 0.40897199511528 0.480688989162445 0.477964013814926 0.477638006210327 0.469536989927292 0.418875992298126 0.348388999700546 0.319633990526199 0.438692986965179 0.397648990154266 0.461757004261017 0.455350995063782 0.407745987176895 0.315717995166779 0.464150011539459 0.483240991830826 0.4339340031147 0.46992701292038 0.462108999490738 0.453999012708664 0.356229990720749 0.367817997932434 0.298357993364334 0.476404011249542 0.292445003986359 0.40174001455307 0.455264985561371 0.460601985454559 0.458007007837296 0.469413012266159
0.404689013957977 0.405607014894485 0.375344008207321 0.288078993558884 0.38654899597168 0.370844006538391 0.427543997764587 0.355773985385895 0.382773011922836 0.335813999176025 0.327078998088837 0.486799985170364 0.233896002173424 0.234259992837906 0.34069699048996 0.329531997442245 0.407346993684769 0.362953990697861 0.342456996440887 0.440537989139557 0.278093993663788 0.411873996257782 0.424100995063782 0.463059991598129 0.474590003490448 0.47351399064064 0.420412987470627 0.309902012348175 0.26018700003624 0.225926995277405 0.350901991128922 0.33950001001358 0.370597004890442 0.327250003814697 0.283098995685577 0.406466007232666 0.330146998167038 0.451097995042801 0.309980005025864 0.363570988178253 0.399976998567581 0.399852991104126 0.339987009763718 0.282236993312836 0.31640499830246 0.321177005767822 0.296287000179291 0.395173013210297 0.437546014785767 0.437375009059906 0.45932200551033 0.457937985658646
