Pteronotus_pusillus.asc
ncols  804
nrows  378
xllcorner  -74.6418056
yllcorner  17.2248604
cellsize 0.00833333370646766
NODATA_value  -9999
[rows 207 to 229 of 378, columns 624 to 675 of 804]
0.788185000419617 0.77809602022171 0.778515994548798 0.792419016361237 0.776153981685638 0.774626970291138 0.784856975078583 0.794950008392334 0.779063999652863 0.770388007164001 0.786265015602112 0.77522200345993 0.787984013557434 0.784641027450562 0.788083970546722 0.795105993747711 0.78584098815918 0.796863973140717 0.790234982967377 0.791266977787018 0.792418003082275 0.77851802110672 0.799914002418518 0.800453007221222 0.776153028011322 0.796051025390625 0.798704028129578 0.797895014286041 0.794574022293091 0.7899249792099 0.785627007484436 0.782123982906342 0.779627025127411 0.795153021812439 0.793709993362427 0.797096014022827 0.773697018623352 0.793142020702362 0.791711986064911 0.783980011940002 0.771247982978821 0.762627005577087 0.777625024318695 0.778810977935791 0.771300971508026 0.794416010379791 0.786822021007538 0.80453097820282 0.806876003742218 0.800781011581421 0.780624985694885 0.794902980327606
0.788016974925995 0.792484998703003 0.783397018909454 0.776638984680176 0.782548010349274 0.770117998123169 0.786291003227234 0.788734018802643 0.779422998428345 0.771640002727509 0.782537996768951 0.765390992164612 0.792780995368958 0.791895985603333 0.791370987892151 0.791693985462189 0.777198970317841 0.795787990093231 0.784901976585388 0.789991021156311 0.780988991260529 0.787248015403748 0.786329984664917 0.78507798910141 0.780992984771729 0.792777001857758 0.80060601234436 0.800547003746033 0.802370011806488 0.79449999332428 0.790893971920013 0.790965974330902 0.79196697473526 0.786049008369446 0.78489100933075 0.793573975563049 0.787284970283508 0.791505992412567 0.779097974300385 0.761847019195557 0.78730297088623 0.785524010658264 0.770524978637695 0.782968997955322 0.791257977485657 0.800231993198395 0.802226006984711 0.807088971138 0.799750983715057 0.805249989032745 0.79993599653244 0.801950991153717
0.785115003585815 0.790247976779938 0.784632980823517 0.782530009746552 0.787669003009796 0.783954977989197 0.786428987979889 0.78863400220871 0.797967970371246 0.79101699590683 0.776767015457153 0.77791702747345 0.784599006175995 0.789467990398407 0.791863977909088 0.789511978626251 0.789632022380829 0.799124002456665 0.791572988033295 0.796314001083374 0.788087010383606 0.784645020961761 0.794417977333069 0.795642971992493 0.805261015892029 0.805546998977661 0.797726988792419 0.79611599445343 0.803203999996185 0.802471995353699 0.798781991004944 0.792474985122681 0.786733984947205 0.780731022357941 0.798941016197205 0.780321002006531 0.782095015048981 0.790575981140137 0.778093993663788 0.777472019195557 0.800782978534698 0.802124977111816 0.809307992458344 0.790709972381592 0.809758007526398 0.807720005512238 0.804194986820221 0.807165026664734 0.79889702796936 0.807732999324799 0.805957973003387 0.802348971366882
0.792770981788635 0.790614008903503 0.79050999879837 0.785669028759003 0.787726998329163 0.779671013355255 0.796311020851135 0.789400994777679 0.793874025344849 0.790628015995026 0.782118022441864 0.789137005805969 0.783021986484528 0.789550006389618 0.788936972618103 0.792648017406464 0.797839999198914 0.773478984832764 0.781952977180481 0.787986993789673 0.785044014453888 0.803193986415863 0.800113022327423 0.800590991973877 0.792393982410431 0.794282972812653 0.795701026916504 0.805357992649078 0.799336016178131 0.804121971130371 0.788330972194672 0.784286022186279 0.788466989994049 0.790524005889893 0.800841987133026 0.775557994842529 0.80019998550415 0.804772019386292 0.7744380235672 0.783755004405975 0.803349018096924 0.803245007991791 0.797559976577759 0.80222100019455 0.804194986820221 0.808021008968353 0.804630994796753 0.801029980182648 0.800073981285095 0.807781994342804 0.804705023765564 0.803957998752594
0.795495986938477 0.788412988185883 0.789964973926544 0.788430988788605 0.787136971950531 0.784861981868744 0.779540002346039 0.78507000207901 0.784721970558167 0.798074007034302 0.784918010234833 0.784417986869812 0.800846993923187 0.7882120013237 0.796401977539063 0.795460999011993 0.800949990749359 0.77912700176239 0.794938027858734 0.80145800113678 0.798981010913849 0.799942016601563 0.792564988136292 0.792822003364563 0.798237025737762 0.806194007396698 0.804405987262726 0.797277987003326 0.800315022468567 0.802146017551422 0.793301999568939 0.783208012580872 0.793662011623383 0.799046993255615 0.792546987533569 0.781695008277893 0.802555024623871 0.785681009292603 0.783819973468781 0.80138498544693 0.805001020431519 0.804723978042603 0.804636001586914 0.800410985946655 0.80077201128006 0.804917991161346 0.805935025215149 0.795234024524689 0.806164979934692 0.803310990333557 0.805930018424988 0.807964980602264
0.788287997245789 0.791894972324371 0.793793022632599 0.792025029659271 0.791236996650696 0.789366006851196 0.797236025333405 0.78202897310257 0.789358973503113 0.786509990692139 0.786647975444794 0.77590799331665 0.803249001502991 0.786257982254028 0.795922994613647 0.794869005680084 0.800392985343933 0.782674014568329 0.79535299539566 0.798641979694366 0.808301985263824 0.802070021629333 0.807187974452972 0.807841002941132 0.802837014198303 0.803910970687866 0.80560702085495 0.798753023147583 0.801487028598785 0.797347009181976 0.798731982707977 0.797487020492554 0.792665004730225 0.79051399230957 0.806629002094269 0.781163990497589 0.780017971992493 0.79884397983551 0.80732798576355 0.805719971656799 0.806626975536346 0.802585005760193 0.805315017700195 0.803633987903595 0.805025994777679 0.80427098274231 0.800644993782043 0.803557991981506 0.809006989002228 0.805561006069183 0.804818987846375 0.80823802947998
0.787486016750336 0.787899971008301 0.792147994041443 0.792816996574402 0.793277978897095 0.790769994258881 0.798767983913422 0.782492995262146 0.789717972278595 0.786228001117706 0.787361025810242 0.775004029273987 0.803609013557434 0.787784993648529 0.79570198059082 0.796755015850067 0.800297021865845 0.782523989677429 0.79566502571106 0.798654019832611 0.808938980102539 0.802518010139465 0.808041989803314 0.809987008571625 0.805095970630646 0.806433022022247 0.808709025382996 0.799431025981903 0.806226015090942 0.802196025848389 0.800979971885681 0.800440013408661 0.793443024158478 0.791931986808777 0.806496977806091 0.783589005470276 0.780703008174896 0.799018979072571 0.808197021484375 0.807341992855072 0.806721985340118 0.802830994129181 0.80518901348114 0.803426027297974 0.804298996925354 0.804341018199921 0.80375200510025 0.80170202255249 0.808624982833862 0.808081984519958 0.808247983455658 0.805796980857849
0.794932007789612 0.788443982601166 0.787064015865326 0.785781025886536 0.788132011890411 0.796036005020142 0.786346018314362 0.798139989376068 0.792949020862579 0.789606988430023 0.776464998722076 0.783574998378754 0.80170601606369 0.797928988933563 0.796836972236633 0.785722970962524 0.793381989002228 0.783524990081787 0.806904971599579 0.804650008678436 0.805215001106262 0.805146992206573 0.805746018886566 0.805900990962982 0.811419010162354 0.80886697769165 0.807461977005005 0.806924998760223 0.800961017608643 0.809188008308411 0.800221979618073 0.800382018089294 0.796563982963562 0.796039998531342 0.796392023563385 0.786459028720856 0.806954026222229 0.798241019248962 0.796042025089264 0.809912025928497 0.809911012649536 0.807781994342804 0.805926978588104 0.8072350025177 0.806663990020752 0.803988993167877 0.803964972496033 0.802479982376099 0.808884978294373 0.810820996761322 0.804786026477814 0.803848028182983
0.789578020572662 0.792732000350952 0.786031007766724 0.801654994487762 0.795884013175964 0.795207023620605 0.790638983249664 0.78923100233078 0.801989018917084 0.780767977237701 0.778780996799469 0.792837977409363 0.80689001083374 0.798822999000549 0.789987027645111 0.790884971618652 0.798160016536713 0.786038994789124 0.795404016971588 0.805854022502899 0.813216984272003 0.8074049949646 0.809213995933533 0.808362007141113 0.811969995498657 0.811003983020782 0.809477984905243 0.809553980827332 0.800993978977203 0.808640003204346 0.805142998695374 0.791855990886688 0.794447004795074 0.80000501871109 0.786787986755371 0.784797012805939 0.795498013496399 0.798929989337921 0.807850003242493 0.805965006351471 0.807322978973389 0.808133006095886 0.805639982223511 0.807675004005432 0.805528998374939 0.806514978408813 0.80818498134613 0.803520977497101 0.804400980472565 0.802168011665344 0.800725996494293 0.805117011070251
0.795641005039215 0.797932982444763 0.796440005302429 0.798322021961212 0.803753018379211 0.8021240234375 0.784487009048462 0.792505979537964 0.780079007148743 0.787365972995758 0.800895988941193 0.80493700504303 0.795983016490936 0.799115002155304 0.801293015480042 0.799575984477997 0.788143992424011 0.777633011341095 0.802112996578217 0.81384402513504 0.810813009738922 0.810343980789185 0.81121701002121 0.812988996505737 0.80826199054718 0.810003995895386 0.811882019042969 0.805652022361755 0.802905023097992 0.80513197183609 0.798853993415833 0.787301003932953 0.791150987148285 0.792577981948853 0.783091008663177 0.798704028129578 0.794551014900208 0.807999014854431 0.811819970607758 0.809764981269836 0.810371994972229 0.810572028160095 0.806213021278381 0.802057981491089 0.807769000530243 0.809031009674072 0.81121701002121 0.811401009559631 0.803231000900269 0.802552998065948 0.806482970714569 0.807420015335083
0.804289996623993 0.800505995750427 0.799480974674225 0.800804018974304 0.805171012878418 0.802188992500305 0.79143899679184 0.791041970252991 0.796485006809235 0.798747003078461 0.804081976413727 0.798601984977722 0.799795985221863 0.8021399974823 0.784812986850739 0.806810975074768 0.777768015861511 0.797672986984253 0.804021000862122 0.805981993675232 0.80826199054718 0.81140798330307 0.806128978729248 0.806420028209686 0.813268005847931 0.81325501203537 0.815851986408234 0.807837009429932 0.811649024486542 0.808344006538391 0.793370008468628 0.788327991962433 0.806441009044647 0.801805019378662 0.791393995285034 0.781171023845673 0.796311020851135 0.80935400724411 0.809089004993439 0.807915985584259 0.807385981082916 0.803797006607056 0.806743979454041 0.805334985256195 0.801123976707458 0.81189101934433 0.815099000930786 0.808752000331879 0.809113025665283 0.806317985057831 0.799229979515076 0.80962598323822
0.79865300655365 0.799565017223358 0.801730990409851 0.799847006797791 0.801367998123169 0.799845993518829 0.802196979522705 0.79695200920105 0.805013000965118 0.799830973148346 0.796653985977173 0.788574993610382 0.806520998477936 0.799036979675293 0.809967994689941 0.776907980442047 0.794292986392975 0.802617013454437 0.811685979366302 0.811371982097626 0.811703979969025 0.809944987297058 0.811739027500153 0.811954975128174 0.810738980770111 0.809256970882416 0.815342009067535 0.805329978466034 0.807973980903625 0.814813017845154 0.789852976799011 0.790557026863098 0.812447011470795 0.780246019363403 0.77564400434494 0.803710997104645 0.811585009098053 0.806145012378693 0.808637976646423 0.80952399969101 0.811339020729065 0.814230024814606 0.799715995788574 0.807663023471832 0.802882015705109 0.81616598367691 0.813144981861115 0.810579001903534 0.812515020370483 0.80239999294281 0.810020983219147 0.808870017528534
0.798600971698761 0.800468027591705 0.797448992729187 0.797877013683319 0.799076020717621 0.791445016860962 0.799386978149414 0.801182985305786 0.796276986598969 0.802543997764587 0.799129009246826 0.802675008773804 0.787051022052765 0.808791995048523 0.787935972213745 0.79721200466156 0.80478298664093 0.809026002883911 0.807415008544922 0.807789027690887 0.813295006752014 0.808127999305725 0.80841201543808 0.807762026786804 0.810379981994629 0.816393971443176 0.811890006065369 0.810972988605499 0.811290979385376 0.79652202129364 0.789390027523041 0.804459989070892 0.780983984470367 0.769671976566315 0.807720005512238 0.813039004802704 0.81231302022934 0.812395989894867 0.806936979293823 0.810387015342712 0.812379002571106 0.810856997966766 0.808304011821747 0.803386986255646 0.807901978492737 0.815387010574341 0.809637010097504 0.811244010925293 0.804780006408691 0.808633029460907 0.808820009231567 0.807051002979279
0.803444981575012 0.801711976528168 0.802606999874115 0.795574009418488 0.796369016170502 0.798003971576691 0.802742004394531 0.799955010414124 0.798515021800995 0.798371970653534 0.798602998256683 0.78559398651123 0.802034974098206 0.805395007133484 0.799704015254974 0.807066023349762 0.808917999267578 0.812340974807739 0.804996013641357 0.808363020420074 0.811111986637115 0.809593975543976 0.813019990921021 0.810737013816833 0.815208971500397 0.816415011882782 0.812008023262024 0.812547981739044 0.807519972324371 0.811296999454498 0.783043026924133 0.798560976982117 0.765398979187012 0.806710004806519 0.812516987323761 0.803847014904022 0.814754009246826 0.805490016937256 0.81105500459671 0.806348979473114 0.817979991436005 0.817318022251129 0.809107005596161 0.812681019306183 0.808390021324158 0.809056997299194 0.810676991939545 0.812520980834961 0.81047397851944 0.817776024341583 0.807045996189117 0.812699973583221
0.802398025989532 0.803058981895447 0.798709988594055 0.795695006847382 0.801402986049652 0.802763998508453 0.80246502161026 0.805499017238617 0.802931010723114 0.785638988018036 0.800037026405334 0.780794024467468 0.80672699213028 0.804953992366791 0.811954021453857 0.808564007282257 0.80814802646637 0.809651017189026 0.809872984886169 0.806865990161896 0.805342018604279 0.811706006526947 0.816205024719238 0.815133988857269 0.814400017261505 0.816384971141815 0.811797976493835 0.811517000198364 0.810222029685974 0.802368998527527 0.804943978786469 0.803023993968964 0.795750021934509 0.817634999752045 0.81223601102829 0.818620026111603 0.808915019035339 0.810308992862701 0.813480019569397 0.801676988601685 0.814077019691467 0.817507982254028 0.806232988834381 0.805037021636963 0.810679018497467 0.802156984806061 0.811626970767975 0.811285972595215 0.811990022659302 0.810548007488251 0.808781981468201 0.81060802936554
0.803548991680145 0.803525984287262 0.795749008655548 0.799108028411865 0.800513982772827 0.801997005939484 0.798663020133972 0.807718992233276 0.803025007247925 0.790221989154816 0.798784017562866 0.781669020652771 0.812900006771088 0.810796976089478 0.811553001403809 0.810652017593384 0.808878004550934 0.815190970897675 0.812327980995178 0.802016019821167 0.814480006694794 0.813691973686218 0.815059006214142 0.813784003257751 0.813906013965607 0.815195977687836 0.812695026397705 0.812900006771088 0.813651978969574 0.815798997879028 0.789178013801575 0.803762972354889 0.781988978385925 0.813579022884369 0.815689027309418 0.814405024051666 0.814023971557617 0.816838979721069 0.808836996555328 0.815156996250153 0.811025977134705 0.811603009700775 0.812942981719971 0.804557025432587 0.805576980113983 0.811909973621368 0.815448999404907 0.814477026462555 0.814940989017487 0.811464011669159 0.810994982719421 0.807214021682739
0.803780972957611 0.805371999740601 0.803169012069702 0.804144024848938 0.808807015419006 0.809913992881775 0.803524017333984 0.806487023830414 0.811833024024963 0.798600971698761 0.781464993953705 0.792940020561218 0.793470978736877 0.809266984462738 0.807824015617371 0.811451017856598 0.812332987785339 0.813133001327515 0.809487998485565 0.811784029006958 0.81122100353241 0.810829997062683 0.807201981544495 0.807287991046906 0.812882006168365 0.817510008811951 0.815092027187347 0.818381011486053 0.814438998699188 0.812264025211334 0.81300300359726 0.790646970272064 0.81529700756073 0.789198994636536 0.808744013309479 0.813890993595123 0.81877201795578 0.818295001983643 0.811927974224091 0.816622972488403 0.814787983894348 0.802353024482727 0.808898985385895 0.818951010704041 0.817705988883972 0.816079020500183 0.814032971858978 0.815360009670258 0.810585975646973 0.817004024982452 0.812731981277466 0.81410801410675
0.808130025863647 0.804602026939392 0.806810021400452 0.803542017936707 0.808775007724762 0.811226010322571 0.809071004390717 0.81463897228241 0.808534979820251 0.805263996124268 0.798201024532318 0.80766499042511 0.805332005023956 0.810283005237579 0.80902099609375 0.808732986450195 0.806647002696991 0.807956993579865 0.808007001876831 0.808247983455658 0.812129020690918 0.813951015472412 0.806995987892151 0.808728992938995 0.817363977432251 0.817569971084595 0.819491982460022 0.81869500875473 0.818862020969391 0.81332802772522 0.809230983257294 0.814888000488281 0.802501022815704 0.81206202507019 0.798003971576691 0.806728005409241 0.809867024421692 0.818615019321442 0.816807985305786 0.812300026416779 0.804907023906708 0.81038498878479 0.796957015991211 0.817305028438568 0.817689001560211 0.816205978393555 0.817752003669739 0.80815201997757 0.810769975185394 0.812867999076843 0.815195977687836 0.819760978221893
0.806604981422424 0.810229003429413 0.80621600151062 0.807708024978638 0.808301985263824 0.803987979888916 0.802613019943237 0.806074976921082 0.800935983657837 0.80307799577713 0.796136975288391 0.816016018390656 0.80246502161026 0.81530100107193 0.813099026679993 0.818847000598907 0.813739001750946 0.809019029140472 0.809876024723053 0.801230013370514 0.807160019874573 0.814924001693726 0.811973989009857 0.807469010353088 0.809585988521576 0.813417971134186 0.815891981124878 0.81939297914505 0.819516003131866 0.818323016166687 0.816295981407166 0.787347972393036 0.795414984226227 0.778344988822937 0.807887017726898 0.815470993518829 0.819289982318878 0.816964983940125 0.807922005653381 0.807389974594116 0.805169999599457 0.798107028007507 0.815145015716553 0.817879021167755 0.820869982242584 0.816033005714417 0.813250005245209 0.815690994262695 0.814525008201599 0.810849010944366 0.816681027412415 0.817028999328613
0.810346007347107 0.808706998825073 0.803398013114929 0.805791020393372 0.805063009262085 0.804516971111298 0.808462977409363 0.806572020053864 0.8038370013237 0.81089198589325 0.812372028827667 0.808066010475159 0.807072997093201 0.812485992908478 0.818247020244598 0.820981979370117 0.819424986839294 0.819099009037018 0.8194699883461 0.814970016479492 0.81038099527359 0.808759987354279 0.801989018917084 0.802594006061554 0.806291997432709 0.804713010787964 0.807111024856567 0.810877025127411 0.813000023365021 0.81514298915863 0.810271024703979 0.790964007377625 0.789061009883881 0.789605975151062 0.817198991775513 0.821834027767181 0.817306995391846 0.817663013935089 0.812920987606049 0.810407996177673 0.821437001228333 0.820069015026093 0.817964971065521 0.819863021373749 0.817938029766083 0.81658798456192 0.818504989147186 0.81011301279068 0.816066980361938 0.803698003292084 0.814360022544861 0.819523990154266
0.807500004768372 0.804372012615204 0.807934999465942 0.80780702829361 0.806201994419098 0.809895992279053 0.814830005168915 0.811578989028931 0.810768008232117 0.812318980693817 0.815015017986298 0.805827021598816 0.81784200668335 0.809551000595093 0.808144986629486 0.810931026935577 0.81336897611618 0.81647801399231 0.815640985965729 0.815504014492035 0.815555989742279 0.817952990531921 0.819238007068634 0.819598019123077 0.819290995597839 0.816826999187469 0.809848010540009 0.804899990558624 0.799975991249084 0.789883971214294 0.77437698841095 0.797182977199554 0.818589985370636 0.821242988109589 0.819010972976685 0.81564998626709 0.82389897108078 0.809056997299194 0.809886991977692 0.794708013534546 0.814729988574982 0.821529984474182 0.820800006389618 0.824054002761841 0.823224008083344 0.820792973041534 0.819410979747772 0.807789981365204 0.812188029289246 0.805709004402161 0.813082993030548 0.815864026546478
0.80588299036026 0.813071012496948 0.812615990638733 0.817045986652374 0.816951990127563 0.816017985343933 0.812080025672913 0.812656998634338 0.813075006008148 0.812135994434357 0.814884006977081 0.816860020160675 0.815883994102478 0.822368979454041 0.818184971809387 0.821269989013672 0.81487101316452 0.811882019042969 0.813516974449158 0.814758002758026 0.814684987068176 0.813206970691681 0.815756976604462 0.816558003425598 0.815626978874207 0.813763022422791 0.813337981700897 0.81318598985672 0.809408009052277 0.821183979511261 0.79407000541687 0.782984018325806 0.800230979919434 0.812479972839355 0.820770025253296 0.819944024085999 0.819688975811005 0.824455976486206 0.797254025936127 0.817992985248566 0.781358003616333 0.822990000247955 0.824156999588013 0.821452021598816 0.823807001113892 0.822899997234344 0.815228998661041 0.807384014129639 0.811078011989594 0.820336997509003 0.816479980945587 0.813118994235992
0.813506007194519 0.811819016933441 0.812057971954346 0.813875019550323 0.814320027828217 0.812795996665955 0.812180995941162 0.811019003391266 0.813501000404358 0.816483974456787 0.815936028957367 0.820419013500214 0.82252299785614 0.824070990085602 0.81981498003006 0.821277976036072 0.823099970817566 0.823803007602692 0.824020981788635 0.822447001934052 0.821941018104553 0.817556977272034 0.814994990825653 0.814987003803253 0.816787004470825 0.819343984127045 0.816211998462677 0.815873980522156 0.81427800655365 0.818673014640808 0.805555999279022 0.802289009094238 0.800485014915466 0.799391984939575 0.802672028541565 0.810180008411407 0.808836996555328 0.820464015007019 0.823284983634949 0.784341990947723 0.822883009910583 0.778634011745453 0.814486980438232 0.812743008136749 0.811908006668091 0.814849019050598 0.803650975227356 0.820976972579956 0.805373013019562 0.811070024967194 0.812017023563385 0.811626970767975
