riqueza.asc
ncols  804
nrows  378
xllcorner  -74.6418056
yllcorner  17.2248604
cellsize 0.00833333370646766
NODATA_value  -9999
[rows 175 to 199 of 378, columns 684 to 740 of 804]
10.9456338882446 11.5631637573242 12.3856220245361 12.2312898635864 11.0649394989014 12.2957849502563 11.0631666183472 11.6113042831421 12.3480443954468 9.77471256256104 9.73528575897217 11.9191732406616 13.3429708480835 13.2238636016846 12.9350271224976 13.1327495574951 12.9420976638794 13.0664176940918 12.7040491104126 13.0259389877319 13.1830005645752 13.5394067764282 13.6620121002197 13.3987827301025 13.0288543701172 13.3773202896118 13.5114078521729 13.4257764816284 13.2653970718384 13.3475456237793 13.2428503036499 13.1780786514282 0 0 0 0 0 0 0 0 0 0 0 0 0 0 0 0 0 0 0 0 0 0 0 0 0
11.8428363800049 11.0796680450439 10.8648281097412 9.73915481567383 9.26921272277832 8.2079029083252 11.1238069534302 10.9494352340698 10.1648178100586 12.2763509750366 9.71785926818848 10.8602447509766 11.8861932754517 13.1894121170044 13.2537746429443 12.8823661804199 12.8558692932129 12.9829568862915 13.410740852356 12.9424772262573 13.3441953659058 13.549337387085 13.7455863952637 13.6458263397217 13.2985591888428 12.6170787811279 13.4632482528687 13.5596256256104 13.3766241073608 13.1959857940674 13.2888088226318 13.195876121521 13.1901750564575 0 0 0 0 0 0 0 0 0 0 0 0 0 0 0 0 0 0 0 0 0 0 0 0
12.0437870025635 11.9108304977417 10.3086519241333 11.2522993087769 11.7615404129028 10.4034585952759 6.49338340759277 11.114706993103 10.5801343917847 10.4997930526733 11.6861972808838 9.87764930725098 12.179271697998 12.6392631530762 13.5302267074585 12.798716545105 13.5735769271851 13.6124114990234 13.2785778045654 13.5181274414062 13.1753215789795 13.4555311203003 13.6283597946167 13.598484992981 13.4624795913696 13.0912971496582 12.7575702667236 13.5385761260986 13.6072063446045 13.2953329086304 13.1528072357178 13.2283210754395 13.1275863647461 13.1426019668579 0 0 0 0 0 0 0 0 0 0 0 0 0 0 0 0 0 0 0 0 0 0 0
12.7051362991333 11.1198596954346 11.8147764205933 11.0629901885986 10.3393745422363 9.57159900665283 12.4703063964844 8.23222923278809 8.65157604217529 11.7736597061157 11.3632831573486 10.6710433959961 12.4310970306396 11.0341358184814 13.4703922271729 13.0710353851318 13.2637825012207 13.2325925827026 13.5014915466309 13.5197830200195 13.3344535827637 13.4989356994629 13.4937295913696 13.5389280319214 13.4227247238159 13.3718338012695 12.9632177352905 13.4407825469971 13.5947742462158 13.467565536499 13.2761859893799 13.2559356689453 13.1672010421753 13.125940322876 13.1189155578613 0 0 0 0 0 0 0 0 0 0 0 0 0 0 0 0 0 0 0 0 0 0
12.5960779190063 11.9310646057129 11.0493602752686 11.3817882537842 10.8720531463623 11.5031261444092 9.52984046936035 9.67693138122559 11.6737594604492 12.9990787506104 12.8763742446899 10.7039031982422 12.705846786499 11.717267036438 12.1449317932129 13.5384101867676 13.1466779708862 13.1745643615723 13.4835958480835 13.1625556945801 13.466649055481 13.3296918869019 13.4624195098877 13.4838247299194 13.4961671829224 13.366358757019 13.4494667053223 13.0304851531982 13.4863967895508 13.5813646316528 13.3408203125 13.3601741790771 13.3030576705933 13.1517868041992 13.1296148300171 13.1232891082764 0 0 0 0 0 0 0 0 0 0 0 0 0 0 0 0 0 0 0 0 0
10.908031463623 12.3164682388306 11.4026355743408 12.4513845443726 11.8348827362061 12.0381374359131 11.9136066436768 11.1842432022095 10.4238157272339 11.6753597259521 10.4724044799805 10.7644605636597 13.0281629562378 13.1783428192139 10.9647636413574 13.923529624939 13.391791343689 13.4461402893066 13.7146215438843 13.4166660308838 12.7536487579346 13.4198560714722 13.3618965148926 13.2531156539917 13.4058151245117 13.4933824539185 13.3562097549438 13.385181427002 13.0918760299683 13.3955116271973 13.5983715057373 13.1427974700928 13.269341468811 13.2091884613037 13.1485080718994 13.1066102981567 13.1109848022461 0 0 0 0 0 0 0 0 0 0 0 0 0 0 0 0 0 0 0 0
10.5416574478149 12.1527891159058 12.5561923980713 11.9093456268311 12.0222501754761 12.4519577026367 12.7936525344849 12.5145130157471 11.8144388198853 10.9324264526367 11.7357349395752 11.2472286224365 11.6336946487427 12.9923553466797 10.4026937484741 12.5204095840454 13.4598140716553 13.4041719436646 13.6586589813232 13.1557836532593 13.0800333023071 13.275221824646 13.0640830993652 13.2575387954712 13.1539392471313 13.4095697402954 13.3199405670166 13.3727827072144 13.3502950668335 13.1552877426147 13.6615295410156 13.403712272644 13.1333503723145 13.3204174041748 13.1617279052734 13.1006708145142 13.0891542434692 13.104642868042 0 0 0 0 0 0 0 0 0 0 0 0 0 0 0 0 0 0 0
10.7060537338257 11.4362154006958 12.5115814208984 11.1204929351807 12.944676399231 12.4533710479736 12.2851371765137 12.4678382873535 12.5162191390991 11.9474487304687 11.9175748825073 12.3270473480225 11.2924356460571 10.6401462554932 11.477725982666 10.1428604125977 12.8099594116211 12.5041379928589 11.0971822738647 13.4280366897583 13.3175029754639 13.059588432312 13.1983671188354 13.3292055130005 13.2979564666748 13.2614707946777 13.1460151672363 13.1603078842163 13.4577016830444 13.3698749542236 13.3829364776611 13.5515365600586 13.3546895980835 13.1286878585815 13.2092056274414 13.0948581695557 13.0893316268921 13.0674047470093 13.0956401824951 0 0 0 0 0 0 0 0 0 0 0 0 0 0 0 0 0 0
12.4144353866577 12.0301580429077 11.7719621658325 12.5517196655273 12.0801429748535 13.0218820571899 12.9276037216187 12.9055671691895 12.3785028457642 12.4684286117554 12.3037271499634 11.5822858810425 11.6920604705811 11.419810295105 12.2252817153931 10.0407218933105 12.5153837203979 12.4307632446289 12.8235368728638 9.55174350738525 12.8952808380127 12.8067121505737 13.1177492141724 13.2414054870605 12.2731599807739 13.138521194458 13.0514240264893 13.1175603866577 13.2218647003174 13.4990873336792 13.254955291748 13.2694549560547 13.5165252685547 13.1676149368286 13.0251350402832 13.1328496932983 13.0879964828491 13.0858182907104 13.0852823257446 0 0 0 0 0 0 0 0 0 0 0 0 0 0 0 0 0 0
12.3283452987671 11.9920864105225 11.4734220504761 13.0482606887817 12.3266849517822 12.9994440078735 13.1860523223877 12.8276309967041 12.5723905563354 12.4300088882446 11.8193550109863 11.6017045974731 11.7285957336426 12.0846452713013 10.8550777435303 11.8675765991211 10.7979907989502 11.0727939605713 12.9222793579102 12.5285472869873 9.84497451782227 11.8334789276123 13.224178314209 11.1214170455933 12.4981307983398 11.0762367248535 12.1405019760132 13.0001564025879 13.4767847061157 13.3200578689575 13.3179454803467 13.3818445205688 13.401047706604 13.3009243011475 13.0641441345215 13.1390380859375 13.0939292907715 13.0661554336548 13.0707588195801 13.0719451904297 13.0226173400879 0 0 0 0 0 0 0 0 0 0 0 0 0 0 0 0
11.8403015136719 11.3812675476074 12.719334602356 11.3000764846802 12.508339881897 12.7908000946045 13.0717163085938 12.8247833251953 12.4864120483398 12.2223567962646 11.5965566635132 12.2606792449951 11.5343198776245 11.7389316558838 11.0479574203491 12.5476112365723 11.4542083740234 11.7811441421509 12.8942251205444 10.8335332870483 12.131462097168 12.4186716079712 13.2294330596924 10.842661857605 13.6587057113647 11.2227382659912 13.1983871459961 13.2758655548096 12.9009656906128 13.4336061477661 13.4880332946777 13.2172231674194 13.3768339157104 13.429102897644 13.2610387802124 13.074631690979 13.130163192749 13.0562334060669 13.0557117462158 13.0692234039307 13.0390033721924 13.0397701263428 0 0 0 0 0 0 0 0 0 0 0 0 0 0 0
11.9463996887207 12.7203674316406 11.4338188171387 12.6831359863281 12.9604139328003 12.4996881484985 12.5955667495728 12.0900354385376 12.6293497085571 12.082088470459 12.1454315185547 11.59508228302 12.2891750335693 11.9097890853882 11.5897245407104 10.8131513595581 10.3534536361694 10.4571304321289 10.3478050231934 13.1319627761841 12.7663421630859 12.1935329437256 12.4433479309082 10.8321418762207 12.0541563034058 10.5743026733398 11.1417684555054 13.2650651931763 13.1676845550537 13.4123859405518 13.3700437545776 13.4438104629517 13.4427757263184 13.3043041229248 13.186224937439 13.1726989746094 13.0542612075806 13.0387668609619 13.0047540664673 13.0488357543945 13.0660705566406 13.0419292449951 13.0346775054932 0 0 0 0 0 0 0 0 0 0 0 0 0 0
12.4889650344849 12.5093517303467 13.0057506561279 12.8209562301636 12.6090869903564 12.0735082626343 11.823902130127 12.1515855789185 11.7395353317261 12.245267868042 12.0762338638306 11.9508562088013 11.5853137969971 11.3548059463501 12.1126804351807 9.26633644104004 13.0782680511475 13.6359233856201 9.3573055267334 11.5171403884888 12.2963848114014 12.1605110168457 12.8675775527954 8.66258430480957 11.4143524169922 10.2454872131348 11.8771839141846 13.1609840393066 13.1263179779053 13.2827472686768 13.3042039871216 13.1648273468018 13.2006721496582 13.2397899627686 13.2269973754883 13.076831817627 12.8959522247314 12.9952154159546 13.0281610488892 13.0045194625854 13.0325403213501 13.0570793151855 13.0593090057373 13.0486745834351 0 0 0 0 0 0 0 0 0 0 0 0 0
12.5357904434204 12.9409465789795 12.7440900802612 12.3992881774902 12.4098377227783 12.25998878479 12.0726175308228 11.4959707260132 12.0953989028931 12.1991548538208 11.1686706542969 11.981143951416 10.9443759918213 11.5494232177734 11.1026620864868 10.4396743774414 13.0243663787842 13.4908990859985 12.008563041687 11.3969554901123 11.8732576370239 11.7861795425415 12.5659103393555 8.59486961364746 12.4527406692505 9.56309986114502 12.8582153320312 13.6790132522583 13.1616840362549 13.3641881942749 13.3673830032349 13.3027982711792 13.1812572479248 12.9778184890747 12.9989976882935 12.8738403320312 13.0207109451294 12.8777923583984 12.9818420410156 13.0303478240967 12.987907409668 13.0468482971191 13.0607461929321 13.0628490447998 13.0113010406494 0 0 0 0 0 0 0 0 0 0 0 0
12.8440265655518 12.6542253494263 12.327187538147 12.4239664077759 12.0915498733521 12.6248044967651 12.2840042114258 11.9729080200195 12.3727121353149 10.8711156845093 11.1710290908813 11.3308868408203 11.23805809021 11.4701366424561 11.1380367279053 10.5755615234375 11.0840930938721 11.1934642791748 9.73130702972412 12.3988304138184 12.5074939727783 12.6725759506226 11.203104019165 9.83911037445068 10.7049655914307 10.7668199539185 13.4983129501343 13.3635663986206 13.2086067199707 13.5159473419189 13.3117637634277 13.1710872650146 13.281421661377 12.9132804870605 12.907525062561 12.9543581008911 12.9963607788086 12.8978862762451 12.9911823272705 12.9697885513306 13.0127096176147 13.0104122161865 13.0329723358154 13.062891960144 13.0597114562988 12.98228931427 0 0 0 0 0 0 0 0 0 0 0
12.9060888290405 12.4150857925415 12.593864440918 11.9788379669189 12.6195335388184 12.0378732681274 12.5100660324097 12.5394258499146 11.7341032028198 10.7181148529053 11.736873626709 11.5352182388306 12.0123634338379 11.857102394104 12.3464374542236 10.0658311843872 10.7083683013916 11.1438226699829 12.8099908828735 12.7350215911865 11.43630027771 13.0643110275269 10.0973300933838 12.4728088378906 9.585373878479 12.5067224502563 12.6974964141846 13.4094142913818 13.6035413742065 13.298150062561 13.2349338531494 13.3863182067871 12.7215709686279 13.2388067245483 12.8554439544678 13.1309432983398 13.015604019165 12.898341178894 12.8390789031982 13.000732421875 12.9903249740601 12.9610357284546 12.9768075942993 13.019097328186 13.0858039855957 13.0227899551392 12.9229593276978 0 0 0 0 0 0 0 0 0 0
12.679009437561 12.6420564651489 12.5611114501953 12.285099029541 12.1545143127441 12.4508695602417 12.5888290405273 11.9806098937988 11.4620790481567 10.4626026153564 12.1438388824463 11.7108678817749 12.2448110580444 12.5123081207275 11.3614368438721 12.3046655654907 13.34641456604 13.5136394500732 12.9126491546631 11.815131187439 12.7462959289551 12.7674169540405 12.0658826828003 12.0722675323486 11.9163179397583 12.2048797607422 12.9342641830444 12.5773868560791 13.093897819519 13.1405162811279 13.1606998443604 12.7738304138184 13.0397872924805 12.9488162994385 13.0917634963989 12.9169120788574 13.1903839111328 13.1758346557617 12.8980979919434 12.9168071746826 12.9768552780151 12.9831981658936 12.965573310852 12.9944496154785 13.0186328887939 13.0372972488403 12.9256258010864 12.975115776062 0 12.933783531189 0 0 0 0 0 0 0
12.0570001602173 12.6712074279785 12.5916566848755 12.5134525299072 12.1426525115967 12.502459526062 11.9500970840454 11.5499677658081 10.3557033538818 10.7360334396362 11.7304420471191 12.5799865722656 12.770845413208 11.5367403030396 12.4514713287354 12.5841722488403 13.1481809616089 13.1727561950684 11.6629762649536 12.1997947692871 12.6279773712158 12.540153503418 12.5768785476685 13.0183725357056 12.490252494812 12.149040222168 12.1213846206665 11.6980590820312 12.8379163742065 12.9376440048218 12.7905330657959 12.8347816467285 13.1860494613647 12.9859933853149 13.0891313552856 13.0869235992432 13.1369400024414 13.1321048736572 13.04212474823 12.9069604873657 12.9533834457397 13.0454206466675 13.0752897262573 12.9847831726074 12.9949216842651 12.9718027114868 12.8997764587402 13.0311231613159 13.0118560791016 13.0206699371338 12.979133605957 0 0 0 0 0 0
12.188440322876 12.7342519760132 12.6003580093384 12.4443855285645 12.117148399353 12.3789377212524 11.9111566543579 11.5674123764038 10.5098972320557 11.1651363372803 12.1058368682861 12.7853174209595 12.9177446365356 11.5351276397705 12.1539316177368 12.2612352371216 12.8349914550781 12.9041957855225 11.4863710403442 12.0321617126465 12.5472202301025 12.369665145874 12.4759883880615 12.9969825744629 12.2617559432983 12.2632074356079 12.1301622390747 11.7330131530762 12.8677349090576 12.8818655014038 12.7707529067993 12.8785371780396 13.2910051345825 13.0029363632202 13.1974630355835 13.1002359390259 13.1369619369507 13.1920328140259 13.1196136474609 12.9969501495361 13.0342407226563 13.0779781341553 13.0761861801147 12.9843730926514 12.9911603927612 12.9695730209351 12.9960956573486 13.0233612060547 13.0074768066406 13.0110025405884 13.0006246566772 12.9021015167236 0 0 0 0 0
12.8046007156372 12.6849899291992 12.5993700027466 12.5016927719116 12.2708587646484 12.1075477600098 11.4323101043701 10.03577709198 11.0934209823608 11.9366617202759 12.175705909729 12.3087644577026 12.5933723449707 12.2181806564331 12.565279006958 12.0142030715942 11.9930334091187 11.9451856613159 11.946478843689 12.0396394729614 12.1682958602905 12.2152547836304 11.7748956680298 12.6811876296997 11.8144311904907 12.8604497909546 13.1206750869751 12.8011856079102 11.6910696029663 12.6593799591064 12.405158996582 12.4416303634644 12.8913173675537 13.0232582092285 13.0417900085449 13.145622253418 13.2192296981812 13.203031539917 13.151123046875 13.0280265808105 12.994384765625 13.0425548553467 13.0497159957886 13.0240125656128 12.9522075653076 12.976336479187 13.0018177032471 13.0113496780396 12.9255170822144 12.9901695251465 12.9624843597412 13.0063142776489 12.8857469558716 0 0 0 0
12.8540410995483 12.7515897750854 12.3599376678467 12.1544580459595 12.1455631256104 12.2823190689087 11.6824235916138 12.3140935897827 11.454833984375 11.0956573486328 12.491418838501 12.731484413147 12.8353672027588 12.4284162521362 12.3452835083008 12.3757705688477 12.3125638961792 12.1466732025146 12.1112546920776 12.1437892913818 11.5818090438843 12.2796878814697 12.6745328903198 11.5694227218628 13.4839334487915 12.2924060821533 12.8862323760986 12.4490003585815 12.4984245300293 12.1605758666992 10.110538482666 10.3618154525757 12.4015855789185 12.7177648544312 13.2765378952026 13.2517404556274 13.2694530487061 13.3570432662964 13.2087097167969 13.1214027404785 12.9820146560669 12.9749250411987 12.9844827651978 12.9905319213867 12.9924869537354 12.9638633728027 13.0232610702515 13.0289611816406 13 12.9157867431641 13.0236482620239 12.973048210144 12.9820003509521 12.8769578933716 12.8825016021729 0 0
12.8618230819702 12.6050996780396 12.4098234176636 12.3916864395142 12.1312274932861 11.0394039154053 12.3609523773193 12.0054006576538 12.9466953277588 12.3470373153687 12.4573621749878 13.2046670913696 12.5581836700439 12.2327394485474 12.12917137146 12.7522706985474 12.0166034698486 11.849799156189 12.1684694290161 11.7984437942505 11.806715965271 11.8830890655518 12.2796573638916 12.280200958252 13.0946283340454 12.9134750366211 12.9779720306396 12.397611618042 12.3510780334473 9.45448112487793 10.0834627151489 10.8763999938965 10.4963684082031 12.9070692062378 12.9870500564575 13.2050180435181 13.2618474960327 13.388295173645 13.1722412109375 13.0634384155273 13.0314235687256 12.9330196380615 12.9244327545166 12.9501295089722 13.0395803451538 13.0599794387817 12.9856481552124 12.9974040985107 13.0123271942139 12.9564123153687 12.9450302124023 13.0199956893921 12.9802436828613 12.9127902984619 12.8561305999756 12.8729305267334 12.8873052597046
12.2061100006104 12.3645496368408 12.5267295837402 12.4360914230347 10.4667329788208 12.1110067367554 11.3566055297852 12.5823354721069 12.5747051239014 12.7707233428955 12.4225416183472 13.140097618103 12.0905694961548 12.5189428329468 12.5133266448975 12.52405834198 12.6309213638306 12.4727687835693 11.9030237197876 12.3106079101562 11.6850414276123 11.1658496856689 12.069821357727 13.2136249542236 12.4968385696411 13.1070680618286 12.1700897216797 12.1064195632935 12.0991201400757 10.1131610870361 10.7702789306641 9.49526977539063 12.3781776428223 13.1516065597534 13.1791391372681 13.1764059066772 13.3716764450073 13.2100410461426 12.8568048477173 12.795392036438 13.0360069274902 12.8641290664673 12.8918304443359 13.0411319732666 12.9766321182251 13.0606594085693 13.0598602294922 12.9786920547485 13.0273532867432 13.0112180709839 12.9442768096924 12.9155826568604 12.9173793792725 12.9379377365112 12.918568611145 12.8672742843628 12.8795747756958
12.0527820587158 12.5471038818359 12.5534210205078 11.8691730499268 11.1355276107788 12.935396194458 12.5118808746338 13.2204637527466 12.8823280334473 12.7222585678101 12.5109548568726 12.7691135406494 11.854320526123 12.2826261520386 12.2651672363281 12.5802879333496 12.2147665023804 12.0125780105591 12.0215578079224 12.1171884536743 12.0690956115723 12.1430807113647 12.7647504806519 12.868257522583 12.5586090087891 11.9706239700317 12.0862522125244 11.2024269104004 12.2656803131104 11.3666257858276 11.0581426620483 12.5101318359375 12.5597839355469 11.9015340805054 12.7618398666382 13.222336769104 13.0847568511963 12.6995429992676 12.7466793060303 12.8259906768799 12.6891345977783 12.8621587753296 12.9431791305542 12.9807395935059 13.1234302520752 13.0038900375366 13.0985813140869 13.0261287689209 12.9961700439453 13.0395069122314 12.9144315719604 12.9537792205811 12.9376811981201 12.9102296829224 12.9793567657471 12.9348669052124 12.875883102417
12.5236787796021 12.6897869110107 12.3176097869873 10.6394309997559 9.23789596557617 10.281774520874 9.68104934692383 11.8162937164307 13.2030277252197 12.8621006011963 12.8144369125366 12.6753664016724 12.4672927856445 11.4424428939819 12.8493432998657 11.6024475097656 12.4735136032104 12.3639373779297 12.0735549926758 12.212815284729 12.1491565704346 11.8283042907715 11.3281898498535 12.5786924362183 11.3019866943359 12.6430721282959 11.6266527175903 12.158392906189 12.3880405426025 12.1823205947876 13.0641489028931 12.6695499420166 13.1384696960449 12.2108316421509 12.7839698791504 13.0143356323242 12.6721057891846 12.7412557601929 12.7089881896973 12.6084432601929 12.7727460861206 12.7219429016113 12.9807920455933 12.8249864578247 12.9792470932007 13.1309041976929 13.0426464080811 13.050763130188 12.9613218307495 12.9960508346558 13.0312490463257 12.919638633728 12.8948907852173 12.868145942688 12.9239368438721 12.9394388198853 12.9362478256226
