riqueza.asc
ncols  804
nrows  378
xllcorner  -74.6418056
yllcorner  17.2248604
cellsize 0.00833333370646766
NODATA_value  -9999
[rows 300 to 324 of 378, columns 342 to 398 of 804]
0 0 0 0 0 0 0 0 0 0 0 0 0 0 0 0 12.9420156478882 12.5820474624634 12.3557014465332 12.5256576538086 12.3344087600708 11.4485282897949 11.5303640365601 11.8100748062134 11.9833183288574 12.4564580917358 12.3860921859741 12.3673448562622 12.3481025695801 11.9408407211304 12.2550411224365 13.1104707717896 13.2176580429077 13.1641464233398 13.0046949386597 12.9276428222656 12.9396305084229 13.0033416748047 12.933521270752 12.9909114837646 13.0567197799683 13.0955142974854 12.9088573455811 12.9768695831299 13.106837272644 13.3409633636475 13.1743602752686 13.1492986679077 13.0133485794067 12.8336477279663 13.4607620239258 13.5199737548828 13.8528385162354 13.4354734420776 13.3431119918823 13.7078685760498 13.8025522232056
0 0 0 0 0 0 0 0 0 0 0 0 0 0 0 0 0 12.6071872711182 12.3268413543701 12.536190032959 11.4315319061279 11.1658592224121 12.3601303100586 12.6911087036133 12.4549169540405 12.5819644927979 12.5691890716553 12.565071105957 12.6751956939697 12.7111921310425 13.188756942749 13.1751613616943 13.2512397766113 13.3264045715332 13.2326564788818 13.1552457809448 13.1053533554077 13.1149082183838 13.0989551544189 13.1286363601685 13.1529655456543 13.1440658569336 13.070897102356 13.0310897827148 13.271466255188 13.3292713165283 13.5406475067139 13.4112596511841 13.558048248291 13.8555994033813 13.901086807251 13.7649965286255 13.7446575164795 12.9789371490479 13.5146265029907 13.7044515609741 13.7729978561401
0 0 0 0 0 0 0 0 0 0 0 0 0 0 0 0 0 12.6374492645264 12.3522520065308 12.3451719284058 11.6826848983765 11.6586170196533 12.4255399703979 12.7430934906006 13.0284538269043 13.1688385009766 13.096137046814 13.1112194061279 13.21861743927 13.225679397583 13.1523132324219 13.1551885604858 13.1567316055298 13.319356918335 13.4285001754761 13.3750457763672 13.31565284729 13.269232749939 13.3412427902222 13.3975763320923 13.3366241455078 13.2413120269775 13.3646240234375 13.2651138305664 13.3484897613525 13.3823499679565 13.3142642974854 13.3411083221436 13.6816778182983 13.7108860015869 13.7439517974854 13.8230838775635 13.2719593048096 13.1647243499756 13.7685575485229 13.675609588623 13.7029705047607
0 0 0 0 0 0 0 0 0 0 0 0 0 0 0 0 0 0 12.3620872497559 12.2360534667969 12.0354747772217 11.6158714294434 12.1980104446411 12.6999244689941 12.9300346374512 13.0552635192871 13.1507024765015 13.1689729690552 13.2188758850098 13.2297039031982 13.2259998321533 13.2845697402954 13.2299013137817 13.2641859054565 13.3901042938232 13.3733034133911 13.3684320449829 13.4714527130127 13.5431213378906 13.5845136642456 13.4476013183594 13.4794120788574 13.33629322052 13.3630504608154 13.2332210540771 13.3798379898071 13.6738185882568 13.5009794235229 13.5400485992432 13.7460861206055 13.7602262496948 13.6452865600586 13.387264251709 13.6279373168945 13.9040050506592 13.904956817627 13.9288759231567
0 0 0 0 0 0 0 0 0 0 0 0 0 0 0 0 0 0 12.7621793746948 12.3530712127686 11.7667579650879 11.5995607376099 12.0553894042969 12.5320892333984 12.7873001098633 12.9444770812988 13.1070642471313 13.266092300415 13.3263626098633 13.2803497314453 13.1520938873291 13.3008127212524 13.4292106628418 13.4413433074951 13.4681978225708 13.4476871490479 13.3998918533325 13.6557455062866 13.6707029342651 13.6039447784424 13.5747299194336 13.4795389175415 13.5098514556885 13.5359811782837 13.6290493011475 13.4155349731445 13.5685386657715 13.3443212509155 13.5535373687744 13.8173170089722 13.9075574874878 13.7809314727783 13.6098718643188 13.9300374984741 13.9738159179688 13.8797225952148 13.909740447998
0 0 0 0 0 0 0 0 0 0 0 0 0 0 0 0 0 0 0 12.753155708313 12.0970449447632 11.7675933837891 11.7913951873779 11.9936599731445 12.2613534927368 12.5784692764282 12.711688041687 12.8747835159302 13.1161203384399 13.2825183868408 13.2012271881104 13.3119659423828 13.4082479476929 13.4279384613037 13.4615182876587 13.4473333358765 13.4289073944092 13.6822538375854 13.6589517593384 13.707537651062 13.565860748291 13.5737190246582 13.7124290466309 13.7716999053955 13.7392024993896 13.6827049255371 13.5870199203491 13.5966234207153 13.5078773498535 13.489333152771 13.7598571777344 13.7370805740356 13.6094036102295 13.9098682403564 13.9290266036987 13.8863477706909 13.879656791687
0 0 0 0 0 0 0 0 0 0 0 0 0 0 0 0 0 0 13.1052436828613 12.950514793396 12.643310546875 12.4529619216919 12.2242841720581 12.0036535263062 12.0283441543579 12.0686597824097 12.1765985488892 12.290452003479 12.6138601303101 12.9854526519775 13.0868082046509 13.4122638702393 13.4058074951172 13.2726593017578 13.5290126800537 13.4558916091919 13.4300031661987 13.4179525375366 13.7368049621582 13.7755517959595 13.7669763565063 13.7671184539795 13.7316884994507 13.8669080734253 13.8446559906006 13.8436698913574 13.8214073181152 13.8199195861816 13.7446050643921 13.6242094039917 13.5878772735596 13.5697269439697 13.905704498291 13.9631156921387 13.9839038848877 13.9209823608398 13.9594202041626
0 0 0 0 0 0 0 0 0 0 0 0 0 0 0 0 13.2157354354858 0 13.0163888931274 12.9932155609131 12.9157304763794 12.8713274002075 12.8866415023804 12.7409439086914 12.5992422103882 12.4308528900146 12.3815259933472 12.3860425949097 12.4034633636475 12.7313375473022 12.9939584732056 13.1651105880737 13.4471874237061 13.2591238021851 13.2455005645752 13.4982719421387 13.5335788726807 13.5172882080078 13.5630140304565 13.7716770172119 13.8449716567993 13.7813377380371 13.8431377410889 13.8209676742554 13.8519554138184 13.8797960281372 13.8904523849487 13.8843307495117 13.9208860397339 13.9073133468628 13.8393039703369 13.7765741348267 13.9160633087158 13.9849281311035 13.9544954299927 13.9502277374268 13.9181423187256
0 0 0 0 0 0 0 0 0 0 0 0 0 0 0 0 13.1728792190552 13.1584815979004 13.1496553421021 13.1518239974976 13.0284986495972 13.0951642990112 13.1746883392334 13.0935230255127 13.0648517608643 12.9541282653809 12.7333488464355 12.6228313446045 12.6603336334229 12.7335720062256 12.9960460662842 12.91672706604 13.1466398239136 13.5261278152466 13.5062627792358 13.5905494689941 13.6307058334351 13.5926761627197 13.5991325378418 13.6776485443115 13.8473405838013 13.8848123550415 13.8684387207031 13.8562841415405 13.8601264953613 13.9532928466797 13.9606895446777 13.9566240310669 13.923168182373 13.9257020950317 13.9512310028076 13.9833354949951 14.0312261581421 13.9520921707153 14.0113439559937 13.929027557373 13.9510116577148
0 0 0 0 0 0 0 0 0 0 0 0 0 0 0 13.1779956817627 13.2641830444336 13.3057498931885 13.3193788528442 13.2572221755981 13.2147521972656 13.0733337402344 13.1503648757935 13.2082500457764 13.1150207519531 13.0445613861084 13.0189170837402 12.7893838882446 12.7900657653809 12.7570962905884 12.749077796936 12.8015127182007 13.1030969619751 13.4335279464722 13.5327529907227 13.429141998291 13.4993562698364 13.7768707275391 13.7566795349121 13.7267684936523 13.627498626709 13.76744556427 13.8979444503784 13.9536123275757 13.9259519577026 13.9107360839844 13.9532022476196 13.956072807312 13.9349222183228 13.9332313537598 13.9537305831909 13.9690036773682 13.9716358184814 13.9536409378052 13.9759206771851 13.9361867904663 0
0 0 0 0 0 0 0 0 0 0 0 0 0 0 0 13.2515230178833 13.3903388977051 13.51291847229 13.51526927948 13.3664646148682 13.2877969741821 13.230884552002 13.2089166641235 13.2840404510498 13.2227401733398 13.1691780090332 13.0037240982056 12.823543548584 12.8276605606079 12.7833776473999 12.7544116973877 12.7812128067017 13.0654153823853 13.4112167358398 13.4709939956665 13.369026184082 13.4577627182007 13.8310632705688 13.7931938171387 13.7339639663696 13.6771287918091 13.8313884735107 13.937388420105 13.9439516067505 13.8966197967529 13.8988523483276 13.9938526153564 14.0508842468262 14.0151739120483 13.9851694107056 13.9669589996338 13.9689340591431 13.96617603302 13.9590282440186 13.9617071151733 13.959810256958 0
0 0 0 0 0 0 0 0 0 0 0 0 0 0 13.4460935592651 13.2279233932495 13.5138359069824 13.638973236084 13.75661277771 13.6296558380127 13.4564113616943 13.4314308166504 13.291464805603 13.2158088684082 13.3244218826294 13.2706518173218 13.1630277633667 13.0599155426025 12.832221031189 12.7328405380249 12.6490964889526 12.7012424468994 12.9546823501587 13.3213043212891 13.5016899108887 13.4173669815063 13.4861993789673 13.3894815444946 13.5913305282593 13.7214775085449 13.6022615432739 13.7340784072876 13.9238243103027 13.9879837036133 13.9309349060059 13.8666467666626 13.8482551574707 13.8461418151855 13.9158639907837 13.9282989501953 13.9482679367065 13.9980144500732 13.9825878143311 13.9770812988281 13.9871387481689 0 0
0 0 0 0 0 0 0 0 0 0 0 13.5717630386353 13.3989820480347 13.313515663147 12.9480562210083 12.9611616134644 13.6462545394897 13.6675186157227 13.7491540908813 13.7605419158936 13.6042737960815 13.4209671020508 13.4522666931152 13.2285270690918 13.1144075393677 13.1428642272949 12.9413347244263 12.8654556274414 12.6505708694458 12.5169849395752 12.3827877044678 12.3684301376343 12.6911373138428 13.2703161239624 13.0869913101196 13.3605165481567 13.4138412475586 13.2354726791382 13.5424528121948 13.6774787902832 13.4959297180176 13.6169033050537 13.7318229675293 13.8735389709473 14.013204574585 14.0229759216309 14.0292177200317 14.0131797790527 13.7388486862183 13.8214550018311 14.0264186859131 14.0397891998291 14.0239677429199 14.0059070587158 13.9995374679565 0 0
0 0 0 0 0 0 0 0 0 0 0 0 13.3901824951172 13.349118232727 13.2037754058838 13.4781656265259 13.4835023880005 13.6042127609253 13.5640068054199 13.7840709686279 13.7059831619263 13.5377674102783 13.3917016983032 13.3630428314209 13.4690456390381 13.4203615188599 13.3242206573486 13.2030630111694 13.0515079498291 12.8340358734131 12.3701047897339 11.9840068817139 12.155101776123 12.6268215179443 12.8952150344849 13.0621995925903 13.1333169937134 13.1510391235352 13.660120010376 13.7163724899292 13.6991386413574 13.7218971252441 13.7867574691772 13.7631015777588 13.8207550048828 13.9667692184448 14.1835222244263 14.2405796051025 13.9621467590332 13.8421382904053 14.0318746566772 14.061505317688 14.055811882019 14.0311737060547 0 0 0
0 0 0 0 0 0 0 0 0 0 0 0 0 13.1985549926758 12.9063282012939 13.1325998306274 13.4872970581055 13.2992401123047 13.5675821304321 0 0 0 0 0 0 0 0 0 0 13.3081016540527 13.1470546722412 12.6222648620605 12.1336326599121 12.0474071502686 12.5528507232666 12.5107307434082 12.5752868652344 12.905294418335 13.719651222229 13.8056697845459 13.7739171981812 13.7745923995972 13.8194026947021 13.9335041046143 14.0188856124878 14.0655107498169 14.1488580703735 14.2571401596069 13.8684711456299 13.8612842559814 14.0448474884033 14.0698919296265 14.0817127227783 14.0673122406006 0 0 0
0 0 0 0 0 0 0 0 0 0 0 0 0 0 0 0 0 0 0 0 0 0 0 0 0 0 0 0 0 0 0 13.3554277420044 12.9616012573242 12.6472225189209 12.3691968917847 12.3369159698486 12.2177057266235 12.4016437530518 13.373571395874 13.7808399200439 13.8161716461182 13.871488571167 14.0036687850952 13.9971218109131 13.8458671569824 14.0684337615967 14.2113227844238 14.0395469665527 13.8737926483154 14.028094291687 14.0606832504272 14.0228939056396 14.0670223236084 14.0845212936401 0 0 0
0 0 0 0 0 0 0 0 0 0 0 0 0 0 0 0 0 0 0 0 0 0 0 0 0 0 0 0 0 0 0 0 13.4876346588135 13.3070306777954 12.8774480819702 12.2337131500244 12.1316251754761 12.0460739135742 12.7715349197388 13.8014678955078 13.8356275558472 13.8290252685547 13.9428462982178 14.0785350799561 14.0227155685425 14.1037454605103 14.1628122329712 14.017707824707 13.9881629943848 14.0566844940186 14.0833902359009 14.1343231201172 14.0706777572632 0 0 0 0
0 0 0 0 0 0 0 0 0 0 0 0 0 0 0 0 0 0 0 0 0 0 0 0 0 0 0 0 0 0 0 0 0 13.4686250686646 13.2982606887817 12.5185842514038 12.5211448669434 12.0733690261841 12.1925601959229 13.4540786743164 13.7261829376221 13.8658657073975 13.9724760055542 14.0426816940308 14.0785808563232 14.0312767028809 14.1171445846558 14.1940975189209 14.0415992736816 14.0712375640869 14.1258401870728 14.0860033035278 14.1039085388184 0 0 0 0
0 0 0 0 0 0 0 0 0 0 0 0 0 0 0 0 0 0 0 0 0 0 0 0 0 0 0 0 0 0 0 0 0 0 13.5029954910278 13.1744213104248 13.1624774932861 12.2351865768433 11.8641796112061 12.6341562271118 13.8434038162231 13.8688793182373 14.0139493942261 14.0491666793823 14.1300525665283 14.0446643829346 14.2192878723145 14.1407270431519 13.9843034744263 14.1777067184448 14.1184148788452 14.1325769424438 14.1089925765991 0 0 0 0
0 0 0 0 0 0 0 0 0 0 0 0 0 0 0 0 0 0 0 0 0 0 0 0 0 0 0 0 0 0 0 0 0 0 0 13.5357027053833 13.5031633377075 13.0002670288086 12.2055835723877 12.0944004058838 13.5333614349365 13.9337959289551 14.0100936889648 14.0919122695923 14.164249420166 14.1198425292969 14.225043296814 14.1098299026489 14.0045585632324 14.2710103988647 14.1003942489624 14.1303339004517 0 0 0 0 0
0 0 0 0 0 0 0 0 0 0 0 0 0 0 0 0 0 0 0 0 0 0 0 0 0 0 0 0 0 0 0 0 0 0 0 13.6728143692017 13.6323585510254 13.4979219436646 12.7726469039917 11.918532371521 13.1878900527954 14.0129823684692 14.0214614868164 14.0738039016724 14.2991018295288 14.3405323028564 14.1672258377075 13.9690160751343 14.114917755127 14.2647619247437 14.2104949951172 14.0806608200073 0 0 0 0 0
0 0 0 0 0 0 0 0 0 0 0 0 0 0 0 0 0 0 0 0 0 0 0 0 0 0 0 0 0 0 0 0 0 0 0 0 13.7313632965088 13.6404867172241 13.3854942321777 12.1949052810669 11.9157037734985 13.8341875076294 14.0056953430176 14.1535778045654 14.3244600296021 14.2695960998535 14.0654630661011 14.0800733566284 14.2980003356934 14.2658929824829 14.1831502914429 14.1890354156494 0 0 0 0 0
0 0 0 0 0 0 0 0 0 0 0 0 0 0 0 0 0 0 0 0 0 0 0 0 0 0 0 0 0 0 0 0 0 0 0 0 13.7867784500122 13.7381372451782 13.7050886154175 13.5263051986694 12.1697082519531 12.7565994262695 13.9321584701538 14.2307949066162 14.3798389434814 14.4886245727539 14.1501350402832 13.9519233703613 14.3015813827515 14.2112159729004 14.1429796218872 0 0 0 0 0 0
0 0 0 0 0 0 0 0 0 0 0 0 0 0 0 0 0 0 0 0 0 0 0 0 0 0 0 0 0 0 0 0 0 0 0 0 13.8779630661011 13.8109703063965 13.7682123184204 13.7377300262451 13.3017559051514 12.9276514053345 13.8273735046387 14.2312431335449 14.3330717086792 14.4515743255615 14.2144212722778 14.2036190032959 14.3468599319458 14.1321153640747 14.1624622344971 0 0 0 0 0 0
0 0 0 0 0 0 0 0 0 0 0 0 0 0 0 0 0 0 0 0 0 0 0 0 0 0 0 0 0 0 0 0 0 0 0 0 0 13.8874683380127 13.77126121521 13.8094902038574 13.437183380127 13.1499681472778 13.7865743637085 14.1563301086426 14.3044424057007 14.4414291381836 14.2170209884644 14.4880657196045 14.2998056411743 14.0574760437012 14.2386646270752 0 0 0 0 0 0
