riqueza.asc
ncols  804
nrows  378
xllcorner  -74.6418056
yllcorner  17.2248604
cellsize 0.00833333370646766
NODATA_value  -9999
[rows 150 to 174 of 378, columns 570 to 626 of 804]
11.497597694397 11.9066982269287 11.5407867431641 11.4472045898438 11.7163038253784 11.9786252975464 11.8432331085205 11.9721031188965 11.9978628158569 11.9642724990845 11.8800888061523 11.9253959655762 12.2949619293213 12.2421388626099 12.6133146286011 12.6460800170898 12.6673097610474 12.7028646469116 12.7108840942383 12.6913709640503 12.6823682785034 12.6762895584106 12.6853914260864 12.6395530700684 12.6544570922852 12.8005294799805 12.9429054260254 13.1368131637573 13.1381406784058 13.2516784667969 13.1024084091187 0 0 0 0 0 0 0 0 0 0 0 0 0 0 0 0 0 0 0 0 0 0 0 0 0 0
11.8120861053467 12.5226287841797 12.246169090271 12.2469873428345 11.4838581085205 11.3578510284424 11.181830406189 11.6484603881836 11.4745779037476 11.5392370223999 11.7319679260254 11.9261980056763 11.7363958358765 11.7741250991821 12.2493734359741 11.8847999572754 11.9833726882935 11.9319829940796 12.2241725921631 12.145848274231 12.1066780090332 12.2898817062378 12.2781591415405 12.2882204055786 12.2234525680542 12.6967630386353 12.5879793167114 12.8589496612549 13.3145160675049 13.0032062530518 13.1342315673828 0 0 0 0 0 0 0 0 0 0 0 0 0 0 0 0 0 0 0 0 0 0 0 0 0 0
11.3194360733032 11.771782875061 12.1904220581055 12.2927465438843 12.3951034545898 11.8693313598633 11.8501291275024 11.6614255905151 11.7401971817017 11.7807197570801 11.9929733276367 12.3041687011719 11.9379224777222 11.7289237976074 11.7242403030396 11.5023164749146 11.7045364379883 11.7502994537354 11.7503490447998 11.7747611999512 11.4585342407227 11.8108882904053 11.6078615188599 11.6979389190674 11.7759790420532 12.2659845352173 12.3377666473389 12.6734371185303 13.0234870910645 13.0590887069702 0 0 0 0 0 0 0 0 0 0 0 0 0 0 0 0 0 0 0 0 0 13.5068349838257 13.4898099899292 13.5123901367188 13.5017614364624 13.5630970001221 13.6726207733154
11.2303438186646 12.1667127609253 12.0704898834229 12.0653381347656 12.3389253616333 12.2851104736328 12.4162349700928 12.0005950927734 12.2270164489746 12.2381105422974 12.2968587875366 12.3334274291992 12.3237380981445 12.7327718734741 11.9854793548584 12.4941205978394 12.3434257507324 12.3997220993042 11.9891376495361 11.888991355896 12.0751733779907 12.0202312469482 12.2673473358154 12.3518266677856 12.4288702011108 12.1138935089111 12.6502094268799 13.0949392318726 13.0044994354248 12.8891124725342 12.3935422897339 12.5655488967896 0 0 0 0 0 0 12.4741020202637 12.8597450256348 0 12.7481861114502 0 0 12.8455371856689 12.5189628601074 0 0 0 13.4440355300903 13.4814481735229 13.4594669342041 13.4795560836792 13.4807987213135 13.5118036270142 13.631986618042 13.6518306732178
11.0904445648193 12.1168899536133 12.025107383728 11.8794050216675 12.1338043212891 12.0659475326538 12.2741193771362 11.9198780059814 12.219241142273 12.2264595031738 12.2372264862061 12.1905698776245 12.2424364089966 12.7834224700928 12.0301513671875 12.60706615448 12.5370006561279 12.6535930633545 12.1826505661011 12.0889205932617 12.2742137908936 12.2195653915405 12.5848827362061 12.6694002151489 12.7370309829712 12.4453563690186 12.8687076568604 13.1691226959229 12.994288444519 12.9634609222412 12.4230699539185 12.4842214584351 0 0 0 0 11.9867248535156 12.3391084671021 12.5770902633667 12.9817848205566 12.8110914230347 12.6908369064331 12.6576747894287 12.9305543899536 12.9653263092041 12.8399620056152 13.3309535980225 13.3853349685669 0 13.4558563232422 0 0 0 13.5342845916748 13.5758399963379 13.6877565383911 13.6766290664673
11.6381034851074 12.2761268615723 12.1238660812378 12.0201568603516 12.0373258590698 12.0678157806396 12.0636053085327 12.1381225585938 12.2048044204712 12.3503799438477 12.2690591812134 12.0274620056152 12.523362159729 12.6723709106445 12.8661918640137 12.9770660400391 12.7680788040161 12.7947559356689 12.7541961669922 12.7444124221802 12.9504346847534 12.7754230499268 13.0588998794556 13.1427145004272 13.3084135055542 12.9399662017822 13.1351337432861 13.0515985488892 13.3507890701294 12.9801435470581 12.074559211731 11.7075061798096 12.0564393997192 11.7330894470215 11.845627784729 11.925106048584 11.7688369750977 12.0514106750488 12.6122074127197 12.5415630340576 12.4265699386597 12.4280252456665 12.3059101104736 12.6362562179565 12.4906120300293 13.103759765625 12.7899036407471 13.2368478775024 13.2329120635986 13.4426155090332 13.5308151245117 13.3747911453247 13.6258134841919 13.5437593460083 13.5435409545898 13.6581497192383 13.7427434921265
11.6671657562256 11.9862279891968 12.0527648925781 11.7460145950317 11.8034410476685 11.7261543273926 11.9611310958862 12.0301733016968 12.0403251647949 12.1438703536987 12.0221290588379 12.2645206451416 12.7167959213257 12.5684051513672 12.686861038208 12.7565231323242 12.6716976165771 12.9223823547363 12.9302968978882 13.1172580718994 13.0648908615112 12.9971809387207 12.8297853469849 12.9444217681885 13.2328338623047 13.2767667770386 12.7503604888916 12.9606266021729 12.6897888183594 12.8223829269409 12.9354677200317 11.7802476882935 11.9495286941528 11.9794902801514 11.9904947280884 11.9428434371948 12.5730695724487 12.7553434371948 13.0949764251709 12.9495038986206 12.9253873825073 12.9007978439331 12.8615894317627 12.4969129562378 12.9619369506836 13.5975351333618 13.5150556564331 12.8754892349243 12.8922576904297 13.2258167266846 13.0649566650391 13.727219581604 13.3132781982422 13.5715417861938 13.565878868103 13.6048612594604 13.6491813659668
11.5454778671265 11.82493019104 11.8397464752197 11.6840486526489 11.5738649368286 11.917459487915 11.9071359634399 11.8849754333496 11.9002132415771 12.0055093765259 12.1069746017456 12.3073120117188 12.4902544021606 12.69944190979 12.652886390686 12.4947900772095 12.7584838867188 12.8600654602051 13.0110530853271 12.709264755249 12.9829940795898 12.7911596298218 13.0826778411865 13.2044868469238 13.1172542572021 13.2351379394531 12.7228307723999 11.9370431900024 12.4572916030884 12.4643707275391 12.7456617355347 12.6813688278198 12.319242477417 12.6374073028564 12.8352766036987 12.6447696685791 13.1710948944092 13.2379541397095 13.243335723877 13.4724197387695 13.4289846420288 13.401086807251 13.2508535385132 13.1142902374268 13.4211902618408 13.5734043121338 14.0483522415161 13.6213502883911 13.7006616592407 13.8659515380859 13.6959438323975 13.0466156005859 13.6881999969482 13.6951589584351 13.6421527862549 13.5989217758179 13.6113290786743
11.4233274459839 11.6803369522095 11.6983308792114 11.8064260482788 12.0258026123047 12.0387353897095 11.8951377868652 11.8889112472534 12.0389003753662 11.8925542831421 11.9866733551025 12.0663566589355 12.3601875305176 12.5078582763672 12.5855693817139 12.6922969818115 12.8761568069458 13.0279407501221 13.119457244873 12.9519691467285 12.6722526550293 12.8998823165894 13.0331192016602 13.1094970703125 13.057788848877 12.788818359375 12.6593561172485 12.3199777603149 11.9794092178345 12.4228200912476 12.5223455429077 12.7645673751831 12.6674270629883 12.805326461792 12.8155899047852 13.362380027771 13.2850399017334 13.1811170578003 13.1458950042725 13.1817493438721 13.16676902771 13.3620119094849 13.5537557601929 13.7452955245972 14.0091686248779 14.0928888320923 14.0097713470459 14.2100496292114 14.1901073455811 14.2554321289062 14.1867399215698 13.6367807388306 12.8474817276001 13.2420110702515 13.5475854873657 13.7459592819214 13.6171407699585
11.3587999343872 11.5524988174438 11.7703380584717 11.8651351928711 12.1734104156494 12.0601997375488 12.1681861877441 12.1237325668335 12.0322103500366 11.853289604187 11.9888076782227 12.2253818511963 12.3908910751343 12.5372953414917 12.7054624557495 12.7493553161621 12.8068742752075 13.0183753967285 12.9861726760864 13.0615215301514 12.9210214614868 13.0108528137207 12.9185552597046 12.9311857223511 12.9220762252808 12.5318632125854 12.4546709060669 12.3180522918701 12.3995189666748 12.5870370864868 12.5300588607788 12.5952930450439 12.5902051925659 12.6578254699707 13.0803546905518 13.4290571212769 13.354603767395 13.1222658157349 12.9230108261108 13.0381145477295 13.1917371749878 13.5844392776489 13.7095880508423 13.7831964492798 13.897834777832 13.9851112365723 13.9568128585815 14.2059688568115 14.2186555862427 13.9839105606079 14.2961359024048 14.1204681396484 13.7937526702881 13.3395347595215 12.7623615264893 13.4568777084351 13.7933959960938
11.3167095184326 11.4514675140381 11.6397037506104 11.8228387832642 11.7400140762329 12.2290458679199 12.1082887649536 11.9761867523193 11.9392700195313 11.7910375595093 12.0135650634766 12.151704788208 12.3439922332764 12.6280069351196 12.7337465286255 13.0027074813843 12.9595985412598 12.8120107650757 12.9429740905762 13.1433639526367 12.9814195632935 12.9661245346069 12.9012298583984 12.8354873657227 12.8047199249268 12.5645704269409 12.1263704299927 12.2967138290405 12.3870143890381 12.6540269851685 12.6999950408936 12.8396110534668 12.6274518966675 12.8897066116333 13.3367891311646 13.403600692749 13.3071002960205 13.1538124084473 13.0851469039917 13.127197265625 13.4201231002808 13.5388164520264 13.7049770355225 13.7590007781982 13.8489551544189 13.9412384033203 14.0540065765381 14.098783493042 14.0377244949341 14.0723304748535 14.1389141082764 14.2364311218262 14.2582864761353 14.2789859771729 14.2089433670044 12.8616180419922 13.5709476470947
11.0739116668701 11.4580631256104 11.4398965835571 11.4721260070801 12.0153160095215 11.9321241378784 11.9145631790161 11.8523817062378 11.6840257644653 11.7903470993042 12.013729095459 11.990442276001 12.2144002914429 12.4664783477783 12.7281522750854 12.8328018188477 13.0381622314453 12.8623304367065 12.8118028640747 12.9585809707642 12.9734945297241 12.7348709106445 12.7248067855835 12.5790634155273 12.6534242630005 12.447624206543 12.3512277603149 12.3027229309082 12.3352451324463 12.4036226272583 12.5923652648926 12.9123039245605 12.9714708328247 13.2556428909302 13.4026174545288 13.3929052352905 13.2669696807861 13.1611824035645 13.2755365371704 13.4371118545532 13.5899515151978 13.6999645233154 13.6597852706909 13.610463142395 13.6473684310913 13.8287973403931 14.0307455062866 14.1893005371094 14.1177473068237 13.9523706436157 14.1943502426147 14.2054662704468 14.0307006835938 14.1003665924072 14.3409585952759 14.0098295211792 13.7195625305176
10.4902601242065 11.1953926086426 11.2569580078125 11.6749362945557 11.6329030990601 11.7502746582031 11.7907228469849 11.6384553909302 11.7691802978516 11.8861703872681 11.8854351043701 11.982684135437 12.2797689437866 12.5192918777466 12.826024055481 12.7558860778809 12.8097162246704 12.7642269134521 12.8620014190674 12.8741178512573 12.8530397415161 12.7321605682373 12.5881023406982 12.4573316574097 12.4153366088867 12.3421716690063 12.6868162155151 12.413610458374 12.3248062133789 12.4070768356323 12.7404193878174 12.8943166732788 13.0388975143433 13.1527490615845 13.3305082321167 13.2295751571655 13.2209768295288 13.4713802337646 13.3441600799561 13.5283632278442 13.7114486694336 13.832010269165 13.6303768157959 13.3969745635986 13.6359310150146 13.6202592849731 14.0606136322021 14.0756921768188 14.2167987823486 13.9471435546875 13.9707193374634 14.1071491241455 14.20583152771 14.2342596054077 14.0530853271484 14.0069789886475 13.7502822875977
11.036919593811 10.5064916610718 11.1833429336548 11.4424486160278 11.6551055908203 11.4503898620605 11.5584964752197 11.7709350585938 11.8155670166016 11.9772520065308 11.9907302856445 11.9717445373535 12.2672672271729 12.5372486114502 12.8658609390259 12.9056644439697 12.7295894622803 12.788122177124 12.839599609375 12.8646116256714 12.6471891403198 12.5677442550659 12.6223096847534 12.6102457046509 12.5800361633301 12.6587076187134 12.7638072967529 12.4053840637207 12.3973159790039 12.4730672836304 12.9520740509033 13.1914043426514 13.1815347671509 12.9820642471313 13.2128829956055 13.2205867767334 13.0525484085083 13.4088201522827 13.389669418335 13.5899839401245 13.6552085876465 13.7520313262939 13.7942562103271 13.4957008361816 13.5744924545288 13.7690181732178 13.8623075485229 14.0680389404297 14.0682535171509 13.9831829071045 13.8177299499512 14.0505867004395 13.9297466278076 14.0418548583984 14.3569765090942 14.3044929504395 14.0622453689575
10.1107912063599 11.1786298751831 11.4387264251709 11.4916744232178 11.2165012359619 11.617751121521 11.7507848739624 11.643988609314 11.8695840835571 11.9016084671021 11.8630981445313 12.1463584899902 12.4086446762085 12.6368560791016 12.7301969528198 12.8671350479126 12.89501953125 12.7715559005737 12.8714618682861 12.7066478729248 12.4613609313965 12.4176139831543 12.4143590927124 12.4913549423218 12.5385456085205 12.8183736801147 12.6756181716919 12.6241178512573 12.3015880584717 12.5898561477661 13.1658306121826 13.2314443588257 13.3349885940552 13.2438354492187 13.0439119338989 13.3271160125732 13.4349870681763 13.1741676330566 13.4655828475952 13.5213384628296 13.6032781600952 13.7967109680176 13.812798500061 13.7044315338135 13.8263826370239 13.6663961410522 13.9268398284912 13.9301929473877 14.1135635375977 14.0027084350586 13.7524356842041 13.8571949005127 13.7196140289307 13.2985391616821 13.5146045684814 13.4492902755737 13.4250240325928
11.0520677566528 10.515305519104 10.8905620574951 11.2606353759766 11.5690631866455 11.6071243286133 11.4970703125 11.7947769165039 11.8719415664673 11.8527154922485 12.0826349258423 12.3385753631592 12.4551296234131 12.5838174819946 12.715220451355 12.7310676574707 12.9093408584595 13.028847694397 12.6506290435791 12.6688270568848 12.3995628356934 12.2229785919189 12.2087154388428 12.3391628265381 12.5238723754883 12.738823890686 12.7309865951538 12.6100997924805 12.5112218856812 12.7996129989624 13.1776494979858 13.4138860702515 13.3742122650146 13.3470296859741 13.3124732971191 13.1806135177612 13.4008512496948 13.3798484802246 13.4789571762085 13.5177717208862 13.75794506073 13.8704805374146 13.8774433135986 13.788631439209 13.8878288269043 13.9251718521118 13.6793918609619 13.8940744400024 14.0223770141602 14.0906763076782 13.8720836639404 13.9420280456543 13.7413673400879 14.1743011474609 12.6700439453125 13.3060855865479 13.5106220245361
10.9957580566406 11.2800559997559 11.2540845870972 10.6951293945312 11.4330978393555 11.2921895980835 11.6632518768311 11.9428043365479 12.0049610137939 11.9803371429443 12.0112171173096 12.25901222229 12.3344821929932 12.4139232635498 12.5496006011963 12.7283325195313 12.7093257904053 12.9627752304077 12.8563089370728 12.6253938674927 12.4037895202637 12.0524978637695 12.1223602294922 12.2912588119507 12.5677556991577 12.7803115844727 12.8111925125122 12.6007118225098 12.5741577148438 12.7808017730713 13.2010698318481 13.4106645584106 13.4219093322754 13.3247623443604 13.3649997711182 13.4274158477783 13.3517866134644 13.3279981613159 13.5267276763916 13.7132520675659 13.7664203643799 13.7988424301147 13.7714958190918 13.792407989502 13.8971710205078 14.0259675979614 13.7647294998169 13.9033851623535 13.9969539642334 14.0663394927979 14.0548162460327 14.1311655044556 14.4341735839844 13.4982624053955 13.2174940109253 13.1876831054687 13.3325672149658
11.3735065460205 11.1246032714844 10.9157981872559 11.268292427063 10.6301164627075 11.3402919769287 11.8700895309448 11.7654809951782 11.843355178833 11.8568563461304 11.9663362503052 12.2215957641602 12.3530626296997 12.4291391372681 12.5041551589966 12.7272672653198 12.8524255752563 12.7996034622192 12.8754529953003 12.6079750061035 12.3969039916992 12.2075319290161 12.1491899490356 12.2563486099243 12.5070772171021 12.9138488769531 12.7000665664673 12.5787162780762 12.5213508605957 12.6775417327881 13.1514949798584 13.3877439498901 13.3352041244507 13.3001375198364 13.328631401062 13.4912061691284 13.5177154541016 13.5246839523315 13.4934034347534 13.6228618621826 13.6792030334473 13.7595119476318 13.7498083114624 13.7390375137329 13.7387838363647 13.9777164459229 13.8311061859131 13.7119674682617 14.0392904281616 13.9522123336792 13.8507680892944 14.1784906387329 13.5870952606201 13.1500864028931 13.088586807251 13.3072786331177 13.2112588882446
10.7408962249756 11.2697477340698 11.2018203735352 11.0061845779419 11.3055410385132 11.3736782073975 11.5252847671509 11.7849225997925 11.7479610443115 12.0685367584229 12.0921754837036 12.1621694564819 12.4049940109253 12.4517621994019 12.4976301193237 12.6327486038208 12.7089414596558 12.8182306289673 12.820107460022 12.7854814529419 12.5448417663574 12.4382305145264 12.2900562286377 12.3401403427124 12.4332666397095 12.7164220809937 12.7739763259888 12.6016092300415 12.5310659408569 12.603325843811 12.9610443115234 13.3594913482666 13.4322919845581 13.3630504608154 13.3829650878906 13.4351568222046 13.5293378829956 13.4612874984741 13.614143371582 13.5749845504761 13.5810508728027 13.6638669967651 13.7990665435791 13.6398000717163 13.7515382766724 13.8226594924927 13.9382553100586 13.7396650314331 13.8967933654785 13.7035207748413 14.2013301849365 12.7836112976074 13.1694955825806 13.8464050292969 13.7432050704956 13.3614311218262 13.0302791595459
10.8422737121582 11.6278810501099 11.4228172302246 11.5136051177979 11.6047964096069 11.4144306182861 11.5310020446777 11.9344806671143 12.1046848297119 12.1604013442993 12.186375617981 12.314603805542 12.55442237854 12.771505355835 12.5690078735352 12.3550710678101 12.5650367736816 12.7403888702393 12.7708187103271 12.8006439208984 12.6988563537598 12.6001834869385 12.5290184020996 12.4867572784424 12.4954662322998 12.5035467147827 12.7510375976563 12.6230993270874 12.3850069046021 12.6170349121094 12.9589252471924 13.2423152923584 13.3440914154053 13.3781242370605 13.4426717758179 13.2722463607788 13.484338760376 13.4079160690308 13.5185451507568 13.5407400131226 13.5146942138672 13.507306098938 13.7153701782227 13.7042798995972 13.801721572876 13.8700151443481 13.9754343032837 13.8423871994019 13.8458337783813 14.162712097168 14.1394596099854 13.5046710968018 14.3268842697144 12.9916162490845 12.3850879669189 12.9348430633545 12.4935903549194
10.7111415863037 11.435510635376 11.6227169036865 11.5541706085205 11.5114126205444 11.8323669433594 11.7405157089233 11.762845993042 12.116641998291 12.2960577011108 12.4237298965454 12.683500289917 12.9321746826172 13.0277099609375 12.6051931381226 12.2099380493164 12.3006505966187 12.602409362793 12.7838344573975 12.7536573410034 12.6595840454102 12.6369695663452 12.5088424682617 12.4848289489746 12.5324411392212 12.4223642349243 12.5334243774414 12.5410585403442 12.5097732543945 12.6878118515015 12.7953701019287 13.1649684906006 13.2431316375732 13.3505430221558 13.5419769287109 13.4911727905273 13.3196983337402 13.4785308837891 13.4515790939331 13.5284023284912 13.4775094985962 13.5055675506592 13.5990266799927 13.8496198654175 13.7285957336426 13.6391124725342 13.7230739593506 13.8790092468262 13.8504076004028 14.000693321228 14.0929546356201 13.3080501556396 13.7202577590942 14.2063913345337 12.3484935760498 12.9771404266357 13.2338008880615
10.6665983200073 11.5689210891724 11.7474298477173 11.73024559021 11.7409648895264 11.8099527359009 11.966854095459 11.9312334060669 12.0288248062134 12.2801055908203 12.5250539779663 12.9190292358398 13.2107181549072 13.123610496521 12.4746084213257 12.0852365493774 12.0940170288086 12.4896650314331 12.685133934021 12.7469491958618 12.7017755508423 12.653395652771 12.5541286468506 12.556079864502 12.6092596054077 12.65452003479 12.5341777801514 12.5324897766113 12.3939304351807 12.6203861236572 12.745903968811 12.8423662185669 13.0315074920654 13.1694679260254 13.3835344314575 13.4107780456543 13.3102388381958 13.4654922485352 13.5187120437622 13.3964586257935 13.4863767623901 13.6072216033936 13.607759475708 13.623327255249 13.7953386306763 13.7011976242065 13.5426292419434 13.6098136901855 13.6740989685059 13.7676095962524 14.0242290496826 13.936595916748 13.1985931396484 14.1042652130127 13.0043859481812 12.0517272949219 12.5970067977905
11.0535984039307 11.9669208526611 12.0299053192139 11.6222524642944 11.6482429504395 12.0666904449463 12.3803567886353 12.2063465118408 11.7793025970459 12.0305318832397 12.4072275161743 12.968373298645 13.4181451797485 13.1228485107422 12.3957643508911 12.0167636871338 12.0945415496826 12.2643222808838 12.5222768783569 12.7289705276489 12.817343711853 12.7416696548462 12.6396284103394 12.7164421081543 12.8380689620972 12.8739900588989 12.4688949584961 12.2214574813843 12.3197727203369 12.5133600234985 12.6318130493164 12.7562007904053 12.888014793396 13.1198215484619 13.3484363555908 13.4380912780762 13.3443813323975 13.237585067749 13.2496032714844 13.4386129379272 13.2460670471191 13.3534908294678 13.3852643966675 13.4731378555298 13.6063098907471 13.6351747512817 13.650595664978 13.4311962127686 13.5837841033936 13.8453311920166 13.7934608459473 13.8596534729004 13.8117046356201 13.8667306900024 13.7521591186523 13.1043243408203 12.7839384078979
12.0347728729248 12.2805337905884 11.842755317688 12.0924434661865 11.6997804641724 11.9407768249512 12.5554456710815 11.9290227890015 11.6985664367676 11.6318035125732 11.9057912826538 12.8125638961792 13.4300527572632 13.0648784637451 12.4452085494995 12.4854736328125 11.7271089553833 12.4519462585449 12.6906032562256 12.630521774292 12.7814283370972 12.8927783966064 12.9629411697388 13.0880928039551 13.0090961456299 12.8736629486084 12.3295907974243 12.2143201828003 11.9689092636108 12.3971691131592 12.519775390625 12.6044912338257 12.8804035186768 13.1930809020996 13.4242401123047 13.3748292922974 13.0866870880127 12.6126289367676 12.7924509048462 12.7838411331177 12.9802799224854 13.075813293457 13.2379341125488 13.3404054641724 13.2982778549194 13.5094003677368 13.5556859970093 13.5084190368652 13.5763645172119 13.7568883895874 13.7959451675415 13.7467365264893 13.5234270095825 13.6757164001465 13.7079019546509 13.8845272064209 14.0173797607422
12.2546224594116 12.5580472946167 12.1542530059814 12.3165283203125 11.8062686920166 11.9420299530029 12.4530258178711 11.8055715560913 11.6572551727295 11.5811386108398 11.9503889083862 12.8601408004761 13.5609474182129 13.1280794143677 12.5218687057495 12.5542192459106 11.7503185272217 12.407808303833 12.7659854888916 12.6544637680054 12.8351917266846 13.0175609588623 13.2712821960449 13.4507398605347 13.2519149780273 13.1141500473022 12.5507965087891 12.3152847290039 11.9976501464844 12.337477684021 12.4335527420044 12.6751527786255 12.9864454269409 13.1836013793945 13.2493190765381 13.0047674179077 12.5884628295898 12.1943502426147 12.2745523452759 12.2950830459595 12.5926637649536 12.7945232391357 13.0782299041748 13.236515045166 13.1794748306274 13.3663568496704 13.4290466308594 13.4542026519775 13.4970598220825 13.6593828201294 13.6485290527344 13.5523710250854 13.278058052063 13.3980894088745 13.5021057128906 13.7132301330566 13.8741216659546
