riqueza.asc
ncols  804
nrows  378
xllcorner  -74.6418056
yllcorner  17.2248604
cellsize 0.00833333370646766
NODATA_value  -9999
[rows 225 to 249 of 378, columns 171 to 227 of 804]
0 0 0 0 0 0 0 0 0 0 0 0 0 0 0 0 0 0 0 0 0 0 0 0 0 0 0 0 0 0 0 0 0 0 0 0 0 0 0 0 0 0 0 0 0 0 0 0 0 0 0 0 0 0 0 0 0
0 13.4698801040649 13.3783874511719 13.7319993972778 13.5019969940186 13.7283725738525 13.7982549667358 0 0 0 0 0 0 0 0 0 0 0 0 0 0 0 0 0 0 0 0 0 0 0 0 0 0 0 0 0 0 0 0 0 0 0 0 0 0 0 0 0 0 0 0 0 0 0 0 0 0
13.186863899231 12.5398483276367 12.6373338699341 13.6917161941528 12.8729257583618 13.3603162765503 13.6183681488037 13.6250381469727 13.697265625 13.7433185577393 0 0 0 0 0 0 0 0 0 0 0 0 0 0 0 0 0 0 0 0 0 0 0 0 0 0 0 0 0 0 0 0 0 0 0 0 0 0 0 0 0 0 0 0 0 0 0
12.3556861877441 11.3703937530518 11.1857671737671 13.6260585784912 12.9125719070435 12.4412508010864 13.0450506210327 13.2783765792847 12.797477722168 13.6289730072021 13.6643180847168 13.5517158508301 13.4866027832031 13.4126949310303 0 0 0 0 0 0 0 0 0 0 0 0 0 0 0 0 0 0 0 0 0 0 0 0 0 0 0 0 0 0 0 0 0 0 0 0 0 0 0 0 0 0 0
12.863260269165 11.5305147171021 11.6748504638672 11.4571342468262 11.3235216140747 11.701286315918 12.3022346496582 13.4297742843628 12.38157081604 12.5292911529541 13.2304649353027 13.156400680542 13.5442523956299 13.4017972946167 0 0 0 0 12.6462526321411 10.678825378418 10.2883472442627 10.6000156402588 10.9668397903442 12.1888523101807 11.2242412567139 10.5020933151245 8.00939178466797 10.563967704773 8.8568000793457 9.41094017028809 9.76557064056397 8.94687557220459 0 0 0 0 0 0 0 0 0 0 0 0 0 0 0 0 0 0 0 0 0 0 0 0 0
12.199577331543 12.4050407409668 13.3056888580322 10.5929374694824 12.4840135574341 11.3512687683105 10.8910980224609 12.0476865768433 12.6100692749023 12.4015645980835 12.6878662109375 12.8275737762451 12.971305847168 13.4400491714478 13.3191137313843 0 0 12.2511215209961 12.1581916809082 10.6310930252075 11.2146806716919 12.7459516525269 9.85081672668457 11.8819942474365 10.1302671432495 8.58963584899902 11.4547758102417 11.9873943328857 11.3461246490479 11.7496318817139 12.4079351425171 11.9940147399902 12.4491891860962 12.5931787490845 12.510516166687 12.1110620498657 12.7736177444458 0 0 0 0 0 0 0 0 0 0 0 0 0 0 0 0 0 0 0 0
10.9438648223877 10.5268726348877 9.96658992767334 9.02066993713379 11.3653516769409 12.5768642425537 11.5490407943726 9.76265430450439 11.6640625 11.6448125839233 11.8710498809814 12.5472831726074 11.5212030410767 11.9059944152832 12.3586120605469 12.5833015441895 12.9108533859253 12.9575548171997 12.5541582107544 11.9547834396362 11.4348669052124 11.09778881073 12.2806425094604 12.453311920166 12.1645956039429 11.3065357208252 9.19318866729736 10.6141595840454 8.861328125 10.1907520294189 10.8288488388062 10.5152835845947 10.8571996688843 11.4914665222168 10.7919178009033 11.7526416778564 12.129695892334 12.1387386322021 12.8505306243896 0 0 0 0 12.1084594726563 12.227334022522 0 0 0 0 0 0 0 0 0 0 0 0
10.9452047348022 10.4414653778076 9.78586673736572 8.77216720581055 11.3867902755737 12.8315391540527 11.4716844558716 9.60346984863281 11.6154003143311 11.5247974395752 11.9266386032104 12.6917743682861 11.6741771697998 12.0864429473877 12.6438779830933 12.8956422805786 13.1697597503662 13.0532560348511 12.7226047515869 12.232084274292 11.7074871063232 11.4729595184326 12.6665191650391 12.6598310470581 12.5123338699341 11.6424322128296 9.64802360534668 10.9444761276245 9.26257514953613 10.5225715637207 11.153115272522 10.8943328857422 11.1159534454346 11.6411304473877 11.0116205215454 11.7663440704346 12.0104293823242 11.9952020645142 12.6925764083862 12.6482744216919 0 12.4698038101196 12.193039894104 11.9057579040527 12.0298843383789 12.043927192688 11.3232183456421 9.9346170425415 9.80134105682373 12.7423601150513 0 0 0 0 0 0 0
7.62975645065308 9.13655185699463 8.07759666442871 7.53528022766113 7.06047868728638 8.8465404510498 12.1989040374756 12.604175567627 11.8581190109253 11.6837015151978 12.3534231185913 11.8706531524658 12.1773471832275 12.4027814865112 12.7684383392334 13.4627466201782 13.0359907150269 13.5873260498047 13.1149215698242 12.3294343948364 12.2150926589966 12.5436115264893 12.477313041687 12.2984666824341 12.5478258132935 11.554741859436 11.6030941009521 11.3988914489746 11.815821647644 12.2295455932617 12.5768947601318 12.9519290924072 12.4539928436279 12.185754776001 12.3530426025391 12.583104133606 12.622612953186 12.482871055603 12.5019769668579 0 0 11.9208002090454 11.7468748092651 11.4915933609009 11.3667240142822 11.4252195358276 9.98254680633545 10.6083574295044 9.65264415740967 7.69615268707275 11.9269132614136 12.4862251281738 12.2444248199463 12.0233793258667 12.0879583358765 12.1439409255981 12.070987701416
7.58695936203003 7.62456893920898 7.731369972229 10.1919822692871 10.5558462142944 8.19954776763916 9.15210628509522 11.6088275909424 12.6557893753052 11.9211187362671 12.1967992782593 11.7911891937256 13.0692281723022 13.1547069549561 13.2501306533813 13.3231182098389 14.0930185317993 13.5560693740845 12.9167070388794 13.3010540008545 12.9246292114258 12.8441762924194 12.6647605895996 12.1068096160889 12.6168117523193 12.4751014709473 12.2155952453613 12.6181602478027 12.3915576934814 12.1679925918579 11.9057149887085 12.4236602783203 12.4555282592773 12.5615329742432 12.6154165267944 11.479944229126 11.5109176635742 10.8995761871338 11.9317016601562 11.344066619873 11.368857383728 11.7099227905273 11.2480459213257 11.0045766830444 10.8395414352417 10.9031982421875 11.8063697814941 11.1492309570312 10.8384199142456 11.7487306594849 8.84033393859863 11.5200300216675 11.9342451095581 11.8861141204834 11.7335891723633 11.6958322525024 11.8384666442871
10.5311727523804 9.94635772705078 11.9017391204834 12.447470664978 12.4499731063843 12.1729021072388 11.0503454208374 10.8095874786377 12.0855293273926 11.9202260971069 12.7633152008057 12.5580387115479 11.986177444458 12.7962579727173 13.5821437835693 13.7800674438477 13.8969383239746 13.126350402832 13.1027641296387 13.2873992919922 13.1821041107178 13.0178575515747 12.9677495956421 12.8663597106934 12.8397884368896 12.7555351257324 12.7928447723389 12.758734703064 12.7256345748901 12.3429193496704 12.0594549179077 12.0955543518066 11.8080053329468 11.480188369751 11.323052406311 11.329195022583 10.3094167709351 9.50946521759033 10.4129753112793 10.6840991973877 9.76174449920654 11.3212451934814 9.8563871383667 9.92881011962891 9.96816062927246 9.98924922943115 9.58820056915283 10.5556583404541 12.235013961792 12.3456802368164 12.1129322052002 11.3395872116089 11.2791957855225 11.7448453903198 11.6003923416138 11.266110420227 11.0785894393921
12.6247034072876 12.7192430496216 12.6885671615601 13.3502702713013 13.4423513412476 13.5468788146973 13.2919759750366 12.6037969589233 12.1930618286133 13.2411346435547 13.5068645477295 12.3892021179199 12.0499773025513 13.2874317169189 13.3684749603271 13.2675247192383 13.332818031311 13.1108617782593 13.2040367126465 13.2019195556641 13.134256362915 13.050196647644 12.9885663986206 12.9158926010132 12.7180194854736 11.3591842651367 10.7875280380249 11.5005378723145 10.8918647766113 10.9474649429321 10.5934343338013 10.6158971786499 11.0845718383789 10.9926128387451 11.0263404846191 10.5233697891235 10.6362962722778 10.7121429443359 9.35861873626709 10.5591049194336 9.86336040496826 10.0294990539551 8.26566886901855 9.1401252746582 10.1695251464844 10.3876981735229 9.22946357727051 10.0389785766602 8.34553337097168 9.45275974273682 10.8696804046631 11.6390237808228 11.5390348434448 11.181170463562 11.117883682251 11.1619558334351 10.778263092041
11.3953523635864 11.7487907409668 12.4218711853027 13.483907699585 13.631175994873 13.4044189453125 13.3362989425659 12.5676794052124 13.200122833252 12.6712036132812 13.4240875244141 11.8843641281128 11.0396938323975 11.3533754348755 12.3224725723267 12.7934770584106 12.3782424926758 12.7553777694702 13.053973197937 12.941819190979 12.4410181045532 11.8835821151733 11.9531707763672 11.8837022781372 10.1193675994873 8.39986610412598 9.37037944793701 9.39248657226563 8.83752155303955 8.68800258636475 9.42298984527588 10.2648763656616 9.25374603271484 9.80062484741211 10.4502305984497 9.39747428894043 10.4607563018799 10.5211544036865 9.80459976196289 7.58276891708374 7.80553340911865 6.47880220413208 7.2600212097168 9.60283470153809 8.81426239013672 9.21061229705811 7.86430358886719 6.85997629165649 8.4111967086792 7.76835632324219 9.68548011779785 11.3272256851196 11.6800670623779 10.9401531219482 11.089789390564 11.0615463256836 11.0192098617554
6.8921217918396 7.77944803237915 10.5730495452881 11.1824245452881 13.2129096984863 13.0429410934448 13.0934200286865 13.139928817749 13.2603664398193 10.8125171661377 11.3100204467773 10.8988208770752 10.0250368118286 11.1661758422852 12.1597137451172 12.0965089797974 11.7173585891724 11.3811779022217 10.4529228210449 9.59600925445557 9.21804809570312 8.88041591644287 11.2121801376343 10.8465662002563 8.82202243804932 9.98160266876221 9.61836051940918 8.20436954498291 7.49214839935303 7.03357887268066 7.74284029006958 8.90219211578369 8.49764728546143 8.39864158630371 7.91124820709229 8.71099758148193 7.87939929962158 9.40231990814209 9.06327819824219 7.73976802825928 6.94683742523193 6.24121952056885 8.23332977294922 8.90845489501953 7.52374172210693 7.73428392410278 6.06219339370728 8.09455108642578 6.66401672363281 6.97449731826782 9.39116477966309 10.6467018127441 11.7978963851929 10.6431579589844 10.3929967880249 10.7942533493042 10.8650598526001
9.85266494750977 9.19643497467041 9.00387382507324 9.3217716217041 10.3660049438477 11.9133195877075 10.6668510437012 11.2963171005249 9.61643695831299 10.0600776672363 10.7952394485474 11.5088405609131 11.8549766540527 12.2221517562866 12.0274124145508 11.8454647064209 11.052074432373 10.6962022781372 10.2608919143677 8.73889636993408 8.71968078613281 8.58659744262695 9.25583362579346 9.2135534286499 9.40502834320068 9.94656944274902 7.7897744178772 7.31832504272461 8.38150405883789 8.28587341308594 6.60861206054687 6.1643214225769 6.00745964050293 7.28332328796387 5.19363069534302 6.62803173065186 6.14204216003418 5.40878105163574 9.16881561279297 7.961989402771 9.48801326751709 10.0705947875977 9.10949993133545 7.16341114044189 7.15447807312012 7.45956039428711 9.53356838226318 7.59693765640259 7.12495374679565 7.89954519271851 9.25720977783203 9.30650806427002 11.4783782958984 9.64718914031982 9.31812763214111 10.1267604827881 10.4881772994995
13.9923324584961 13.9932641983032 12.0269107818604 11.1732120513916 10.0850849151611 10.0245418548584 13.2254724502563 12.1794309616089 12.095627784729 12.977032661438 12.4846897125244 12.9111766815186 12.3133525848389 12.3204917907715 12.6960372924805 12.0552625656128 12.0850639343262 12.2195520401001 11.7265911102295 11.3955240249634 11.443416595459 10.9165019989014 9.44521141052246 9.75495338439941 9.81739521026611 8.39662551879883 8.83934116363525 8.56985759735107 9.83016109466553 8.93956089019775 8.12968730926514 6.42103242874146 8.26420593261719 6.49595642089844 7.73600673675537 8.05016994476318 5.35696220397949 6.64470338821411 5.46493101119995 7.38607931137085 10.6092882156372 9.54028701782227 9.48821353912354 9.75994205474854 8.56656646728516 8.96326446533203 10.2800016403198 11.3355550765991 8.78374099731445 6.78297090530396 5.92649173736572 7.89128828048706 8.26153755187988 6.32868671417236 9.35968494415283 9.04238986968994 9.97864055633545
14.0156393051147 14.027117729187 13.8682413101196 12.8965682983398 12.1824197769165 13.8319807052612 12.6852912902832 13.3041019439697 13.3629512786865 13.0931539535522 13.2524118423462 12.8828754425049 12.9271535873413 12.5216445922852 12.5971794128418 12.5891103744507 12.2299060821533 12.4688529968262 12.2579984664917 11.0986919403076 11.190354347229 11.4376230239868 10.9113187789917 10.4321746826172 9.20393657684326 9.1864652633667 9.13179111480713 10.4444799423218 9.75336170196533 9.32018661499023 9.27405166625977 10.6124086380005 11.2357082366943 11.2237329483032 10.5297393798828 9.00677013397217 10.9124736785889 9.27959442138672 9.99777412414551 9.02999877929688 8.40202331542969 10.084924697876 10.0818719863892 9.09861755371094 9.5489501953125 9.91327285766602 9.78490161895752 9.2421350479126 8.00364398956299 8.25033283233643 6.03073787689209 10.4137439727783 4.06807899475098 4.1545877456665 4.75008201599121 8.11560249328613 8.31073665618897
13.386082649231 13.971923828125 14.0091905593872 13.7031097412109 13.2845020294189 12.3431882858276 13.423975944519 12.4473400115967 12.3909893035889 13.3183908462524 12.9929294586182 13.1634368896484 12.9354295730591 12.7381563186646 12.3467817306519 11.8102655410767 11.8750915527344 12.0178527832031 12.0814113616943 12.1435375213623 11.788161277771 11.0521688461304 11.488018989563 10.7024412155151 10.0264959335327 10.2893772125244 10.7285995483398 9.77266311645508 10.0573787689209 10.6686887741089 9.42919731140137 10.2562828063965 10.8254585266113 8.88788509368897 9.69227600097656 10.487114906311 9.28195858001709 10.7324953079224 9.8813943862915 7.78604364395142 7.74461317062378 9.92680072784424 6.95450639724731 6.94747495651245 8.09763240814209 8.44093608856201 8.71490383148193 8.07921028137207 9.42497444152832 5.0733642578125 6.47957563400269 7.80208492279053 3.94599795341492 6.40688276290894 10.0089302062988 6.86517429351807 5.29758834838867
13.2130126953125 12.7958345413208 12.0395612716675 11.8048162460327 11.3046245574951 10.9780540466309 12.787841796875 11.3703956604004 11.751932144165 12.8925037384033 13.0425777435303 13.110746383667 12.6218452453613 12.4374132156372 13.0408172607422 11.6143054962158 11.2758560180664 12.4758148193359 11.6649761199951 11.6665697097778 10.5843801498413 10.7254028320312 11.0949172973633 11.2837085723877 10.2355766296387 9.92411708831787 11.4173221588135 10.5502662658691 9.63959217071533 9.29856967926025 10.4595832824707 11.0239562988281 9.21190071105957 10.6196975708008 7.95286083221436 10.5847387313843 9.30243968963623 9.22257709503174 7.55395317077637 8.94259452819824 10.062912940979 5.69776105880737 6.67571020126343 8.47254848480225 9.20397853851318 9.70735168457031 9.6782169342041 7.93185520172119 5.69259548187256 6.50932502746582 8.34855556488037 7.85454893112183 8.63938903808594 8.63321399688721 8.71767902374268 7.94643115997314 8.3067741394043
13.8145942687988 13.2075462341309 11.2045907974243 11.9705839157104 12.677170753479 12.6531171798706 11.0872259140015 12.0290603637695 13.1582546234131 11.7468700408936 13.0698728561401 13.3025808334351 12.8967800140381 12.6352233886719 12.1983489990234 12.7939901351929 11.1670074462891 11.0491781234741 11.4278144836426 11.7970695495605 10.9160480499268 10.9401712417603 10.5282669067383 11.0456056594849 10.3747730255127 9.33802318572998 10.0257034301758 10.3346033096313 10.9691371917725 9.67323303222656 10.9565420150757 9.15399551391602 11.2215614318848 11.1328144073486 9.96045684814453 10.4152765274048 8.79425239562988 7.4217734336853 10.0238733291626 8.0411319732666 9.15792369842529 9.42636108398438 8.71541786193848 6.63158750534058 9.65686130523682 9.9944429397583 8.66175842285156 6.76664018630982 7.24583387374878 8.82195663452148 7.92679643630982 10.0547780990601 8.88850116729736 8.77068996429443 9.96978187561035 6.59108304977417 6.88220548629761
11.7022933959961 12.3006534576416 12.0819244384766 11.3594970703125 11.5214109420776 11.0148057937622 12.6989221572876 13.6854228973389 13.5944633483887 13.3248643875122 12.6225519180298 13.8435020446777 13.5865097045898 13.2258882522583 12.3443174362183 12.3040151596069 12.7227954864502 12.2209348678589 11.1080169677734 11.0375919342041 11.55126953125 12.2714490890503 11.4914398193359 10.869140625 11.6693229675293 9.07325267791748 10.8110609054565 11.833890914917 11.6367959976196 11.2067947387695 9.415846824646 10.5958814620972 11.4539880752563 10.7442598342896 9.42491245269775 10.7525777816772 6.70685815811157 9.36414623260498 10.5200624465942 10.1630506515503 10.0247116088867 8.75472545623779 9.96810913085938 6.89808177947998 7.12705135345459 7.34649705886841 7.80555009841919 8.87825775146484 6.96433067321777 5.98281574249268 7.04284048080444 9.45913505554199 10.0496435165405 9.32387638092041 10.9217252731323 10.1883821487427 8.36376285552979
13.3046102523804 12.8176469802856 13.0903739929199 12.1925182342529 11.7571859359741 12.9003105163574 12.5770463943481 13.3009691238403 12.8850517272949 13.3210096359253 13.7421741485596 13.5369005203247 13.9596614837646 13.3585557937622 12.7785320281982 12.7965030670166 12.8124189376831 12.5939636230469 11.7084922790527 10.5862760543823 12.4047832489014 11.788010597229 12.3500938415527 11.5761137008667 12.1246700286865 10.6021890640259 9.10654163360596 12.0142049789429 10.8690166473389 10.4002676010132 9.2605094909668 10.0683927536011 10.4918642044067 11.3188962936401 10.317497253418 9.46973705291748 8.15134429931641 11.44935131073 11.0788621902466 8.36039638519287 9.44733715057373 10.9934329986572 9.53755760192871 9.09310817718506 6.87509346008301 6.85018157958984 7.79223966598511 7.93573188781738 5.68401527404785 10.7031917572021 7.82128667831421 6.4021520614624 8.62823104858398 10.8410587310791 8.10199356079102 9.37335968017578 6.55462598800659
13.8015556335449 13.4471950531006 13.175500869751 12.8365831375122 9.20884799957275 12.6362199783325 12.0501642227173 13.849250793457 14.4842977523804 13.2279262542725 13.3594188690186 13.7469644546509 13.6009941101074 13.6533050537109 13.1937084197998 12.2581453323364 12.9360733032227 12.6652793884277 12.4336805343628 10.6011037826538 10.1389589309692 12.2326793670654 11.8908252716064 11.8301553726196 11.8658666610718 10.5982532501221 10.6866779327393 11.140380859375 10.9220809936523 11.2288818359375 10.8106441497803 9.6815242767334 9.50193595886231 9.65181541442871 11.8924055099487 10.1953420639038 11.5022230148315 10.2639846801758 6.62261199951172 7.4331316947937 9.66198921203613 9.20376110076904 10.2113361358643 11.7416801452637 9.11249256134033 8.76115226745606 9.04203796386719 8.2398853302002 7.58582305908203 6.44141864776611 8.12479114532471 11.195671081543 5.749342918396 5.87175846099854 8.61788558959961 5.0061092376709 7.99955034255981
11.05202293396 10.9753303527832 12.8303689956665 12.9936838150024 10.8120040893555 9.88334083557129 13.6883335113525 12.942081451416 12.8811187744141 13.7578229904175 13.7174463272095 14.0080614089966 13.3753213882446 13.4182558059692 12.5910301208496 13.5994281768799 13.1712951660156 12.0518131256104 11.9151315689087 12.9990139007568 11.5543365478516 10.7617511749268 11.5843353271484 11.9951238632202 10.2269477844238 9.84839153289795 12.1895389556885 11.6666803359985 10.5482892990112 11.6440315246582 10.6699047088623 11.2992448806763 10.786021232605 11.1018362045288 11.58962059021 8.33018779754639 9.97309017181396 7.34896945953369 9.2049560546875 10.4184131622314 11.2290344238281 9.80401420593262 10.0371513366699 9.73038768768311 11.945122718811 11.8388605117798 9.00381946563721 8.00146770477295 7.02429008483887 8.59467697143555 10.0807094573975 7.86108827590942 10.9090042114258 5.5888147354126 8.9739294052124 5.30062675476074 7.14399671554565
11.5462551116943 10.8686084747314 10.225546836853 12.9000568389893 10.3749980926514 10.3040657043457 13.0462665557861 14.273627281189 13.4876079559326 12.5157909393311 14.1778430938721 13.9806604385376 13.3480291366577 13.8131504058838 13.1912937164307 13.325740814209 12.893798828125 12.9765319824219 13.1096153259277 11.9806203842163 13.0591335296631 12.4462566375732 12.198823928833 11.4420776367187 9.85607814788818 11.0844974517822 12.9372701644897 12.3740615844727 12.6571416854858 11.6530199050903 10.9630498886108 11.2640886306763 12.153881072998 12.5222873687744 10.4301557540894 7.47457599639893 10.5827198028564 8.81676006317139 8.14719772338867 7.34284114837646 7.86694240570068 9.03856182098389 6.3471851348877 10.4209022521973 11.1891164779663 10.6511859893799 8.48107147216797 9.02876472473145 6.07625675201416 6.11678600311279 8.2235221862793 10.2328500747681 10.6925315856934 6.88961887359619 11.653865814209 5.65773344039917 10.0597076416016
